The coordinates (x,y) of 2D-vertices arranged in clockwise direction
Task :    1
Hull    1
   -0.2647000000E+00    0.5360000000E-01
    0.1591000000E+00    0.9720000000E-01
    0.2104000000E+00    0.1008790200E+00
    0.5172000000E+00    0.1178020800E+00
    0.1068000000E+01    0.1481721500E+00
    0.1052000000E+01    0.0000000000E+00
    0.3300000000E-02   -0.5295490000E-01
Hull    2
   -0.2893000000E+00    0.7300000000E-01
   -0.2719000000E+00    0.1125000000E+00
    0.9670000000E-01    0.8238087000E+00
    0.1307000000E+00    0.5808052800E+00
    0.7200000000E-01    0.8586072000E-01
    0.6860000000E-01    0.6351642000E-01
    0.3720000000E-01    0.0000000000E+00
    0.3590000000E-01    0.0000000000E+00
    0.3360000000E-01    0.0000000000E+00
    0.1600000000E-02    0.0000000000E+00
    0.1600000000E-02    0.0000000000E+00
   -0.2700000000E-02    0.0000000000E+00
   -0.2553000000E+00    0.5040288000E-01
