Materials	feature1	feature2	feature3	feature4	feature5	feature6	feature7	feature8	feature9	feature10	feature11	feature12	feature13	feature14	feature15	feature16	feature17	feature18	feature19	feature20	feature21	feature22	feature23	feature24
sample1_group1	0.0000	0.0000	0.0000	0.0000	0.0000	0.0000	0.0000	0.0000	0.0000	0.0000	0.0000	0.0000	0.0000	0.0000	0.0000	0.0000	0.0000	0.0000	0.0000	0.0000	1.0000	1.0000	0.9783	1.0000
sample2_group1	0.0000	0.0000	0.0000	0.0000	0.0000	0.0000	0.0000	0.0000	0.0000	0.0000	0.0000	0.0000	0.0000	0.2414	0.0000	0.0000	0.0000	0.1777	0.0000	0.4991	0.9425	0.5487	0.9410	1.0000
sample3_group1	0.0000	0.0000	0.0000	0.0000	0.0000	0.0000	0.0000	0.0000	0.0000	0.0000	0.0000	0.0000	0.0000	0.7816	0.0977	0.0000	0.7326	0.3805	0.0000	0.6772	0.1967	0.3460	0.3956	0.4727
sample4_group1	0.0000	0.0000	0.0000	0.0000	1.0000	0.0000	0.0000	0.0000	0.0000	0.0000	0.0000	0.0000	0.0000	0.3908	0.0000	0.0131	0.3605	0.4366	0.0000	0.4503	0.9480	0.7985	1.0000	0.9998
sample5_group1	0.0000	0.0000	0.0000	0.0000	0.0000	1.0000	0.0000	0.0000	0.0000	0.0000	0.0000	0.0000	0.0000	0.4885	0.0452	0.0046	0.3372	1.0000	0.0000	0.6513	0.9036	0.6418	0.9528	0.9999
sample6_group1	0.0000	0.0000	0.0000	0.0000	0.0000	0.0000	1.0000	0.0000	0.0000	0.0000	0.0000	0.0000	0.0000	0.7356	0.0326	0.0022	0.4535	0.4058	0.0000	0.5735	0.6513	0.5255	0.8847	0.5338
sample7_group1	0.0000	0.0000	0.0000	0.0000	0.0000	0.0000	0.0000	0.0000	0.0000	0.0000	0.0000	0.0000	0.0000	0.0632	0.0641	0.3947	0.0000	0.1330	0.1777	0.1295	0.9682	0.7734	0.9588	0.2232
sample8_group1	0.0000	0.0000	0.0000	0.0000	0.0000	0.0000	0.0000	0.0000	0.0000	0.0000	0.0000	0.0000	0.0000	0.1897	0.0836	0.3083	0.7326	0.0949	0.3807	0.1787	0.7253	0.7263	0.7804	0.0882
sample9_group1	0.0000	0.0000	0.0000	0.0000	0.0000	0.0000	0.0000	0.0000	0.0000	0.0000	0.0000	0.0000	0.0000	0.5575	0.1398	0.2167	0.7326	0.2851	0.3807	0.5157	0.1806	0.5530	0.4810	0.2771
sample10_group1	0.0000	0.0000	0.0000	0.0000	0.0000	0.0000	0.0000	0.0000	0.0000	0.0000	0.0000	0.0000	0.0000	0.3851	0.0336	1.0000	0.7326	0.2280	0.2030	0.5612	0.7075	0.4372	0.7409	0.5713
sample11_group1	0.0000	0.0000	0.0000	0.0000	0.0000	0.0000	0.0000	0.0000	0.0000	0.0000	0.0000	0.0000	0.0000	0.6552	0.0578	0.9532	0.7326	0.3294	0.2030	0.6351	0.1622	0.5377	0.4810	0.2713
sample12_group1	0.0000	0.0000	0.0000	0.0000	0.0000	0.0000	0.0000	0.0000	0.0000	0.0000	0.0000	0.0000	0.0000	0.3851	0.0268	0.3357	0.7326	0.2724	0.3807	0.5588	0.1051	0.8280	0.1500	0.4205
sample13_group1	0.0000	0.0000	0.0000	0.6667	0.0000	0.0000	0.0000	0.0000	0.0000	0.0000	0.0000	0.0000	0.0000	0.4943	0.1245	0.3081	0.6395	0.3738	0.4543	0.5593	0.7365	0.4835	0.8506	0.5324
sample14_group1	0.0000	0.0000	0.0000	0.0000	0.2500	0.0000	0.0000	0.0000	0.0000	0.0000	0.0000	0.0000	0.0000	0.2989	0.0799	0.2325	0.3605	0.2420	0.2589	0.4788	0.8432	0.6371	0.8848	0.6463
sample15_group1	0.0000	0.0000	0.0000	0.0000	0.7500	0.0000	0.0000	0.0000	0.0000	0.0000	0.0000	0.0000	0.0000	0.3563	0.0604	0.1691	0.3605	0.3713	0.2589	0.4593	0.8784	0.6838	0.9418	0.4085
sample16_group1	0.0000	0.0000	0.0000	0.0000	0.0000	0.0000	0.0000	0.2500	0.0000	0.0000	0.0000	0.0000	0.0000	0.4368	0.0767	0.4680	0.3605	0.2863	0.4365	0.5885	0.8098	0.4462	0.8756	0.3586
sample17_group1	0.0000	0.0000	0.0000	0.0000	0.0000	0.0000	0.0000	0.5000	0.0000	0.0000	0.0000	0.0000	0.0000	0.6207	0.1161	0.4911	0.3605	0.3966	0.5051	0.7117	0.8193	0.4615	0.8747	0.1965
sample18_group1	0.0000	0.0000	0.0000	0.0000	0.0000	0.0000	0.0000	0.0000	0.0000	1.0000	0.0000	0.0000	0.0000	0.2989	0.0504	0.2178	0.4070	0.2344	0.2284	0.5344	0.8617	0.6092	0.8606	0.6383
sample19_group1	0.0000	0.0000	0.0000	0.0000	0.0000	0.0000	0.0000	0.0000	0.0000	0.0000	0.0000	0.0000	0.0000	0.7989	0.1377	0.0180	0.7326	0.3738	0.0254	0.7533	0.1619	0.0432	0.3723	0.4879
sample20_group1	1.0000	0.0000	0.0000	0.0000	0.0000	0.0000	0.0000	0.0000	0.0000	0.0000	0.0000	0.0000	0.0000	0.7874	0.0946	0.1450	0.7326	0.4372	0.2284	0.6994	0.1220	0.2926	0.3357	0.4767
sample21_group1	0.0000	1.0000	0.0000	0.0000	0.0000	0.0000	0.0000	0.0000	0.0000	0.0000	0.0000	0.0000	0.0000	0.7874	0.0599	0.2489	0.7326	0.4892	0.4365	0.7987	0.0463	0.3967	0.3740	0.5543
sample22_group1	0.0000	0.0000	0.0000	0.0000	0.0000	0.0000	0.0000	0.0000	0.0000	0.0000	0.0000	0.0000	0.0000	0.7874	0.0904	0.2464	0.7326	0.4245	0.1777	0.6971	0.0000	0.3064	0.4410	0.7520
sample23_group1	0.0000	0.0000	0.0000	0.0000	0.0000	0.0000	0.0000	0.0000	0.0000	0.0000	0.0000	0.0000	0.0000	0.6264	0.0536	0.1566	1.0000	0.3332	0.1904	0.5960	0.2647	0.0204	0.0000	0.2541
sample24_group1	0.0000	0.0000	1.0000	0.0000	0.0000	0.0000	0.0000	0.0000	0.0000	0.0000	0.0000	0.0000	0.0000	0.7931	0.0578	0.0087	1.0000	0.3776	0.0127	0.7197	0.1419	0.3617	0.4230	0.2274
sample25_group1	0.0000	0.0000	0.0000	0.3333	0.0000	0.0000	0.0000	0.0000	0.0000	0.0000	0.0000	0.0000	0.0000	0.7701	0.0836	0.2027	0.7326	0.4283	0.1904	0.6603	0.5504	0.3920	0.6227	0.5611
sample26_group1	0.0000	0.0000	0.0000	1.0000	0.0000	0.0000	0.0000	0.0000	0.0000	0.0000	0.0000	0.0000	0.0000	0.7184	0.1640	0.1339	0.7326	0.5234	0.1904	0.6455	0.8906	0.5774	0.9335	0.6648
sample27_group1	0.0000	0.0000	0.0000	0.0000	0.0000	0.0000	0.5000	0.0000	0.0000	0.0000	0.0000	0.0000	0.0000	0.7586	0.0662	0.0227	0.7326	0.3928	0.0279	0.6282	0.3458	0.2113	0.6584	0.7325
sample28_group1	0.0000	0.0000	0.0000	0.6667	0.0000	0.0000	0.0000	0.0000	0.0000	0.0000	0.0000	0.0000	0.0000	0.7471	0.3805	0.0945	0.7326	0.4752	0.2208	0.6533	0.7992	0.4305	0.8579	0.6841
sample29_group1	0.0000	0.0000	0.0000	0.0000	0.0000	0.0000	0.0000	0.0000	0.0000	1.0000	0.0000	0.0000	0.0000	0.2989	0.0893	0.2511	0.4070	0.2787	0.2386	0.6422	0.8460	0.3421	0.8493	0.4265
sample30_group1	0.0000	0.0000	0.0000	0.0000	0.0000	0.0000	0.0000	0.0000	0.0000	0.0000	0.0000	0.0000	0.0000	0.6494	0.0147	0.2540	0.7326	0.3738	0.3122	0.6369	0.1494	0.0856	0.0135	0.7094
sample31_group1	0.0000	0.0000	0.0000	0.0000	0.0000	0.0000	0.0000	0.0000	0.0000	0.0000	0.0000	0.0000	0.0000	0.5000	0.1056	0.2758	1.0000	0.2825	0.2284	0.5571	0.3112	0.1048	0.1621	0.3529
sample32_group1	0.0000	0.0000	0.0000	0.3333	0.0000	0.0000	0.0000	0.0000	0.0000	0.0000	0.0000	0.0000	0.0000	0.5000	0.1487	0.3252	0.7326	0.3269	0.3782	0.5793	0.4400	0.5086	0.6145	0.3607
sample33_group1	0.0000	0.0000	0.0000	0.3333	0.0000	0.0000	0.0000	0.0000	0.0000	0.0000	0.0000	0.0000	0.0000	0.6264	0.1608	0.0913	0.7326	0.3776	0.3198	0.6207	0.4523	0.5994	0.6362	0.4302
sample34_group1	0.0000	0.0000	1.0000	0.0000	0.0000	0.0000	0.0000	0.0000	0.0000	0.0000	0.0000	0.0000	0.0000	0.3908	0.1004	0.2256	1.0000	0.2280	0.1878	0.5388	0.6464	0.2922	0.7270	0.5457
sample35_group1	0.0000	0.0000	0.0000	0.3333	0.0000	0.2500	0.0000	0.0000	0.0000	0.0000	0.0000	0.0000	0.0000	0.6897	0.0683	0.3127	0.7326	0.5830	0.5838	0.6529	0.3856	0.4262	0.7858	0.4964
sample36_group1	0.0000	0.0000	0.0000	0.3333	0.2500	0.0000	0.0000	0.0000	0.0000	0.0000	0.0000	0.0000	0.0000	0.4080	0.1576	0.2932	0.6395	0.3409	0.3909	0.5162	0.7035	0.4811	0.8563	0.5703
sample1_group2	0.0000	0.0000	0.0000	0.0000	0.0000	0.0000	0.0000	0.0000	0.0000	0.0000	0.0000	0.0000	0.0000	0.8678	0.0000	0.0052	0.0000	0.3556	0.0000	0.9755	0.8642	0.0000	0.9131	0.2361
sample2_group2	0.0000	0.0000	0.0000	0.0000	0.0000	0.0000	0.0000	1.0000	0.0000	0.0000	0.0000	0.0000	0.0000	0.9885	0.1350	0.0104	0.3605	0.6144	0.0000	0.9244	0.8467	0.5217	0.8670	0.7055
sample3_group2	0.0000	0.0000	0.0000	0.0000	0.0000	0.0000	0.0000	0.0000	0.0000	0.0000	0.0000	0.0000	0.0000	0.0920	0.0857	0.3028	0.0000	0.0886	0.2056	0.2628	0.9476	0.6012	0.9492	0.1079
sample4_group2	0.0000	0.0000	0.0000	0.0000	0.0000	0.0000	0.0000	0.0000	0.0000	0.0000	0.0000	0.0000	0.0000	0.1897	0.0646	0.1932	0.0000	0.1330	0.1777	0.3863	0.9453	0.5876	0.9426	0.1279
sample5_group2	0.0000	0.0000	0.0000	0.0000	0.0000	0.0000	0.0000	0.0000	0.0000	0.0000	0.0000	0.0000	0.0000	0.1552	1.0000	0.6786	0.0000	0.0886	0.3553	0.2628	0.9476	0.6012	0.9492	0.1079
sample6_group2	0.0000	0.0000	0.0000	0.0000	0.0000	0.0000	0.0000	0.0000	0.0000	0.0000	0.0000	0.0000	0.0000	0.3908	0.1098	0.1671	0.0000	0.1773	0.4112	0.5061	0.8819	0.0826	0.9178	0.0224
sample7_group2	0.0000	0.0000	0.0000	0.0000	0.0000	0.0000	0.0000	0.0000	0.0000	0.0000	0.0000	0.0000	0.0000	0.3621	0.1172	0.5273	0.7326	0.1900	0.4396	0.3476	0.3470	0.4160	0.4190	0.0763
sample8_group2	0.0000	0.0000	0.0000	0.0000	0.0000	0.0000	0.0000	0.0000	0.0000	0.0000	1.0000	0.0000	0.0000	0.3908	0.0867	0.3498	0.7326	0.2725	0.3815	0.6585	0.7037	0.4885	0.7723	0.4186
sample9_group2	0.0000	0.0000	0.0000	0.0000	0.0000	0.0000	0.0000	0.0000	0.0000	0.0000	0.0000	0.0000	0.0000	0.7989	0.1214	0.0209	0.7326	0.3681	0.0279	0.8219	0.4575	0.0789	0.4660	0.3805
sample10_group2	0.0000	0.0000	0.0000	0.0000	0.0000	0.0000	0.0000	0.7500	0.0000	0.0000	0.0000	0.0000	0.0000	0.8908	0.1482	0.1096	0.7326	0.6005	0.0571	0.8756	0.3929	0.7666	0.1262	0.2000
sample11_group2	0.0000	0.0000	0.0000	0.0000	0.0000	0.0000	0.0000	0.0000	0.3333	0.0000	0.0000	0.0000	0.0000	0.4598	0.1030	0.7987	0.3372	0.4283	1.0000	0.6601	0.8437	0.3876	0.8971	0.2287
sample12_group2	0.0000	0.0000	0.0000	0.0000	0.7500	0.0000	0.0000	0.0000	0.0000	0.0000	0.0000	0.0000	0.0000	0.4943	0.0462	0.0783	0.7326	0.4220	0.0558	0.5108	0.7414	0.6879	0.7529	0.6315
sample13_group2	0.0000	0.0000	0.0000	0.0000	0.0000	0.0000	0.0000	0.0000	0.0000	0.0000	0.0000	0.0000	0.0000	0.5115	0.1009	0.2819	0.7326	0.3675	0.4391	0.6113	0.4671	0.2697	0.3405	0.5284
sample14_group2	0.0000	0.0000	1.0000	0.0000	0.0000	0.0000	0.0000	0.0000	0.0000	0.0000	0.0000	0.0000	0.0000	0.2989	0.0673	0.2297	1.0000	0.2255	0.4772	0.5755	0.8228	0.5549	0.8722	0.5680
sample15_group2	0.0000	0.0000	0.0000	0.0000	0.0000	0.0000	0.0000	0.0000	1.0000	0.0000	0.0000	0.0000	0.0000	1.0000	0.1245	0.2871	0.7326	0.9785	0.7970	1.0000	0.7814	0.3058	0.8781	0.2148
sample16_group2	0.0000	0.0000	0.0000	0.0000	0.0000	0.0000	0.0000	0.0000	0.6667	0.0000	0.0000	0.0000	0.0000	0.9310	0.1261	0.5168	0.7326	0.7794	0.9213	0.8845	0.5229	0.0463	0.6536	0.1218
sample17_group2	0.0000	0.0000	0.0000	0.0000	0.0000	0.0000	0.0000	0.0000	0.3333	0.0000	0.0000	0.0000	0.0000	0.8621	0.1345	0.5012	0.7326	0.5792	0.7995	0.7820	0.5854	0.2989	0.4957	0.2280
sample18_group2	0.0000	0.0000	0.0000	0.0000	0.0000	0.0000	0.0000	0.0000	0.0000	0.0000	0.0000	0.0000	0.0000	0.2586	0.0688	0.5638	0.7326	0.1839	0.5266	0.3177	0.4284	0.8710	0.1731	0.0000
sample19_group2	0.0000	0.0000	0.0000	0.0000	0.0000	0.0000	0.0000	0.0000	0.0000	0.0000	0.0000	0.0000	0.0000	0.4368	0.0652	0.3915	1.0000	0.2375	0.2198	0.4279	0.4496	0.2990	0.3167	0.3939
sample20_group2	0.0000	0.0000	0.0000	0.0000	0.0000	0.0000	0.0000	0.0000	0.0000	0.0000	0.0000	0.0000	0.0000	0.5402	0.0883	0.3393	0.7326	0.3172	0.2066	0.6875	0.4128	0.7989	0.1463	0.6101
sample21_group2	0.0000	0.0000	0.0000	0.0000	0.0000	0.0000	0.0000	0.0000	0.0000	0.0000	0.0000	0.0000	0.0000	0.3161	0.0783	0.3132	0.7326	0.1839	0.3112	0.4297	0.7110	0.4550	0.7602	0.0770
sample22_group2	0.0000	0.0000	0.0000	0.0000	0.0000	0.0000	0.0000	0.0000	0.0000	0.0000	0.0000	0.0000	0.0000	0.3218	0.0709	0.4333	0.7326	0.2283	0.4708	0.4358	0.4224	0.8503	0.1611	0.1104
sample23_group2	0.0000	0.0000	1.0000	0.0000	0.0000	0.0000	0.0000	0.0000	0.0000	0.0000	0.0000	0.0000	0.0000	0.3276	0.0904	0.3080	1.0000	0.1809	0.3010	0.4643	0.8158	0.5900	0.8642	0.0768
sample24_group2	0.0000	0.0000	0.0000	0.0000	0.0000	0.0000	0.0000	0.0000	0.0000	0.0000	0.0000	1.0000	0.0000	0.2816	0.1119	0.4281	0.9651	0.2255	0.4594	0.4710	0.5794	0.8278	0.5364	0.3122
sample25_group2	0.0000	0.0000	0.0000	0.0000	0.0000	0.0000	0.0000	0.0000	0.0000	0.0000	0.0000	0.0000	0.0000	0.6724	0.1030	0.1462	0.7326	0.3231	0.0279	0.7061	0.4376	0.0553	0.4199	0.5238
sample26_group2	0.0000	0.0000	0.0000	0.0000	0.0000	0.0000	0.0000	0.0000	0.0000	0.0000	0.0000	0.0000	0.0000	0.5460	0.0893	0.2715	0.7326	0.2724	0.2208	0.6759	0.6840	0.1515	0.7345	0.3730
sample27_group2	0.0000	0.0000	0.0000	0.0000	0.0000	0.0000	0.0000	0.0000	0.0000	0.0000	0.0000	0.0000	0.0000	0.3793	0.0725	0.2245	1.0000	0.2315	0.1980	0.5023	0.5817	0.3222	0.4474	0.5573
sample28_group2	0.0000	0.0000	0.0000	0.0000	0.0000	0.0000	0.0000	0.0000	0.0000	0.0000	0.0000	0.0000	0.0000	0.5115	0.1361	0.1671	1.0000	0.3269	0.1832	0.6720	0.3658	0.0785	0.1716	0.4000
sample29_group2	0.0000	0.0000	0.0000	0.0000	0.0000	0.0000	0.0000	0.0000	0.0000	0.0000	0.0000	0.0000	0.0000	0.3103	0.0730	0.3080	1.0000	0.1875	0.3122	0.3853	0.6138	0.3728	0.3245	0.0661
sample30_group2	0.0000	0.0000	1.0000	0.0000	0.0000	0.0000	0.0000	0.0000	0.0000	0.0000	0.0000	0.0000	0.0000	0.3218	0.0956	0.3080	1.0000	0.1837	0.3020	0.4220	0.7182	0.3359	0.7671	0.0765
