        Rank        RMSE       MaxAE  Feature_ID
           1    3.075676    6.045323  (    9115   10014)
           2    3.129629    6.032125  (    9115   10682)
           3    3.151044    7.927694  (       5   10318)
           4    3.152641    7.482704  (       5   10012)
           5    3.173199    6.496421  (    1308   10014)
           6    3.182660    7.770837  (       5   10838)
           7    3.192691    6.290349  (    1176   18108)
           8    3.197972    6.270093  (    1451   19533)
           9    3.202245    6.434488  (    9281   11322)
          10    3.204138    7.647654  (       5   11017)
          11    3.212310    6.366131  (    7915   11322)
          12    3.221958    7.303118  (      20   18108)
          13    3.225800    8.047669  (       5   10927)
          14    3.226588    6.630908  (    1308   10682)
          15    3.229926    7.371822  (       3   10007)
          16    3.231569    7.322053  (      19   18108)
          17    3.238277    8.686136  (    1541   18108)
          18    3.238704    7.476636  (    1192   14837)
          19    3.239874    7.554591  (    1192   11031)
          20    3.245130    8.693832  (    1528   18108)
          21    3.246225    7.922394  (       5   12209)
          22    3.251407    6.391854  (    8687   10014)
          23    3.258474    7.530544  (      10   10007)
          24    3.259688    7.871537  (       5   15743)
          25    3.262102    7.396093  (     563   13096)
          26    3.262136    7.873801  (       5   16245)
          27    3.263165    6.332685  (    9281   15393)
          28    3.264029    7.990365  (       5   19757)
          29    3.268281    6.747935  (     902   18108)
          30    3.270583    6.405622  (    7915   15393)
          31    3.270755    7.966748  (       5   15003)
          32    3.271959    9.970112  (    2593   10682)
          33    3.272715    8.140424  (       5   10273)
          34    3.272776    7.630811  (       5   12304)
          35    3.273196    7.937598  (      41   18108)
          36    3.273532    6.921716  (    8869   15820)
          37    3.274050    7.553988  (     563   18094)
          38    3.274912    7.276827  (       5   10022)
          39    3.275169    8.114693  (       5   18108)
          40    3.276030    6.328033  (    9670   10014)
          41    3.276817    7.815404  (       5   11129)
          42    3.279298    7.652509  (       5   10662)
          43    3.280160    7.132516  (    9115   19533)
          44    3.280585    7.462191  (       5   10005)
          45    3.284133    7.768689  (       5   11449)
          46    3.286920    8.014501  (       5   13428)
          47    3.287897    7.835985  (      23   10007)
          48    3.288984    8.309326  (     473   10667)
          49    3.291836    7.827764  (     262   11449)
          50    3.293121    7.856387  (       5   19515)
          51    3.295214    7.293756  (       1   10007)
          52    3.297978    7.957297  (       5   11367)
          53    3.298221    7.762609  (       5   12070)
          54    3.299289    7.337936  (       1   10139)
          55    3.299378    7.420618  (     473   18094)
          56    3.301344    6.800970  (    1308   19533)
          57    3.302927    7.935781  (       1   10001)
          58    3.304102    7.095416  (       5   10033)
          59    3.304254    6.057824  (    6127   10682)
          60    3.305038    7.348422  (       1   10039)
          61    3.305796    7.942783  (       1   10002)
          62    3.307760    7.997696  (       5   16475)
          63    3.308814    7.566669  (       5   10032)
          64    3.308971    7.486970  (     473   13096)
          65    3.309245   10.106831  (    2593   19533)
          66    3.312343    7.999539  (       5   16766)
          67    3.313619    8.731962  (    1135   18108)
          68    3.315031    7.403116  (       1   10109)
          69    3.315511    7.420185  (       1   10034)
          70    3.318423    7.739414  (    1744   11031)
          71    3.318826    6.687176  (       5   15820)
          72    3.320023    7.605539  (       5   10175)
          73    3.320376    6.524282  (    1948   10014)
          74    3.321043    6.361712  (       1   10016)
          75    3.321215    7.535929  (       1   10006)
          76    3.321787    5.567644  (    6383   10014)
          77    3.322065    6.213578  (    6127   19533)
          78    3.323611    7.658787  (    1744   14837)
          79    3.323832    7.488231  (      27   18108)
          80    3.325361    6.682548  (     150   15485)
          81    3.326162    7.433000  (       5   10138)
          82    3.329488    7.166123  (       1   10430)
          83    3.330486    7.458288  (    2844   19533)
          84    3.331296    7.681580  (      18   10007)
          85    3.333254    6.343940  (    6127   10014)
          86    3.334746    7.182297  (       1   10129)
          87    3.334949    7.490431  (       1   10026)
          88    3.335243    7.378929  (       5   10062)
          89    3.339069    7.098208  (       5   10232)
          90    3.339903    7.738855  (       5   12466)
          91    3.340822    8.254347  (     262   19757)
          92    3.341095    7.576397  (       5   10122)
          93    3.341151    7.322662  (     262   15743)
          94    3.341305    7.319579  (     262   16245)
          95    3.342551    7.484591  (       5   10037)
          96    3.343309    6.500393  (    1451   10682)
          97    3.345058    8.319262  (    6882   10682)
          98    3.345687    7.926286  (       5   17362)
          99    3.349603    8.914803  (    1206   18108)
         100    3.351546    7.934554  (       5   19196)
