Model_ID, [(c_i,i=0,n)_j,j=1,ntask]
           1    0.2156037188E+02    0.2780050171E+02
           2    0.2220479553E+02    0.2729950886E+02
           3    0.2696079553E+02    0.2430568346E+02
           4    0.2790577269E+02    0.2384554360E+02
           5    0.2848246807E+02   -0.2397060167E+02
           6    0.2723032530E+02    0.2427672718E+02
           7    0.2824319930E+02   -0.2410826002E+02
           8    0.2173445670E+02    0.2844956482E+02
           9    0.2776546888E+02    0.2391168424E+02
          10    0.2690777291E+02    0.2443236241E+02
          11    0.2669931057E+02    0.2438815701E+02
          12    0.2701569431E+02    0.2436172438E+02
          13    0.2677363323E+02    0.2450738634E+02
          14    0.2663068085E+02    0.2463074997E+02
          15    0.2713301507E+02    0.2427739280E+02
          16    0.2023510769E+02    0.5917656781E+02
          17    0.2097987257E+02    0.5842020952E+02
          18    0.2731155838E+02    0.2413768586E+02
          19    0.2744949577E+02    0.2401753401E+02
          20    0.2132356688E+02    0.5791207401E+02
          21    0.2168002560E+02    0.5740632857E+02
          22    0.2657665874E+02    0.2457166860E+02
          23    0.2077247512E+02    0.2879498743E+02
          24    0.2016855669E+02    0.5922053085E+02
          25    0.2100919570E+02    0.5830603752E+02
          26    0.1954516005E+02    0.1392102272E+02
          27    0.2854302094E+02   -0.2347241709E+02
          28    0.2637968433E+02    0.2026402261E+02
          29    0.2087721580E+02    0.5839073674E+02
          30    0.2830896580E+02   -0.2360458448E+02
          31    0.2734678070E+02    0.3126774916E+02
          32    0.2687559794E+02    0.2434161731E+02
          33    0.2084646111E+02    0.5840132304E+02
          34    0.2713227895E+02    0.2433139816E+02
          35    0.2646532321E+02    0.1994031749E+02
          36    0.2224689604E+02    0.5656192393E+02
          37    0.2403133859E+02    0.9988666460E+02
          38    0.2454057106E+02    0.2320251128E+02
          39    0.2226609206E+02    0.5646987681E+02
          40    0.2173883159E+02    0.5721691828E+02
          41    0.2768832820E+02    0.2381163270E+02
          42    0.2752890214E+02    0.2391054026E+02
          43    0.2026123385E+02    0.3148167445E+02
          44    0.2062196092E+02    0.5871261579E+02
          45    0.2646997344E+02    0.1897283444E+02
          46    0.2220972119E+02    0.5728103407E+02
          47    0.2778734807E+02    0.2389121224E+02
          48    0.2765674943E+02    0.1925922030E+02
          49    0.2201622461E+02    0.5679742213E+02
          50    0.2646788990E+02    0.2614374918E+02
          51    0.2009859909E+02    0.2259672194E+02
          52    0.2829605923E+02    0.2355195289E+02
          53    0.2210035189E+02    0.5664907541E+02
          54    0.2527493934E+02    0.1328076507E+02
          55    0.2612794631E+02    0.2005702765E+02
          56    0.2604519873E+02    0.1484644302E+02
          57    0.2755205517E+02    0.2328049587E+02
          58    0.2760581758E+02   -0.2401750026E+02
          59    0.2568958774E+02    0.2027170564E+02
          60    0.2094816477E+02    0.2225363135E+02
          61    0.2734745655E+02   -0.2417496171E+02
          62    0.2687051875E+02    0.2371315366E+02
          63    0.2756736377E+02    0.2397889695E+02
          64    0.2618798921E+02   -0.2279880932E+02
          65    0.2396588863E+02    0.6449601248E+02
          66    0.2558287496E+02    0.2033879794E+02
          67    0.2748159765E+02    0.2403036699E+02
          68    0.2758391776E+02    0.2396516711E+02
          69    0.2583841245E+02    0.2018219545E+02
          70    0.2781224391E+02    0.2325015725E+02
          71    0.2159982597E+02    0.2672044115E+02
          72    0.2665116633E+02    0.2368158695E+02
          73    0.2650699664E+02    0.2138603125E+02
          74    0.2938800082E+02    0.2281183867E+02
          75    0.2596913910E+02    0.2000627722E+02
          76    0.2313389748E+02    0.2160262048E+02
          77    0.1990473744E+02    0.4100402446E+02
          78    0.2760060093E+02    0.2395124163E+02
          79    0.2824159230E+02   -0.2353858159E+02
          80    0.2537126923E+02   -0.2947827764E+02
          81    0.2829522659E+02   -0.2350474582E+02
          82    0.2808921459E+02   -0.2363334454E+02
          83    0.2593717686E+02    0.2012631737E+02
          84    0.2769522502E+02    0.2388666683E+02
          85    0.2040233452E+02    0.2250805904E+02
          86    0.2819052523E+02   -0.2356855423E+02
          87    0.2014652934E+02    0.2263424036E+02
          88    0.2735453395E+02    0.2409851128E+02
          89    0.2577935952E+02    0.2480791214E+02
          90    0.2721979881E+02    0.2421362863E+02
          91    0.2794457787E+02   -0.2372460827E+02
          92    0.2268780761E+02    0.5577138549E+02
          93    0.2800045994E+02   -0.2367830544E+02
          94    0.2805544115E+02   -0.2364308216E+02
          95    0.2794811063E+02   -0.2370960130E+02
          96    0.5374026808E+02   -0.3861158565E+02
          97    0.2112909691E+02    0.2243688556E+02
          98    0.2864801792E+02   -0.2310319269E+02
          99    0.2604275931E+02    0.2006269475E+02
         100    0.2769578032E+02   -0.2387223537E+02
