Model_ID, [(c_i,i=0,n)_j,j=1,ntask]
           1    0.2657346289E+01    0.3626462989E+02    0.2731132325E+02
           2    0.2698128042E+01    0.3623938753E+02    0.2754591187E+02
           3    0.3755428187E+01   -0.5474877958E+02   -0.3178849071E+02
           4    0.3005977200E+01    0.3442420592E+02    0.5428348106E+02
           5    0.2356282133E+02    0.2516271930E+02   -0.2469789471E+02
           6    0.3791782219E+01   -0.5452921345E+02    0.3375852681E+02
           7    0.3808655508E+01   -0.5452032318E+02   -0.3366136682E+02
           8    0.3000379692E+01    0.3507953848E+02    0.2663953794E+02
           9    0.2974052943E+01    0.3508276644E+02    0.2628344153E+02
          10    0.3830193262E+01   -0.5399290808E+02   -0.3453530069E+02
          11    0.3870654668E+01   -0.5451930500E+02   -0.3290867723E+02
          12    0.2471924323E+01   -0.6868603164E+02    0.7133651403E+02
          13    0.2359131151E+01   -0.6771708460E+02    0.7533983524E+02
          14    0.3000500050E+01    0.2518071538E+02   -0.3165564277E+02
          15    0.6831354479E+00    0.2376817004E+02   -0.7822249424E+02
          16    0.1288480135E+02    0.4097505035E+02    0.1520363391E+02
          17    0.2731928044E+01    0.4471276166E+02   -0.3681823408E+02
          18    0.3691146707E+01   -0.5426860290E+02   -0.3182181528E+02
          19    0.2725324399E+01    0.4473736179E+02   -0.3635786427E+02
          20    0.7556217360E+00    0.2402787461E+02    0.7498568612E+02
          21    0.3677397994E+01   -0.5424266699E+02   -0.3467779490E+02
          22    0.3115198245E+01    0.2507579975E+02   -0.3422121242E+02
          23    0.2241898246E+01   -0.6645446261E+02    0.7459327618E+02
          24    0.3726569549E+01   -0.5450321629E+02   -0.3084177050E+02
          25    0.3038430183E+01    0.2524633085E+02   -0.2898387803E+02
          26    0.3678275202E+01    0.3365215939E+02    0.6249857616E+02
          27    0.3814373583E+01   -0.5420628530E+02   -0.3518885718E+02
          28    0.3575011687E+01   -0.5456550088E+02   -0.3190296892E+02
          29    0.2453254688E+01   -0.6804600507E+02    0.6781901230E+02
          30    0.1239168911E+02    0.4295899551E+02    0.1504724594E+02
          31    0.2986282997E+01    0.2514379006E+02   -0.3133193190E+02
          32    0.1100800520E+02   -0.4385102889E+02   -0.1100296402E+02
          33    0.2967910730E+01    0.2504917415E+02   -0.3378412196E+02
          34    0.3644288461E+01    0.3487023584E+02    0.4294126208E+02
          35    0.2279158305E+01    0.4570953964E+02   -0.3605563020E+02
          36    0.3330454332E+01   -0.5706316482E+02    0.3838835571E+02
          37    0.1624103973E+01    0.4467335624E+02    0.7878449245E+02
          38    0.2283363004E+01    0.4568732770E+02   -0.3649343297E+02
          39    0.3614702080E+01   -0.5479056544E+02    0.3090706978E+02
          40    0.3803891988E+01   -0.5396258607E+02   -0.3093200152E+02
          41    0.3447605525E+01   -0.4613349945E+02   -0.8471589340E+02
          42    0.1016427260E+02   -0.4205929350E+02    0.1162770180E+02
          43    0.3492194633E+01    0.4166428540E+02    0.5794501330E+03
          44    0.1253613499E+02   -0.4178443046E+02    0.1482442809E+02
          45    0.2675680649E+01    0.2531662649E+02   -0.3407602524E+02
          46    0.2985052426E+01    0.3501315829E+02    0.2400717924E+02
          47    0.3679166994E+01   -0.5430566323E+02   -0.3148225490E+02
          48    0.3716836322E+01   -0.5462746796E+02   -0.2809267108E+02
          49    0.3516857731E+01   -0.5475760654E+02   -0.3124349744E+02
          50    0.3834207778E+01   -0.5420112503E+02   -0.3002097369E+02
          51    0.2410011107E+01    0.3508441235E+02    0.2372907045E+02
          52    0.2822982680E+01    0.3687448844E+02    0.2706234023E+02
          53    0.3533571229E+01    0.3499302345E+02    0.4335054466E+02
          54    0.3663678179E+01   -0.5435321853E+02   -0.3149606559E+02
          55    0.3809826779E+01   -0.5399843269E+02   -0.3107133079E+02
          56    0.2257865370E+01    0.4444406820E+02    0.3697572376E+02
          57    0.2260811896E+01    0.4440945306E+02    0.3742165278E+02
          58    0.3649169478E+01   -0.5439940937E+02    0.3149088845E+02
          59    0.1647590387E+01    0.4466296344E+02    0.7751639744E+02
          60    0.3440156155E+01   -0.5497521338E+02   -0.3055942499E+02
          61    0.1019986684E+02   -0.4635331447E+02    0.1122184523E+02
          62    0.3412619108E+01   -0.6852014435E+02   -0.3766529150E+02
          63    0.1016008131E+02   -0.4196497590E+02   -0.1160510069E+02
          64    0.3720563880E+01   -0.5474377923E+02   -0.2835719491E+02
          65    0.3353952552E+01    0.3528513847E+02    0.4388511955E+02
          66    0.3556162331E+01   -0.5497457135E+02    0.3031158490E+02
          67    0.3020572480E+01    0.2487953807E+02   -0.3468718250E+02
          68    0.6979387805E+00    0.2389256189E+02   -0.2007047094E+03
          69    0.2413821395E+01    0.4419342188E+02    0.3632466986E+02
          70    0.2418724917E+01    0.4415564030E+02    0.3675954048E+02
          71    0.3700028372E+01   -0.5458222839E+02   -0.3052723938E+02
          72    0.2461348846E+01    0.4456268990E+02   -0.3500794268E+02
          73    0.3477268728E+01   -0.5762894217E+02    0.3455850264E+02
          74    0.3446418469E+01   -0.6889657880E+02   -0.3663284215E+02
          75    0.3840584001E+01   -0.5423623252E+02   -0.3014216665E+02
          76    0.3478916443E+01   -0.5518455385E+02   -0.2969912809E+02
          77    0.2468863613E+01    0.4452364811E+02   -0.3541165178E+02
          78    0.2678942011E+01    0.4484625616E+02   -0.3654863287E+02
          79    0.2877013535E+01    0.2504515805E+02   -0.3496369960E+02
          80    0.3665195741E+01   -0.5421325617E+02   -0.3274137484E+02
          81    0.1214204867E+02   -0.4192300406E+02    0.1386584516E+02
          82    0.2783059748E+01    0.4469403366E+02   -0.3616209911E+02
          83    0.2672912089E+01    0.4487030069E+02   -0.3608764167E+02
          84    0.2519936758E+01    0.4516755050E+02   -0.3693623488E+02
          85    0.2780103963E+01    0.4444958847E+02    0.6451769312E+02
          86    0.2775722251E+01    0.4471997482E+02   -0.3570768335E+02
          87    0.2515608239E+01    0.4518852090E+02   -0.3646969158E+02
          88    0.2789749373E+01    0.4441368466E+02    0.6528956593E+02
          89    0.3033983504E+01    0.2519788685E+02   -0.2805550305E+02
          90    0.1984892821E+01    0.4501918310E+02    0.3662934348E+02
          91    0.2058531476E+01    0.4480185261E+02    0.3726237706E+02
          92    0.2930302207E+01    0.3433137445E+02    0.4912463657E+02
          93    0.3692927474E+01   -0.6756323898E+02   -0.4541382667E+02
          94    0.2059687765E+01    0.4476953700E+02    0.3771061778E+02
          95    0.3667026725E+01   -0.5421530425E+02    0.3233449465E+02
          96    0.3126580457E+01    0.2478052142E+02   -0.3424553343E+02
          97    0.3985282434E+01   -0.6675676332E+02   -0.4281194093E+02
          98    0.1987005560E+01    0.4498478249E+02    0.3705577257E+02
          99    0.2261962925E+01    0.4441165581E+02    0.3671662943E+02
         100    0.2953646387E+01    0.2495699889E+02   -0.3224754196E+02
