        Rank        RMSE       MaxAE  Feature_ID
           1   11.816301   33.650094  (       1)
           2   11.858703   33.809017  (       2)
           3   11.902715   33.079272  (       3)
           4   11.903528   33.250832  (       4)
           5   11.924996   35.217085  (       5)
           6   11.932249   33.330635  (       6)
           7   11.941976   29.373825  (       7)
           8   11.998558   33.422786  (       8)
           9   12.011289   32.435618  (       9)
          10   12.017619   32.922104  (      10)
          11   12.019661   32.519995  (      11)
          12   12.020236   32.693454  (      12)
          13   12.028713   34.177579  (      13)
          14   12.043991   33.346306  (      14)
          15   12.058157   34.354523  (      15)
          16   12.060101   33.071380  (      16)
          17   12.066709   33.735697  (      17)
          18   12.071836   33.880826  (      18)
          19   12.076383   33.609453  (      19)
          20   12.078079   35.142284  (      20)
          21   12.083679   29.317872  (      21)
          22   12.085133   35.245259  (      22)
          23   12.095888   33.681223  (      23)
          24   12.099315   31.657462  (      24)
          25   12.100366   33.829961  (      25)
          26   12.105090   34.409473  (      26)
          27   12.110628   33.519784  (      27)
          28   12.120259   33.491998  (      28)
          29   12.128056   33.504694  (      29)
          30   12.128465   33.646180  (      30)
          31   12.129836   33.775522  (      31)
          32   12.132736   28.382777  (      32)
          33   12.134215   33.480890  (      33)
          34   12.135108   33.597876  (      34)
          35   12.140050   33.431609  (      35)
          36   12.140082   33.431487  (      36)
          37   12.142232   33.750525  (      37)
          38   12.142653   32.622893  (      38)
          39   12.145258   33.613842  (      39)
          40   12.146365   33.638417  (      40)
          41   12.147738   34.269483  (      41)
          42   12.148826   35.439104  (      42)
          43   12.149032   34.000248  (      43)
          44   12.149678   33.548366  (      44)
          45   12.153794   33.381197  (      45)
          46   12.154870   33.585898  (      46)
          47   12.155340   34.265579  (      47)
          48   12.160868   34.120708  (      48)
          49   12.161921   33.025052  (      49)
          50   12.163941   34.237011  (      50)
          51   12.167764   31.761206  (      51)
          52   12.169147   33.691864  (      52)
          53   12.169968   33.675252  (      53)
          54   12.171437   33.695532  (      54)
          55   12.173533   33.601821  (      55)
          56   12.174204   33.583739  (      56)
          57   12.174451   33.901818  (      57)
          58   12.175616   27.190395  (      58)
          59   12.175973   33.704649  (      59)
          60   12.179782   33.701889  (      60)
          61   12.180908   34.151896  (      61)
          62   12.181819   33.662085  (      62)
          63   12.183736   33.514661  (      63)
          64   12.184375   34.001515  (      64)
          65   12.185113   30.639242  (      65)
          66   12.186322   34.018654  (      66)
          67   12.187819   33.532341  (      67)
          68   12.188232   34.212619  (      68)
          69   12.196362   34.184836  (      69)
          70   12.197239   34.056001  (      70)
          71   12.197543   33.611757  (      71)
          72   12.197837   33.952158  (      72)
          73   12.197839   33.952046  (      73)
          74   12.198021   33.504217  (      74)
          75   12.202411   33.913434  (      75)
          76   12.202690   30.693857  (      76)
          77   12.203043   34.030848  (      77)
          78   12.203330   33.769108  (      78)
          79   12.203419   34.019416  (      79)
          80   12.209556   34.100262  (      80)
          81   12.211574   33.045876  (      81)
          82   12.211828   33.611214  (      82)
          83   12.212921   33.576373  (      83)
          84   12.212997   33.795783  (      84)
          85   12.215026   33.649581  (      85)
          86   12.215119   34.321625  (      86)
          87   12.215981   34.027171  (      87)
          88   12.216411   36.286864  (      88)
          89   12.217776   33.608281  (      89)
          90   12.219789   32.784526  (      90)
          91   12.220601   34.002596  (      91)
          92   12.220653   31.498579  (      92)
          93   12.224237   33.811896  (      93)
          94   12.224366   34.130567  (      94)
          95   12.224892   33.156447  (      95)
          96   12.225358   33.460058  (      96)
          97   12.227765   33.669005  (      97)
          98   12.230317   33.524622  (      98)
          99   12.230481   34.104260  (      99)
         100   12.232297   32.729174  (     100)
