Model_ID, [(c_i,i=0,n)_j,j=1,ntask]
           1    0.2635619204E+01    0.5472944164E+02    0.1560737081E+03
           2    0.3361253464E+01    0.4944905818E+02    0.1701268446E+03
           3    0.4993631693E+00    0.1455133795E+02    0.1473979245E+03
           4    0.2908861249E+01    0.3971571758E+02    0.1566807547E+03
           5    0.2882983896E+01    0.2261431690E+02    0.1669557136E+03
           6    0.2479877019E+01    0.6260816979E+02    0.1649069330E+03
           7    0.2543334848E+01    0.2330042044E+02    0.1579806881E+03
           8    0.3017466898E+01    0.4329868483E+02    0.1620265356E+03
           9    0.2226735328E+01   -0.1687387603E+02    0.1528386441E+03
          10    0.3055286820E+01    0.1944307824E+02    0.1568811155E+03
          11    0.1882186731E+01    0.1680261462E+02    0.1630900702E+03
          12    0.3291465400E+01    0.4243873768E+02    0.1619102933E+03
          13    0.3000351204E+01    0.6298188448E+02    0.1559325537E+03
          14    0.2233894847E+01    0.1304880027E+02    0.1336850599E+03
          15    0.2768421404E+01    0.1994334711E+02    0.1486286860E+03
          16    0.3327358563E+01    0.1923647121E+02    0.1657895027E+03
          17    0.3221095736E+01    0.2227874194E+02    0.1742359046E+03
          18    0.4126264119E+00    0.2610019795E+02    0.1538038506E+03
          19    0.2161794420E+01    0.1715433792E+02    0.1471825800E+03
          20    0.3661382688E+01    0.1903847774E+02    0.5492683428E+03
          21    0.2113417018E+01    0.1477842548E+02    0.1257198896E+03
          22    0.2084346687E+01   -0.1742566612E+02    0.1347299644E+03
          23    0.8553852305E+00    0.1564897750E+02    0.1305077904E+03
          24    0.2298792063E+01    0.1893153604E+02    0.4333698411E+02
          25    0.8190032237E-01    0.1454616968E+02    0.1421501540E+03
          26    0.3474154299E+01    0.2182118057E+02    0.1682798872E+03
          27   -0.5077113497E+00    0.1717185931E+02   -0.1805942418E+03
          28    0.3784122759E+01    0.1980097532E+02   -0.2910575207E+02
          29    0.3191749850E+01    0.2044130328E+02   -0.3019512326E+02
          30    0.3929553592E+01    0.1915862466E+02   -0.2885297213E+02
          31    0.1539269700E+01    0.1704348846E+02    0.1541987757E+03
          32    0.3410820958E+01   -0.2112490315E+02   -0.3000239598E+02
          33    0.2707790453E+01    0.1414003521E+02    0.1515255337E+03
          34    0.1819533538E+00    0.1527153361E+02    0.1357772683E+03
          35    0.2169751237E+01    0.3220927009E+02    0.1488499372E+03
          36    0.2736828065E+01    0.2273175466E+02   -0.3001092022E+02
          37    0.3714680692E+01   -0.1963636517E+02   -0.2908359798E+02
          38    0.9301487004E+00    0.2236869891E+02    0.1383655164E+03
          39    0.3623643934E+01   -0.1997573962E+02   -0.2917532171E+02
          40    0.2651605348E+01    0.1863829088E+02    0.4257054073E+02
          41    0.3604801530E+01    0.2005231915E+02   -0.2919733627E+02
          42    0.2258352207E+01    0.2465407222E+02    0.1604557570E+03
          43    0.3324860717E+01    0.1763263730E+02    0.3864494775E+02
          44    0.3289018386E+01    0.1999590868E+02    0.3124671579E+02
          45    0.2906467190E+01    0.2291704600E+02    0.1630667218E+03
          46    0.2907065069E+01    0.2263687610E+02   -0.2997044579E+02
          47    0.3059869362E+01    0.1970319202E+02    0.1556115932E+03
          48    0.2858268221E+01    0.4353474528E+02    0.1616139868E+03
          49    0.2671154264E+01    0.2046284038E+02    0.1457872154E+03
          50    0.2690391884E+01   -0.2292114638E+02   -0.3006720029E+02
          51    0.2059727337E+01    0.3241767516E+02    0.1487217155E+03
          52    0.1931359960E+01    0.2039696719E+02    0.1415250244E+03
          53    0.3065302182E+01    0.2605104164E+02    0.5510867113E+02
          54    0.4042615264E+01    0.4731995202E+02    0.1666161481E+03
          55    0.3064699181E+01    0.4327149607E+02    0.1591299564E+03
          56   -0.9001677384E+00    0.8007950208E+01    0.1458985749E+03
          57    0.3835094630E+01    0.4818710095E+02    0.1709530469E+03
          58    0.2156252009E+01    0.2405405846E+02    0.1380552235E+03
          59    0.2000953935E+01    0.1742038042E+02    0.1373554101E+03
          60    0.3091239742E+01    0.1087432274E+03   -0.2286142796E+03
          61    0.2742377050E+01    0.1852168312E+02    0.4184730510E+02
          62    0.5463889602E+01    0.1106912640E+02   -0.7425670735E+02
          63    0.2983101981E+01    0.2187063462E+02   -0.2978225527E+02
          64    0.2512950882E+01    0.1884489146E+02   -0.4027088979E+02
          65    0.2570334667E+01    0.1865459478E+02   -0.4198108546E+02
          66    0.3656380391E+01    0.2687571883E+02    0.3899966208E+02
          67    0.9159086493E+01    0.1284474122E+02    0.9821977826E+02
          68    0.3936891286E+01    0.1902650682E+02   -0.2936774873E+02
          69    0.2373988940E+01    0.2320568860E+02   -0.3211779714E+02
          70   -0.1398847405E+00    0.1549427027E+02    0.1238798819E+03
          71    0.3606830910E+01    0.1880574225E+02    0.1582253892E+03
          72    0.2670468551E+01    0.2300920151E+02   -0.3009465825E+02
          73    0.1679195310E+01    0.2470218635E+02    0.1554186106E+03
          74    0.3000972149E+01    0.2181274214E+02   -0.2976789992E+02
          75    0.2665841588E+01    0.2303052351E+02   -0.3010145993E+02
          76    0.2133092072E+01    0.2023058102E+02    0.1359986928E+03
          77    0.2124153992E+01    0.2409348799E+02    0.1379828058E+03
          78    0.3188733086E+01    0.1998414001E+02    0.1457403692E+03
          79    0.2823678128E+01    0.1851494201E+02    0.8030585914E+02
          80    0.3143569845E+01    0.2108936110E+02    0.1299318476E+03
          81    0.3434935855E+01    0.1955601649E+02   -0.2988999817E+02
          82    0.1881895623E+01    0.1920233530E+02    0.5012211029E+02
          83   -0.2219114438E+00    0.2320874126E+02    0.1451765105E+03
          84    0.2603755615E+01    0.1861647389E+02    0.4169285556E+02
          85    0.2801309940E+01    0.1845994378E+02    0.4137548175E+02
          86    0.2478828454E+01   -0.1682789849E+02    0.1422377870E+03
          87    0.2639821917E+01    0.1268121075E+02    0.1483708247E+03
          88    0.3661952072E+01    0.1939074142E+02   -0.2979576982E+02
          89    0.2540841024E+01    0.1867922816E+02    0.4189005806E+02
          90    0.3882633026E+01    0.1909930003E+02   -0.2935377328E+02
          91    0.3915389332E+01    0.1957592194E+02   -0.2992961237E+02
          92    0.2522869700E+01    0.1871340982E+02    0.4195944311E+02
          93    0.2527101967E+01    0.1869942744E+02    0.4192793353E+02
          94    0.2530183583E+01    0.1868930210E+02    0.4190423318E+02
          95    0.2533291354E+01    0.1867913675E+02    0.4187970560E+02
          96    0.2106525210E+01    0.2411308784E+02    0.1379379525E+03
          97    0.2116004287E+01    0.1717531030E+02    0.1462443631E+03
          98    0.2537646559E+01    0.1866496632E+02    0.4184430767E+02
          99    0.3515399003E+01    0.1915659698E+02    0.3111290561E+02
         100    0.3703387939E+01    0.1931433596E+02   -0.2923358465E+02
