     Index              y_true              y_pred        descriptor_1
         1    0.1000000000E+00    0.3689288100E+01    0.0000000000E+00
         2    0.2600000000E+01    0.3689288100E+01    0.0000000000E+00
         3    0.4660000000E+01    0.4365889430E+01   -0.5793235000E-01
         4    0.6650000000E+01    0.5871846074E+01   -0.1868762400E+00
         5    0.1316000000E+02    0.1045503745E+02   -0.5793009000E+00
         6    0.2280000000E+01    0.2116385212E+01    0.1346760000E+00
         7    0.3140000000E+01   -0.1944583378E-01    0.3175513600E+00
         8    0.6070000000E+01    0.5409012076E+01   -0.1472472000E+00
         9    0.4360000000E+01    0.9388566401E+01   -0.4879869000E+00
        10    0.1012000000E+02    0.5334200967E+01   -0.1408416800E+00
        11    0.1470000000E+02    0.1795022407E+02   -0.1221058100E+01
        12    0.4660000000E+01    0.8817738224E+01   -0.4391111200E+00
        13    0.1128000000E+02    0.1374761642E+02   -0.8612200000E+00
        14    0.7530000000E+01    0.1668667124E+02   -0.1112869450E+01
        15    0.6140000000E+01    0.4405422110E+01   -0.6131724000E-01
        16    0.5980000000E+01    0.5174700630E+01   -0.1271848500E+00
        17    0.3600000000E+01    0.3377228703E+01    0.2671933000E-01
        18    0.4060000000E+01    0.4632239388E+01   -0.8073792000E-01
        19    0.4810000000E+01    0.7280241652E+01   -0.3074667000E+00
        20    0.1002000000E+02    0.2065663289E+02   -0.1452787800E+01
        21    0.1925000000E+02    0.2294318913E+02   -0.1648568640E+01
        22    0.2305000000E+02    0.2627134646E+02   -0.1933534050E+01
        23    0.2977000000E+02    0.2161819679E+02   -0.1535119380E+01
        24    0.2492000000E+02    0.2240993959E+02   -0.1602910440E+01
        25    0.2638000000E+02    0.2747974210E+02   -0.2037000000E+01
        26    0.2218000000E+02    0.2049465984E+02   -0.1438919250E+01
        27    0.1799000000E+02    0.1702436465E+02   -0.1141783630E+01
        28    0.1262000000E+02    0.1837261149E+02   -0.1257224000E+01
        29    0.5650000000E+01    0.6470742782E+01   -0.2381553200E+00
        30    0.2455000000E+02    0.2003822509E+02   -0.1399838130E+01
        31    0.1040000000E+01    0.5254104570E+01   -0.1339836200E+00
        32    0.4200000000E+00   -0.2709518543E+01    0.5478823200E+00
        33    0.3850000000E+02    0.2307881107E+02   -0.1660180940E+01
        34    0.1576000000E+02    0.1360838329E+02   -0.8492985000E+00
        35    0.2613000000E+02    0.1594787545E+02   -0.1049611850E+01
        36    0.2213000000E+02    0.2492854293E+02   -0.1818559750E+01
