Materials	feature1	feature2	feature3	feature4	feature5	feature6	feature7	feature8	feature9	feature10	feature11	feature12	feature13	feature14	feature15	feature16	feature17	feature18	feature19	feature20	feature21	feature22	feature23	feature24	feature25	feature26	feature27
sample1_group1	0.0000	0.0000	0.0000	0.0000	0.0000	0.0000	0.0000	0.0000	0.0000	0.0000	0.0000	0.0000	0.0000	0.0000	0.0000	0.0000	1.0000	0.0000	0.0000	0.0000	0.0000	0.0000	0.0000	1.0000	1.0000	0.9963	1.0000
sample2_group1	0.0000	0.0000	0.0000	0.0000	0.0000	0.0000	0.0000	0.0000	0.0000	0.0000	0.0000	0.0000	0.0000	0.0000	0.0000	0.2414	1.0000	0.0000	0.0000	0.0000	0.1777	0.0000	0.4991	0.9397	0.5608	0.9578	1.0000
sample3_group1	0.0000	0.0000	0.0000	1.0000	0.0000	0.0000	0.0000	0.0000	0.0000	0.0000	0.0000	0.0000	0.0000	0.0000	0.0000	0.1207	0.9997	0.0290	0.0141	0.4535	0.2280	0.0000	0.0963	0.9666	0.9178	1.0000	0.9998
sample4_group1	0.0000	0.0000	0.0000	0.0000	0.0000	1.0000	0.0000	0.0000	0.0000	0.0000	0.0000	0.0000	0.0000	0.0000	0.0000	0.4885	0.9997	0.0520	0.0046	0.3372	1.0000	0.0000	0.6513	0.8989	0.6514	0.9700	0.9999
sample5_group1	0.0000	0.0000	0.0000	0.0000	0.0000	0.0000	1.0000	0.0000	0.0000	0.0000	0.0000	0.0000	0.0000	0.0000	0.0000	0.7356	0.9998	0.0375	0.0022	0.4535	0.4058	0.0000	0.5735	0.6343	0.5382	0.8996	0.5369
sample6_group1	0.0000	0.0000	0.0000	0.0000	0.0000	0.0000	0.0000	0.0000	0.0000	0.0000	0.0000	0.0000	0.0000	0.0000	0.0000	0.1897	0.9995	0.0961	0.3083	0.7326	0.0949	0.3807	0.1787	0.7120	0.7336	0.7920	0.0944
sample7_group1	0.0000	0.0000	0.0000	0.0000	0.0000	0.0000	0.0000	0.0000	0.0000	0.0000	0.0000	0.0000	0.0000	0.0000	0.0000	0.5575	0.9991	0.1608	0.2167	0.7326	0.2851	0.3807	0.5157	0.1408	0.5650	0.4828	0.2820
sample8_group1	0.0000	0.0000	0.0000	0.0000	0.0000	0.0000	0.0000	0.0000	0.0000	0.0000	0.0000	0.0000	0.0000	0.0000	0.0000	0.4080	0.9955	1.0000	0.9796	0.0000	0.2217	0.1777	0.6210	0.9054	0.3253	0.9462	0.5620
sample9_group1	0.0000	0.0000	0.0000	0.0000	0.0000	0.0000	0.0000	0.0000	0.0000	0.0000	0.0000	0.0000	0.0000	0.0000	0.0000	0.3851	0.9998	0.0387	1.0000	0.7326	0.2280	0.2030	0.5612	0.6933	0.4522	0.7511	0.5742
sample10_group1	0.0000	0.0000	0.0000	0.0000	0.0000	0.0000	0.0000	0.0000	0.0000	0.0000	0.0000	0.0000	0.0000	0.0000	0.0000	0.5230	0.9998	0.0816	0.2888	0.7326	0.2787	0.2335	0.5969	0.2372	0.2768	0.4371	0.3796
sample11_group1	0.0000	0.0000	0.0000	0.0000	0.0000	0.0000	0.0000	0.0000	0.0000	0.0000	0.0000	0.0000	0.0000	0.0000	0.0000	0.3851	0.9997	0.0308	0.3357	0.7326	0.2724	0.3807	0.5588	0.0617	0.8326	0.1409	0.4244
sample12_group1	0.0000	1.0000	0.0000	0.0000	0.0000	0.0000	0.0000	0.0000	0.0000	0.0000	0.0000	0.0000	0.0000	0.0000	0.0000	0.5460	0.9996	0.1119	0.2697	1.0000	0.2724	0.2208	0.6616	0.5307	0.3850	0.7208	0.3801
sample13_group1	0.0000	0.0000	0.3333	0.0000	0.0000	0.0000	0.0000	0.0000	0.0000	0.0000	0.0000	0.0000	0.0000	0.0000	0.0000	0.3621	0.9993	0.1548	0.3291	0.6395	0.2762	0.3934	0.5295	0.7290	0.5008	0.8828	0.4564
sample14_group1	0.0000	0.0000	0.6667	0.0000	0.0000	0.0000	0.0000	0.0000	0.0000	0.0000	0.0000	0.0000	0.0000	0.0000	0.0000	0.4943	0.9996	0.1433	0.3081	0.6395	0.3738	0.4543	0.5593	0.7237	0.4973	0.8644	0.5356
sample15_group1	0.0000	0.0000	0.0000	0.0000	0.3333	0.0000	0.0000	0.0000	0.0000	0.0000	0.0000	0.0000	0.0000	0.0000	0.0000	0.2989	0.9995	0.0919	0.2325	0.3605	0.2420	0.2589	0.4788	0.8356	0.6468	0.8998	0.6486
sample16_group1	0.0000	0.0000	0.0000	0.0000	1.0000	0.0000	0.0000	0.0000	0.0000	0.0000	0.0000	0.0000	0.0000	0.0000	0.0000	0.3563	0.9997	0.0695	0.1691	0.3605	0.3713	0.2589	0.4593	0.8725	0.6923	0.9587	0.4125
sample17_group1	0.0000	0.0000	0.0000	0.0000	0.0000	0.0000	0.0000	0.2500	0.0000	0.0000	0.0000	0.0000	0.0000	0.0000	0.0000	0.4368	0.9996	0.0883	0.4680	0.3605	0.2863	0.4365	0.5885	0.8005	0.4610	0.8903	0.3630
sample18_group1	0.0000	0.0000	0.0000	0.0000	0.0000	0.0000	0.0000	0.5000	0.0000	0.0000	0.0000	0.0000	0.0000	0.0000	0.0000	0.6207	0.9995	0.1336	0.4911	0.3605	0.3966	0.5051	0.7117	0.8105	0.4759	0.8894	0.2019
sample19_group1	0.0000	0.0000	0.0000	0.0000	0.0000	0.0000	0.0000	0.7500	0.0000	0.0000	0.0000	0.0000	0.0000	0.0000	0.0000	0.8046	0.9996	0.1433	0.2705	0.3605	0.5056	0.4365	0.8045	0.8047	0.4297	0.8903	0.1923
sample20_group1	0.0000	0.0000	0.0000	0.0000	0.0000	0.0000	0.0000	0.0000	0.0000	1.0000	0.0000	0.0000	0.0000	0.0000	0.0000	0.2989	0.9996	0.0580	0.2178	0.4070	0.2344	0.2284	0.5344	0.8550	0.6197	0.8748	0.6407
sample21_group1	0.0000	0.0000	0.0000	0.0000	0.0000	0.0000	0.0000	0.0000	0.0000	0.0000	0.0000	0.0000	0.0000	0.0000	0.0000	0.7989	0.9998	0.1584	0.0180	0.7326	0.3738	0.0254	0.7533	0.1212	0.0688	0.3705	0.4913
sample22_group1	1.0000	0.0000	0.0000	0.0000	0.0000	0.0000	0.0000	0.0000	0.0000	0.0000	0.0000	0.0000	0.0000	0.0000	0.0000	0.7874	0.9998	0.0689	0.2489	0.7326	0.4892	0.4365	0.7987	0.0000	0.4129	0.3723	0.5573
sample23_group1	0.0000	0.5000	0.0000	0.0000	0.0000	0.0000	0.0000	0.0000	0.0000	0.0000	0.0000	0.0000	0.0000	0.0000	0.0000	0.7931	0.9997	0.0665	0.0087	1.0000	0.3776	0.0127	0.7197	0.1002	0.3788	0.4228	0.2326
sample24_group1	0.0000	1.0000	0.0000	0.0000	0.0000	0.0000	0.0000	0.0000	0.0000	0.0000	0.0000	0.0000	0.0000	0.0000	0.0000	0.8103	0.9998	0.1004	0.0059	1.0000	0.3738	0.0152	0.7433	0.3480	0.0000	0.5978	0.3840
sample25_group1	0.0000	0.0000	1.0000	0.0000	0.0000	0.0000	0.0000	0.0000	0.0000	0.0000	0.0000	0.0000	0.0000	0.0000	0.0000	0.7184	0.9993	0.1886	0.1339	0.7326	0.5234	0.1904	0.6455	0.8853	0.5887	0.9500	0.6671
sample26_group1	0.0000	0.0000	0.0000	0.0000	0.0000	0.2500	0.0000	0.0000	0.0000	0.0000	0.0000	0.0000	0.0000	0.0000	0.0000	0.3161	0.9994	0.1119	0.5163	0.3372	0.3840	0.8223	0.5307	0.8701	0.6021	0.9279	0.4304
sample27_group1	0.0000	0.0000	0.6667	0.0000	0.0000	0.0000	0.0000	0.0000	0.0000	0.0000	0.0000	0.0000	0.0000	0.0000	0.0000	0.7471	0.9961	0.4377	0.0945	0.7326	0.4752	0.2208	0.6533	0.7895	0.4457	0.8720	0.6862
sample28_group1	0.0000	0.0000	0.0000	0.0000	0.0000	0.0000	0.0000	0.0000	0.0000	0.0000	0.0000	0.0000	0.0000	0.0000	0.0000	0.3966	0.9996	0.0846	0.3589	0.7326	0.2280	0.4112	0.4343	0.4010	0.8701	0.1661	0.0000
sample29_group1	0.0000	0.0000	0.0000	0.0000	0.0000	0.0000	0.0000	0.0000	0.0000	1.0000	0.0000	0.0000	0.0000	0.0000	0.0000	0.2989	0.9995	0.1028	0.2511	0.4070	0.2787	0.2386	0.6422	0.8385	0.3597	0.8631	0.4304
sample30_group1	0.0000	0.0000	0.0000	0.0000	0.0000	0.0000	0.0000	0.0000	0.0000	0.0000	0.0000	0.0000	0.0000	1.0000	0.0000	0.5747	0.9995	0.1022	0.2721	0.0000	0.3561	0.5025	0.9518	0.8556	0.0096	0.9280	0.4783
sample31_group1	0.0000	0.0000	0.0000	0.0000	0.0000	0.0000	0.0000	0.0000	0.0000	0.0000	0.0000	0.0000	0.0000	0.0000	0.0000	0.6494	0.9997	0.0169	0.2540	0.7326	0.3738	0.3122	0.6369	0.1081	0.1101	0.0000	0.7114
sample32_group1	0.0000	0.0000	0.0000	0.0000	0.0000	0.0000	0.0000	0.0000	0.0000	0.0000	0.0000	0.0000	0.0000	0.0000	0.0000	0.5000	0.9998	0.1215	0.2758	1.0000	0.2825	0.2284	0.5571	0.2777	0.1288	0.1534	0.3572
sample33_group1	0.0000	0.0000	0.3333	0.0000	0.0000	0.0000	0.0000	0.0000	0.0000	0.0000	0.0000	0.0000	0.0000	0.0000	0.0000	0.5000	0.9992	0.1711	0.3252	0.7326	0.3269	0.3782	0.5793	0.4128	0.5218	0.6206	0.3650
sample34_group1	0.0000	0.5000	0.0000	0.0000	0.0000	0.0000	0.0000	0.0000	0.0000	0.0000	0.0000	0.0000	0.0000	0.0000	0.0000	0.3908	0.9995	0.1155	0.2256	1.0000	0.2280	0.1878	0.5388	0.6292	0.3112	0.7368	0.5488
sample35_group1	0.0000	0.0000	0.3333	0.0000	0.0000	0.2500	0.0000	0.0000	0.0000	0.0000	0.0000	0.0000	0.0000	0.0000	0.0000	0.6897	0.9997	0.0786	0.3127	0.7326	0.5830	0.5838	0.6529	0.3558	0.4415	0.7975	0.4998
sample36_group1	0.0000	0.0000	0.3333	0.0000	0.3333	0.0000	0.0000	0.0000	0.0000	0.0000	0.0000	0.0000	0.0000	0.0000	0.0000	0.4080	0.9994	0.1814	0.2932	0.6395	0.3409	0.3909	0.5162	0.6891	0.4950	0.8704	0.5732
sample1_group2	0.0000	0.0000	0.0000	0.0000	0.0000	0.0000	0.0000	0.0000	0.0000	0.0000	0.0000	0.0000	0.0000	0.0000	0.0000	0.8678	1.0000	0.0000	0.0052	0.0000	0.3556	0.0000	0.9755	0.8576	0.0268	0.9290	0.2412
sample2_group2	0.0000	0.0000	0.0000	0.0000	0.0000	0.0000	0.0000	1.0000	0.0000	0.0000	0.0000	0.0000	0.0000	0.0000	0.0000	0.9885	0.9999	0.1554	0.0104	0.3605	0.6144	0.0000	0.9244	0.8392	0.5345	0.8814	0.7074
sample3_group2	0.0000	0.0000	0.0000	0.0000	0.0000	0.0000	0.0000	0.0000	0.0000	0.0000	0.0000	0.0000	0.0000	0.0000	0.0000	0.0920	0.9995	0.0985	0.3028	0.0000	0.0886	0.2056	0.2628	0.9451	0.6119	0.9663	0.1139
sample4_group2	0.0000	0.0000	0.0000	0.0000	0.0000	0.0000	0.0000	0.0000	0.0000	0.0000	0.0000	0.0000	0.0000	0.0000	0.0000	0.1897	0.9996	0.0744	0.1932	0.0000	0.1330	0.1777	0.3863	0.9427	0.5986	0.9594	0.1338
sample5_group2	0.0000	0.0000	0.0000	0.0000	0.0000	0.0000	0.0000	0.0000	0.0000	0.0000	0.0000	0.0000	0.0000	0.0000	0.0000	0.3908	0.9995	0.1264	0.1671	0.0000	0.1773	0.4112	0.5061	0.8762	0.1071	0.9339	0.0290
sample6_group2	0.0000	0.0000	0.0000	0.0000	0.0000	0.0000	0.0000	0.0000	0.0000	0.0000	0.0000	0.0000	0.0000	0.0000	0.0000	0.3621	0.9995	0.1348	0.5273	0.7326	0.1900	0.4396	0.3476	0.3153	0.4317	0.4187	0.0825
sample7_group2	0.0000	0.0000	0.0000	0.0000	0.0000	0.0000	0.0000	0.0000	0.0000	0.0000	0.0000	1.0000	0.0000	0.0000	0.0000	0.3908	0.9995	0.0998	0.3498	0.7326	0.2725	0.3815	0.6585	0.6893	0.5022	0.7836	0.4225
sample8_group2	0.0000	0.0000	0.0000	0.0000	0.0000	0.0000	0.0000	0.0000	0.0000	0.0000	0.0000	0.0000	0.0000	0.0000	0.0000	0.7989	0.9997	0.1397	0.0209	0.7326	0.3681	0.0279	0.8219	0.4311	0.1036	0.4672	0.3847
sample9_group2	0.0000	0.0000	0.0000	0.0000	0.0000	0.0000	0.0000	0.7500	0.0000	0.0000	0.0000	0.0000	0.0000	0.0000	0.0000	0.8908	0.9995	0.1705	0.1096	0.7326	0.6005	0.0571	0.8756	0.3635	0.7729	0.1164	0.2054
sample10_group2	0.0000	0.0000	0.0000	0.0000	0.0000	0.0000	0.0000	0.0000	0.3333	0.0000	0.0000	0.0000	0.0000	0.0000	0.0000	0.4598	0.9995	0.1185	0.7987	0.3372	0.4283	1.0000	0.6601	0.8361	0.4040	0.9124	0.2339
sample11_group2	0.0000	0.0000	0.0000	0.0000	1.0000	0.0000	0.0000	0.0000	0.0000	0.0000	0.0000	0.0000	0.0000	0.0000	0.0000	0.4943	0.9997	0.0532	0.0783	0.7326	0.4220	0.0558	0.5108	0.7288	0.6962	0.7636	0.6340
sample12_group2	0.0000	0.0000	0.0000	0.0000	0.0000	0.0000	0.0000	0.0000	0.0000	0.0000	0.0000	0.0000	0.0000	0.0000	0.0000	0.5632	0.9995	0.1264	0.2662	0.0000	0.2661	0.2056	0.7381	0.8836	0.2026	0.9388	0.4001
sample13_group2	0.0000	0.0000	0.0000	0.0000	0.0000	0.0000	0.0000	0.0000	0.0000	0.0000	0.0000	0.0000	0.0000	0.0000	0.0000	0.7126	0.9997	0.1354	0.1566	0.0000	0.3117	0.1777	0.8598	0.8713	0.1087	0.9303	0.2945
sample14_group2	0.0000	0.0000	0.0000	0.0000	0.0000	0.0000	0.0000	0.0000	0.0000	0.0000	0.0000	0.0000	0.0000	0.0000	0.0000	0.5115	0.9997	0.1161	0.2819	0.7326	0.3675	0.4391	0.6113	0.4413	0.2893	0.3376	0.5316
sample15_group2	0.0000	0.0000	0.0000	0.0000	0.0000	0.0000	0.0000	0.0000	1.0000	0.0000	0.0000	0.0000	0.0000	0.0000	0.0000	1.0000	0.9997	0.1433	0.2871	0.7326	0.9785	0.7970	1.0000	0.7708	0.3244	0.8928	0.2201
sample16_group2	0.0000	0.0000	0.0000	0.0000	0.0000	0.0000	0.0000	0.0000	0.6667	0.0000	0.0000	0.0000	0.0000	0.0000	0.0000	0.9310	0.9996	0.1451	0.5168	0.7326	0.7794	0.9213	0.8845	0.4997	0.0718	0.6610	0.1277
sample17_group2	0.0000	0.0000	0.0000	0.0000	0.0000	0.0000	0.0000	0.0000	0.0000	0.0000	0.0000	0.0000	0.0000	0.0000	0.0000	0.4368	0.9997	0.0750	0.3915	1.0000	0.2375	0.2198	0.4279	0.4229	0.3178	0.3131	0.3980
sample18_group2	0.0000	0.0000	0.0000	0.0000	0.0000	0.0000	0.0000	0.0000	0.0000	0.0000	0.0000	0.0000	0.0000	0.0000	0.0000	0.5402	0.9996	0.1016	0.3393	0.7326	0.3172	0.2066	0.6875	0.3843	0.8043	0.1371	0.6127
sample19_group2	0.0000	0.0000	0.0000	0.0000	0.0000	0.0000	0.0000	0.0000	0.0000	0.0000	0.0000	0.0000	0.0000	0.0000	0.0000	0.3161	0.9996	0.0901	0.3132	0.7326	0.1839	0.3112	0.4297	0.6970	0.4696	0.7711	0.0832
sample20_group2	0.0000	0.0000	0.0000	0.0000	0.0000	0.0000	0.0000	0.0000	0.0000	0.0000	0.0000	0.0000	0.0000	0.0000	0.0000	0.3218	0.9996	0.0816	0.4333	0.7326	0.2283	0.4708	0.4358	0.3944	0.8543	0.1524	0.1164
sample21_group2	0.0000	0.5000	0.0000	0.0000	0.0000	0.0000	0.0000	0.0000	0.0000	0.0000	0.0000	0.0000	0.0000	0.0000	0.0000	0.3276	0.9995	0.1040	0.3080	1.0000	0.1809	0.3010	0.4643	0.8069	0.6009	0.8785	0.0830
sample22_group2	0.0000	0.0000	0.0000	0.0000	0.0000	0.0000	0.0000	0.0000	0.0000	0.0000	0.0000	0.0000	1.0000	0.0000	0.0000	0.2816	0.9994	0.1288	0.4281	0.9651	0.2255	0.4594	0.4710	0.5589	0.8324	0.5400	0.3168
sample23_group2	0.0000	0.0000	0.0000	0.0000	0.0000	0.0000	0.0000	0.0000	0.0000	0.0000	0.0000	0.0000	0.0000	0.0000	0.0000	0.5460	0.9996	0.1028	0.2715	0.7326	0.2724	0.2208	0.6759	0.6686	0.1742	0.7445	0.3772
sample24_group2	0.0000	0.0000	0.0000	0.0000	0.0000	0.0000	0.0000	0.0000	0.0000	0.0000	0.0000	0.0000	0.0000	0.0000	0.0000	0.3793	0.9996	0.0834	0.2245	1.0000	0.2315	0.1980	0.5023	0.5614	0.3403	0.4481	0.5603
sample25_group2	0.0000	0.0000	0.0000	0.0000	0.0000	0.0000	0.0000	0.0000	0.3333	0.0000	0.0000	0.0000	0.0000	0.0000	0.0000	0.5920	0.9996	0.0834	0.7308	0.7326	0.4778	0.9518	0.7096	0.5974	0.3147	0.6772	0.1626
sample26_group2	0.0000	0.0000	0.0000	0.0000	0.0000	0.0000	0.0000	0.0000	0.0000	0.0000	1.0000	0.0000	0.0000	0.0000	0.0000	0.3678	0.9995	0.1046	0.2193	0.7326	0.2344	0.1954	0.4834	0.4084	0.2708	0.1855	0.5327
sample27_group2	0.0000	0.0000	0.0000	0.0000	0.0000	0.0000	0.0000	0.0000	0.0000	0.0000	0.0000	0.0000	0.0000	0.0000	0.0000	0.3736	0.0000	0.1294	0.3132	1.0000	0.2306	0.4645	0.5210	0.3914	0.8378	0.1385	0.4271
sample28_group2	0.0000	0.0000	0.0000	0.0000	0.0000	0.0000	0.0000	0.0000	0.0000	0.0000	0.0000	0.0000	0.0000	0.0000	0.0000	0.5115	0.9993	0.1566	0.1671	1.0000	0.3269	0.1832	0.6720	0.3350	0.1032	0.1632	0.4041
sample29_group2	0.0000	0.0000	0.0000	0.0000	0.0000	0.0000	0.0000	0.0000	0.0000	0.0000	1.0000	0.0000	0.0000	0.0000	0.0000	0.2989	0.9995	0.0949	0.3080	0.7326	0.1900	0.3122	0.3520	0.4837	0.4474	0.3615	0.0696
sample30_group2	0.0000	0.5000	0.0000	0.0000	0.0000	0.0000	0.0000	0.0000	0.0000	0.0000	0.0000	0.0000	0.0000	0.0000	0.0000	0.3218	0.9995	0.1100	0.3080	1.0000	0.1837	0.3020	0.4220	0.7045	0.3537	0.7782	0.0827
