        Rank        RMSE       MaxAE  Feature_ID
           1   37.177600   79.516354  (       1)
           2   37.728759   84.892208  (       2)
           3   37.808997   85.286653  (       3)
           4   38.044700   75.698467  (       4)
           5   38.130708   85.364260  (       5)
           6   38.162635   90.137234  (       6)
           7   38.332950   91.090993  (       7)
           8   38.405458   87.483341  (       8)
           9   38.482418   91.285758  (       9)
          10   38.529223   85.499622  (      10)
          11   38.547275   94.497783  (      11)
          12   38.772446   73.963345  (      12)
          13   38.774702   91.316056  (      13)
          14   38.836484  107.871467  (      14)
          15   38.850346   83.624564  (      15)
          16   38.851689   82.093751  (      16)
          17   38.854072   83.951342  (      17)
          18   38.869366   84.195269  (      18)
          19   38.885985   78.450786  (      19)
          20   38.916500   82.537589  (      20)
          21   38.931225   84.640962  (      21)
          22   38.959658   82.431528  (      22)
          23   38.979878   82.306679  (      23)
          24   39.122642   93.442550  (      24)
          25   39.145564   91.401591  (      25)
          26   39.148271   73.671830  (      26)
          27   39.150649   84.396851  (      27)
          28   39.158891   84.268423  (      28)
          29   39.178256   81.342262  (      29)
          30   39.229447   78.457135  (      30)
          31   39.247875   84.887401  (      31)
          32   39.306484   76.788685  (      32)
          33   39.327235   85.644475  (      33)
          34   39.365616   73.103779  (      34)
          35   39.480952   80.200474  (      35)
          36   39.502785   77.096962  (      36)
          37   39.508380   92.031004  (      37)
          38   39.509784   92.564952  (      38)
          39   39.519250   97.953566  (      39)
          40   39.553229   86.562373  (      40)
          41   39.671679   98.489637  (      41)
          42   39.703627   84.526788  (      42)
          43   39.736041   80.870146  (      43)
          44   39.767841   82.299827  (      44)
          45   39.799643   88.297462  (      45)
          46   39.819991   90.736788  (      46)
          47   39.835125   80.875924  (      47)
          48   39.836530   79.528683  (      48)
          49   39.840034  108.968186  (      49)
          50   39.861054   86.173142  (      50)
          51   39.889167   99.933706  (      51)
          52   39.912988   90.266802  (      52)
          53   39.918888   88.523798  (      53)
          54   39.968531   76.275431  (      54)
          55   39.987701   83.370742  (      55)
          56   40.123271   84.856204  (      56)
          57   40.139155   97.952244  (      57)
          58   40.154235   93.822139  (      58)
          59   40.157137   88.153549  (      59)
          60   40.170063   81.052883  (      60)
          61   40.171576   92.188358  (      61)
          62   40.252235   86.242149  (      62)
          63   40.267902   82.615922  (      63)
          64   40.268575   92.114956  (      64)
          65   40.274788   82.269163  (      65)
          66   40.292275  114.961136  (      66)
          67   40.322901   88.574124  (      67)
          68   40.340258   94.231561  (      68)
          69   40.369281   83.875059  (      69)
          70   40.400252   93.462558  (      70)
          71   40.413558   89.708223  (      71)
          72   40.460184   96.779926  (      72)
          73   40.475747   85.087714  (      73)
          74   40.502710   94.519677  (      74)
          75   40.513868   82.681594  (      75)
          76   40.545393   80.560581  (      76)
          77   40.562538   91.459034  (      77)
          78   40.584082   77.031873  (      78)
          79   40.612580   86.497623  (      79)
          80   40.618766   86.092965  (      80)
          81   40.628096   85.219723  (      81)
          82   40.628988   78.649044  (      82)
          83   40.630076  100.518562  (      83)
          84   40.659853   90.635345  (      84)
          85   40.666166   84.653766  (      85)
          86   40.678227  102.883728  (      86)
          87   40.682768   99.963113  (      87)
          88   40.691665  116.424763  (      88)
          89   40.707175   81.324967  (      89)
          90   40.712777   99.261633  (      90)
          91   40.722653   84.406469  (      91)
          92   40.736957  109.898955  (      92)
          93   40.748265   76.288698  (      93)
          94   40.748671   86.234134  (      94)
          95   40.756925   86.310146  (      95)
          96   40.758536   85.649525  (      96)
          97   40.778964  106.703973  (      97)
          98   40.783630  105.145610  (      98)
          99   40.788023   96.248233  (      99)
         100   40.798952  117.935830  (     100)
