Model_ID, [(c_i,i=0,n)_j,j=1,ntask]
           1    0.3323875717E+03    0.2562704956E+03
           2    0.3286373940E+03    0.2492385905E+03
           3    0.3287444370E+03    0.2470693898E+03
           4    0.3319440078E+03    0.2443896166E+03
           5    0.3289719611E+03    0.2457495386E+03
           6    0.3360597675E+03    0.2516121915E+03
           7    0.3349820800E+03    0.2523058433E+03
           8    0.3275247115E+03    0.2428435110E+03
           9    0.3351830075E+03    0.2500910661E+03
          10    0.3291844424E+03    0.2442449322E+03
          11    0.3208091472E+03   -0.1165000896E+03
          12    0.3332320799E+03   -0.2461099505E+03
          13    0.3353836755E+03    0.2487982933E+03
          14    0.3126928621E+03   -0.1078194661E+03
          15    0.3302636439E+03    0.1927956032E+03
          16    0.3271307167E+03    0.2079932832E+03
          17    0.3304341797E+03    0.1931253150E+03
          18    0.3305663655E+03    0.1933611181E+03
          19    0.3335592192E+03   -0.2558116465E+03
          20    0.3313564579E+03    0.2476621749E+03
          21    0.3308211615E+03   -0.1937639616E+03
          22    0.3296890893E+03    0.1914904456E+03
          23    0.3296324091E+03    0.1913465895E+03
          24    0.3338253577E+03    0.2456180841E+03
          25    0.3355638761E+03    0.2473109118E+03
          26    0.3382673469E+03    0.3128111608E+03
          27    0.3315190454E+03    0.2389166078E+03
          28    0.3404026177E+03   -0.2601533392E+03
          29    0.3292113210E+03    0.1902000242E+03
          30    0.3340352461E+03   -0.2089835495E+03
          31    0.3299605177E+03    0.2435361770E+03
          32    0.3331430614E+03    0.2070153016E+03
          33    0.3314961414E+03    0.1944572527E+03
          34    0.3635382679E+03    0.2636550303E+03
          35    0.3335700710E+03    0.3031360323E+03
          36    0.3326677335E+03    0.2057038817E+03
          37    0.3084140744E+03    0.2333911437E+03
          38    0.3346914051E+03    0.2456827365E+03
          39    0.2964908408E+03    0.2132138166E+03
          40    0.3291361224E+03    0.2398569834E+03
          41    0.2952891417E+03    0.2144088858E+03
          42    0.3241957346E+03    0.2096791997E+03
          43    0.3336111349E+03    0.2993812067E+03
          44    0.3324965190E+03    0.2977167165E+03
          45    0.3259364990E+03    0.2461918687E+03
          46    0.3363402880E+03    0.2466862136E+03
          47    0.3374516340E+03    0.2959058039E+03
          48    0.3283315335E+03   -0.1874023773E+03
          49    0.2919940248E+03   -0.9509950998E+02
          50    0.3319821203E+03    0.1945473370E+03
          51    0.3209964237E+03    0.1909891857E+03
          52    0.3377461946E+03    0.2414476488E+03
          53    0.3274316171E+03    0.1926432666E+03
          54    0.3757614675E+03    0.2810563347E+03
          55    0.3203579771E+03   -0.1675495841E+03
          56    0.3304565285E+03    0.2415256107E+03
          57    0.3098529131E+03   -0.2125970019E+03
          58    0.3196904254E+03    0.1530716781E+03
          59    0.3333210005E+03    0.2238804357E+03
          60    0.3338391555E+03    0.2972111698E+03
          61    0.3355552549E+03    0.2429554550E+03
          62    0.3323684197E+03   -0.2215680902E+03
          63    0.3282313162E+03    0.2320570447E+03
          64    0.3239471826E+03   -0.2382840341E+03
          65    0.3281178562E+03    0.2338280624E+03
          66    0.2700724905E+03   -0.1825740005E+03
          67    0.3276291776E+03   -0.1923570307E+03
          68    0.3323413574E+03    0.2495080972E+03
          69    0.3225932634E+03    0.1770563213E+03
          70    0.3485403235E+03   -0.2671195042E+03
          71    0.3624295427E+03    0.2469272385E+03
          72    0.2874047077E+03    0.9043643763E+02
          73    0.3318604124E+03    0.2200091280E+03
          74    0.3142551186E+03    0.2351813082E+03
          75    0.3284517403E+03    0.2309560932E+03
          76    0.3356857756E+03    0.2101319345E+03
          77    0.2328623794E+03    0.1136708113E+03
          78    0.3849552074E+03   -0.3192760735E+03
          79    0.3262734353E+03   -0.1710325728E+03
          80    0.3246168184E+03   -0.1686093263E+03
          81    0.3280520897E+03   -0.1713785277E+03
          82    0.3222891397E+03    0.1809145125E+03
          83    0.2917887516E+03    0.2433030857E+03
          84    0.3367965586E+03    0.2447001627E+03
          85    0.3271057618E+03    0.2285463762E+03
          86    0.2165472109E+03   -0.2099409379E+03
          87    0.3434028789E+03    0.2546272393E+03
          88    0.2676544705E+03    0.1510743851E+03
          89    0.3340392952E+03    0.2947164106E+03
          90    0.3704878912E+03    0.2653183309E+03
          91    0.3173416903E+03    0.1095908825E+03
          92    0.3123181902E+03    0.2208222448E+03
          93    0.3684892156E+03    0.1417002942E+03
          94    0.3402201111E+03    0.2259150109E+03
          95    0.3402880728E+03    0.2260445115E+03
          96    0.3397046802E+03    0.2248022011E+03
          97    0.3261862003E+03   -0.2395092198E+03
          98    0.3255792636E+03   -0.2379236441E+03
          99    0.3235691093E+03    0.1538597591E+03
         100    0.2872779159E+03   -0.8848324550E+02
