Model_ID, [(c_i,i=0,n)_j,j=1,ntask]
           1    0.2017441300E+03   -0.1624305512E+03
           2    0.2007137015E+03   -0.1572146372E+03
           3    0.1694034221E+03    0.1245100947E+03
           4    0.2036009343E+03    0.1544774922E+03
           5    0.2025586684E+03    0.1749341716E+03
           6    0.2025682553E+03   -0.1749377525E+03
           7    0.2025003921E+03    0.1565838885E+03
           8    0.2018348279E+03    0.1547707521E+03
           9    0.2057647199E+03    0.1714323488E+03
          10    0.2005596244E+03   -0.1564950237E+03
          11    0.2049620131E+03   -0.1600515135E+03
          12    0.1891330407E+03    0.1652693303E+03
          13    0.1928995235E+03    0.1491045424E+03
          14    0.2044097852E+03    0.1792412400E+03
          15    0.2044230239E+03   -0.1792333724E+03
          16    0.2024388557E+03   -0.1738476423E+03
          17    0.1871834002E+03    0.1641803874E+03
          18    0.1937675573E+03    0.1650593063E+03
          19    0.2034195310E+03    0.1722490135E+03
          20    0.1994207233E+03    0.1578017308E+03
          21    0.2028121363E+03    0.1542342398E+03
          22    0.2017874020E+03   -0.1574854631E+03
          23    0.2015238606E+03    0.1752082485E+03
          24    0.2031948383E+03   -0.1616895198E+03
          25    0.2149339193E+03    0.1780871339E+03
          26    0.2121371096E+03    0.1590776050E+03
          27    0.2047856712E+03    0.1714646605E+03
          28    0.2046490202E+03    0.1503511961E+03
          29    0.2151260323E+03    0.1784492683E+03
          30    0.2022946518E+03   -0.1522633712E+03
          31    0.2640828135E+03    0.1286632995E+03
          32    0.2033200870E+03    0.1535627064E+03
          33    0.2134811415E+03    0.1568852558E+03
          34    0.2145545277E+03    0.1767998856E+03
          35    0.2133540556E+03    0.1564640899E+03
          36    0.2144763976E+03    0.1763649734E+03
          37    0.2140726520E+03   -0.1578711064E+03
          38    0.2140805450E+03    0.1578776401E+03
          39    0.2581080534E+03    0.1281779965E+03
          40    0.1879285437E+03   -0.1625133684E+03
          41    0.1965027565E+03    0.1578593905E+03
          42    0.2084079695E+03    0.1807807830E+03
          43    0.1882593891E+03   -0.1623781033E+03
          44    0.1687037196E+03    0.1213231413E+03
          45    0.2144253466E+03    0.1760229616E+03
          46    0.2096851449E+03    0.1456613428E+03
          47    0.1773497067E+03   -0.1170776726E+03
          48    0.2095767804E+03    0.1496090766E+03
          49    0.2075614023E+03    0.1586972739E+03
          50    0.1885732050E+03    0.1621930805E+03
          51    0.1728525681E+03    0.1241473030E+03
          52    0.2050089911E+03    0.1725731164E+03
          53    0.1672380436E+03   -0.1318167919E+03
          54    0.1873361695E+03   -0.1625136113E+03
          55    0.2352982110E+03    0.2265419051E+03
          56    0.1886824643E+03   -0.1621181965E+03
          57    0.1714758994E+03    0.1183506578E+03
          58    0.1617294205E+03    0.1248496113E+03
          59    0.1872652588E+03    0.1624808462E+03
          60    0.1960418831E+03    0.1579353570E+03
          61    0.2082416863E+03    0.1459160651E+03
          62    0.2076698254E+03    0.1772291195E+03
          63    0.2394600628E+03    0.2161179131E+03
          64    0.2076811522E+03   -0.1772273174E+03
          65    0.1832223828E+03    0.1521105002E+03
          66    0.2144709211E+03   -0.1580671486E+03
          67    0.2107286875E+03    0.1434956071E+03
          68    0.2055405230E+03   -0.1618972533E+03
          69    0.1910002809E+03   -0.1580572238E+03
          70    0.2066974222E+03    0.1755847851E+03
          71    0.2131160274E+03    0.1551634757E+03
          72    0.1987681429E+03    0.1555077156E+03
          73    0.1890931959E+03    0.1617969907E+03
          74    0.1947931105E+03   -0.1617177165E+03
          75    0.1870709954E+03   -0.1623303438E+03
          76    0.2159810705E+03   -0.1789751438E+03
          77    0.1870623492E+03   -0.1623210386E+03
          78    0.1628944638E+03   -0.8645925318E+02
          79    0.1687435588E+03   -0.8026277712E+02
          80    0.2159922002E+03    0.1789742937E+03
          81    0.1991022702E+03    0.1564718915E+03
          82    0.1583789044E+03   -0.8408516103E+02
          83    0.1892256095E+03   -0.1616817910E+03
          84    0.1865804677E+03    0.1646919193E+03
          85    0.2075418087E+03    0.1600004290E+03
          86    0.2148531218E+03    0.1604281798E+03
          87    0.1865296763E+03    0.1644134526E+03
          88    0.2130707886E+03    0.1547562259E+03
          89    0.1733085374E+03    0.1337187302E+03
          90    0.1921621169E+03   -0.1621959724E+03
          91    0.1804170062E+03    0.1656173605E+03
          92    0.1865012781E+03    0.1641896923E+03
          93    0.2062144330E+03   -0.1598492836E+03
          94    0.1814642453E+03   -0.1660224657E+03
          95    0.1816213072E+03    0.1649549558E+03
          96    0.2160171599E+03   -0.1627491763E+03
          97    0.1868948969E+03    0.1654497226E+03
          98    0.2160262787E+03    0.1627525031E+03
          99    0.1907804625E+03    0.1484826820E+03
         100    0.2100132732E+03   -0.1495778801E+03
