Model_ID, [(c_i,i=0,n)_j,j=1,ntask]
           1    0.2045584135E+03   -0.1710780038E+03   -0.4738958693E+03
           2    0.2039332527E+03   -0.1687996309E+03    0.4210444067E+03
           3    0.2045915346E+03   -0.1706875833E+03    0.4619921162E+03
           4    0.1985772190E+03   -0.1674083643E+03    0.2427974362E+03
           5    0.2036077495E+03    0.1972308798E+03   -0.7387475436E+03
           6    0.2035165127E+03   -0.1971748486E+03   -0.7357321627E+03
           7    0.2034736281E+03    0.1971414322E+03   -0.7342748387E+03
           8    0.2060740855E+03   -0.1631462829E+03    0.3859817584E+03
           9    0.2038078332E+03    0.1972937010E+03   -0.7450211144E+03
          10    0.2038903922E+03   -0.1980363751E+03   -0.6966846167E+03
          11    0.2039835846E+03    0.1980952506E+03   -0.6994790956E+03
          12    0.2038465647E+03    0.1980015656E+03   -0.6953336339E+03
          13    0.1971059684E+03   -0.1740141580E+03   -0.3137779892E+03
          14    0.2046103961E+03   -0.1696286782E+03   -0.4407152158E+03
          15    0.2041877588E+03    0.1981638247E+03   -0.7052895444E+03
          16    0.1958257547E+03   -0.1677418448E+03   -0.3908618313E+03
          17    0.1942546269E+03   -0.1695216601E+03   -0.3835591410E+03
          18    0.2036656804E+03    0.1778438207E+03    0.3668764109E+03
          19    0.2036749282E+03   -0.1778534512E+03    0.3671231212E+03
          20    0.1941654198E+03   -0.1695103263E+03   -0.3851885077E+03
          21    0.2029892389E+03   -0.1755917262E+03    0.2884524352E+03
          22    0.1913188622E+03    0.1920309464E+03    0.5357149404E+03
          23    0.2061195599E+03   -0.1673890651E+03   -0.6367013279E+03
          24    0.1913170679E+03   -0.1920438844E+03    0.5362733034E+03
          25    0.2271316031E+03   -0.1453317788E+03   -0.7181968147E+02
          26    0.2031856753E+03   -0.1620475826E+03   -0.4584232962E+03
          27    0.1977207768E+03   -0.1745223329E+03   -0.6652709646E+03
          28    0.2303879245E+03   -0.1524976783E+03   -0.4646056010E+02
          29    0.1941377687E+03   -0.1705094223E+03   -0.7679250874E+03
          30    0.2067542097E+03    0.1850332720E+03    0.2593661149E+03
          31    0.2276950419E+03   -0.1449585559E+03   -0.7264219502E+02
          32    0.2277063847E+03   -0.1449471479E+03   -0.7268569970E+02
          33    0.2280494337E+03   -0.1448161472E+03   -0.7255002869E+02
          34    0.2067633249E+03   -0.1850450039E+03    0.2595843311E+03
          35    0.1935623066E+03   -0.1640405879E+03    0.1823386497E+04
          36    0.2098552572E+03    0.1817173378E+03    0.4958229745E+03
          37    0.2029037218E+03   -0.1641470032E+03    0.3181990690E+03
          38    0.2098667815E+03   -0.1817224768E+03    0.4960887933E+03
          39    0.2273347405E+03   -0.1450788633E+03   -0.7271119956E+02
          40    0.2279058590E+03   -0.1448237336E+03   -0.7309449106E+02
          41    0.2283693205E+03   -0.1445305908E+03   -0.7368618547E+02
          42    0.2269582611E+03   -0.1454453855E+03    0.7241774646E+02
          43    0.2056425439E+03   -0.1697887135E+03    0.7547893909E+03
          44    0.2051332394E+03   -0.1651648189E+03    0.4138139940E+03
          45    0.2037321734E+03   -0.1640860764E+03    0.3689370602E+03
          46    0.2252366090E+03   -0.1467573139E+03   -0.6443663481E+02
          47    0.2045977812E+03   -0.1653239887E+03    0.3345969330E+03
          48    0.2097797008E+03   -0.1744299760E+03   -0.4255222055E+03
          49    0.2260570333E+03   -0.1458036532E+03    0.6837594437E+02
          50    0.2056718456E+03   -0.1685356666E+03   -0.4335074421E+03
          51    0.1976418113E+03   -0.1610070345E+03    0.3935009314E+03
          52    0.2047324530E+03   -0.1696847734E+03   -0.4351283493E+03
          53    0.2262857291E+03   -0.1457165877E+03   -0.7014245977E+02
          54    0.2053508780E+03   -0.1663810696E+03    0.4636685112E+03
          55    0.2087499807E+03    0.1817141243E+03    0.4239039933E+03
          56    0.2273864920E+03   -0.1449481354E+03    0.6885126489E+02
          57    0.2026816490E+03   -0.1665883614E+03    0.3195324456E+03
          58    0.2087608698E+03   -0.1817198573E+03    0.4241535195E+03
          59    0.2053913740E+03   -0.1689617249E+03    0.4347207497E+03
          60    0.2023232843E+03   -0.1578820941E+03   -0.3912453133E+03
          61    0.2283654226E+03   -0.1447812116E+03   -0.7046535180E+02
          62    0.2046174037E+03    0.1776437480E+03    0.4193679420E+03
          63    0.2266524733E+03   -0.1454036960E+03    0.6752892835E+02
          64    0.2046273065E+03   -0.1776527158E+03    0.4196302955E+03
          65    0.1954715743E+03   -0.1615150355E+03    0.1597355015E+03
          66    0.1965364338E+03   -0.1587399913E+03    0.5683630405E+03
          67    0.2077283332E+03    0.1843806419E+03    0.4618593006E+03
          68    0.2077388380E+03   -0.1843874643E+03    0.4621133604E+03
          69    0.2016933968E+03   -0.1587349784E+03   -0.3944864762E+03
          70    0.1922900972E+03   -0.1718872467E+03   -0.7509663425E+03
          71    0.2127994431E+03   -0.7978213839E+02    0.1154867067E+03
          72    0.1936988159E+03   -0.1646620730E+03    0.1816967709E+03
          73    0.2401811622E+03   -0.1572717813E+03   -0.5506245988E+02
          74    0.2051370554E+03   -0.1694433221E+03    0.4307568483E+03
          75    0.2051308226E+03   -0.1694490329E+03   -0.4308087208E+03
          76    0.2138104152E+03    0.1929597005E+03    0.1862117089E+03
          77    0.2138382760E+03   -0.1929889737E+03    0.1865535176E+03
          78    0.2066583284E+03   -0.1665593149E+03   -0.5854932860E+03
          79    0.2223281757E+03   -0.1575005468E+03    0.3209928563E+02
          80    0.2019611883E+03   -0.1572654418E+03    0.6373852428E+03
          81    0.2058536331E+03   -0.1646165275E+03    0.5163037723E+03
          82    0.2013138606E+03   -0.1541714167E+03    0.1274348104E+03
          83    0.1923529800E+03   -0.1702891818E+03   -0.3634073444E+03
          84    0.2020898941E+03   -0.1658286285E+03    0.3395122341E+03
          85    0.1932945748E+03    0.1708496148E+03   -0.9840941017E+02
          86    0.1932923864E+03   -0.1708547158E+03   -0.9851281414E+02
          87    0.1965870481E+03   -0.1643473039E+03   -0.1923723262E+03
          88    0.2287837337E+03   -0.1441249377E+03    0.7048673048E+02
          89    0.2014280618E+03   -0.1591266647E+03    0.3924569500E+03
          90    0.2047460463E+03   -0.1609451083E+03    0.4848502949E+03
          91    0.1950721588E+03   -0.1670848765E+03   -0.2131547700E+03
          92    0.2029695918E+03   -0.1961784411E+03   -0.7139257059E+03
          93    0.2357779109E+03   -0.1542295869E+03   -0.5795603957E+02
          94    0.1977752480E+03   -0.1738981822E+03   -0.1617003787E+03
          95    0.2348209301E+03   -0.1543995518E+03   -0.5576927624E+02
          96    0.2061950061E+03   -0.1705310839E+03    0.6634375728E+03
          97    0.2023463946E+03    0.1797320613E+03    0.3737382009E+03
          98    0.2023551393E+03   -0.1797415677E+03    0.3739420433E+03
          99    0.1896657062E+03   -0.1662881904E+03   -0.1247356343E+04
         100    0.2051754617E+03   -0.1692730648E+03    0.4298102136E+03
