Model_ID, [(c_i,i=0,n)_j,j=1,ntask]
           1    0.3888074228E+01    0.2025371159E+02   -0.8243245818E+02
           2    0.4229758359E+01   -0.1941375380E+02   -0.8356209719E+02
           3    0.3328444041E+01   -0.1977474303E+02   -0.8355103539E+02
           4    0.3568188885E+01   -0.9815832200E+02    0.6171724335E+02
           5    0.3691180433E+01   -0.9890247671E+02    0.2447390782E+02
           6    0.3876979632E+01   -0.9605494949E+02   -0.1770890767E+02
           7    0.4177317014E+01   -0.1526453446E+02   -0.8461619363E+02
           8    0.3359485887E+01   -0.9732179710E+02    0.8545399979E+02
           9    0.5069809958E+01   -0.1749318917E+02    0.7081673871E+02
          10    0.4775832702E+01    0.1824951321E+02    0.6961971388E+02
          11    0.4907607671E+01   -0.1474090462E+02   -0.8564987276E+02
          12    0.2205297764E+01   -0.1131930064E+03   -0.1289111937E+02
          13    0.2902125923E+01   -0.1024388025E+03   -0.1241984174E+02
          14    0.3980238985E+01   -0.1055404089E+03   -0.1512725521E+02
          15    0.3485740407E+01   -0.1568064325E+02   -0.8379915889E+02
          16    0.1694757010E+01   -0.1041548748E+03    0.2840947730E+02
          17    0.3125010950E+01   -0.9728500224E+02    0.1166733154E+03
          18    0.3987383304E+01   -0.9770941074E+02   -0.1351441052E+02
          19    0.2890398143E+01   -0.9902336782E+02    0.5548335700E+02
          20    0.2871271341E+01   -0.9925720665E+02    0.5544017992E+02
          21    0.3332114390E+01   -0.9774919257E+02   -0.5415360454E+02
          22    0.2951157627E+01   -0.9845590658E+02    0.5551172801E+02
          23    0.2826613903E+01   -0.9829673427E+02    0.5593225226E+02
          24    0.3187869056E+01   -0.9759197707E+02   -0.5487392477E+02
          25    0.3590672441E+01   -0.2019321787E+02   -0.8451469715E+02
          26    0.3508422877E+01   -0.2041310063E+02   -0.8380336588E+02
          27    0.3148043374E+01   -0.9763317374E+02   -0.5501406096E+02
          28    0.3146758107E+01   -0.9763532647E+02   -0.5501801190E+02
          29    0.4501587453E+01    0.1532287911E+02   -0.8531078786E+02
          30    0.3772768391E+01    0.7140400596E+02   -0.1952940211E+02
          31    0.3076718477E+01   -0.9742442500E+02   -0.5538566922E+02
          32    0.3077141249E+01   -0.9742739677E+02    0.5538265815E+02
          33   -0.5650815249E+00    0.2967405258E+02   -0.8542384315E+02
          34    0.3084859229E+01   -0.9748199898E+02    0.5532735475E+02
          35    0.3287885494E+01   -0.1005291268E+03   -0.5339035670E+02
          36    0.3375489182E+01   -0.2036073196E+02   -0.8398206589E+02
          37    0.3115612119E+01   -0.9770582150E+02    0.5510103008E+02
          38    0.3435201304E+01    0.2057525112E+02   -0.8323529785E+02
          39    0.2921204843E+01   -0.9651380003E+02    0.5631926504E+02
          40    0.3465262871E+01   -0.1511627325E+02   -0.8471004257E+02
          41    0.2782458908E+01   -0.9902294134E+02    0.5565388159E+02
          42    0.3147389411E+01   -0.9794667997E+02    0.5485803292E+02
          43    0.3155700421E+01   -0.9801114363E+02    0.5479307845E+02
          44    0.3156159752E+01   -0.9801472333E+02    0.5478947242E+02
          45    0.3086560053E+01   -0.9780846154E+02    0.5515285740E+02
          46    0.3085445228E+01   -0.9781323065E+02    0.5515426957E+02
          47    0.2789243841E+01   -0.1000893381E+03    0.4264570134E+02
          48    0.3390482149E+01   -0.1021765664E+03    0.5227856623E+02
          49    0.3115436370E+01   -0.1007712610E+03    0.6451082160E+02
          50    0.3128143160E+01   -0.1008198675E+03   -0.4107119516E+02
          51    0.3497150444E+01    0.2077646826E+02   -0.9647507630E+02
          52    0.2720059320E+01   -0.1001390621E+03   -0.4286315647E+02
          53    0.3810153255E+01   -0.1995152734E+02   -0.9837938507E+02
          54    0.6948547516E+00   -0.1130419338E+03   -0.2517048958E+02
          55    0.3053777193E+01   -0.9797962331E+02    0.5517291584E+02
          56    0.2753104437E+01   -0.1023969222E+03    0.5412191615E+02
          57    0.2995268555E+01   -0.9798764381E+02    0.3170965696E+02
          58    0.4187946257E+01    0.7122578838E+02   -0.1566203788E+02
          59    0.2784981177E+01   -0.9966560414E+02    0.5525003385E+02
          60    0.2296940595E+01   -0.1022991839E+03    0.4345898898E+02
          61    0.3500262600E+01   -0.1039224129E+03    0.5104252771E+02
          62    0.1874455923E+01   -0.1487106732E+02   -0.1010506522E+03
          63   -0.6536872732E+00    0.4107285812E+02   -0.1032220284E+03
          64    0.3636003277E+01    0.7508684274E+02   -0.2041777208E+02
          65    0.2358408229E+01   -0.1189719870E+02   -0.9185270005E+02
          66    0.1701402439E+00   -0.1001869429E+03    0.2563230845E+02
          67    0.5004617161E+01   -0.9532953534E+02   -0.4313811848E+02
          68    0.4994563628E+00   -0.9869906305E+02   -0.2589432309E+02
          69    0.4054833575E+01    0.2015835947E+02   -0.8085594300E+02
          70    0.4184802512E+01    0.2007596027E+02   -0.1527698592E+03
          71    0.4630021543E+01   -0.2048886097E+02   -0.1110417259E+03
          72    0.2872316227E+01   -0.1010550280E+03    0.8827049315E+02
          73    0.3362491526E+01   -0.9976849268E+02    0.5303067172E+02
          74    0.1399541996E+01   -0.1015409597E+03    0.1484372238E+02
          75    0.2873855321E+01   -0.1049992235E+03   -0.4106183611E+02
          76    0.2997174459E+01   -0.9566170264E+02    0.5599481492E+02
          77    0.5178574988E+01   -0.1759817596E+02   -0.8777911220E+02
          78    0.4012035099E+01   -0.1680508754E+02   -0.8144528203E+02
          79    0.7861804947E+00   -0.9937389071E+02   -0.2522878331E+02
          80    0.4578479993E+00   -0.1122833945E+03   -0.2569333496E+02
          81    0.3340853236E+01   -0.1017519968E+03   -0.3983533013E+02
          82    0.3893348369E+01   -0.1919094805E+02   -0.8750704186E+02
          83    0.2726053238E+01   -0.1007047050E+03   -0.4257809201E+02
          84    0.4083108634E+01   -0.1018375238E+03    0.2630310186E+02
          85    0.3329735419E+01   -0.1371825166E+02   -0.8998558614E+02
          86    0.4442006923E+01   -0.1521844867E+02   -0.8632444829E+02
          87    0.3304930623E+01   -0.1019727456E+03    0.4620177461E+02
          88    0.1561528036E+01   -0.1042665537E+03    0.2311204896E+02
          89   -0.3107246937E+01    0.5451863070E+02    0.5696797961E+02
          90    0.3319537544E+01   -0.9761972977E+02    0.5406817387E+02
          91    0.4789719103E+01   -0.2069161621E+02   -0.9150409723E+02
          92    0.4878770626E+01    0.1819240713E+02   -0.8736810138E+02
          93    0.2494497257E+01   -0.1001173105E+03   -0.4354619518E+02
          94    0.2495417067E+01   -0.1001232775E+03    0.4354120916E+02
          95    0.3716924571E+01    0.2000924845E+02   -0.8478068483E+02
          96   -0.8331413291E+00    0.3049858962E+02   -0.9369471738E+02
          97    0.2660721420E+01   -0.1003806806E+03    0.7425114645E+02
          98    0.6162725362E+01   -0.1682767044E+02    0.6799291568E+02
          99    0.4398426284E+01   -0.1529217385E+02   -0.8597827979E+02
         100    0.4507948277E+01    0.7224938290E+02   -0.1783502111E+02
