Model_ID, [(c_i,i=0,n)_j,j=1,ntask]
           1    0.8065551329E+02    0.7076503544E+02
           2    0.8393262000E+02    0.8524666637E+02
           3    0.8295054931E+02   -0.8933886832E+02
           4    0.7916145099E+02   -0.7119847822E+02
           5    0.7526305790E+02   -0.7871080021E+02
           6    0.8236697145E+02    0.8256180174E+02
           7    0.7875454755E+02   -0.7065256530E+02
           8    0.7793269085E+02   -0.8227745064E+02
           9    0.7121239080E+02   -0.7247487989E+02
          10    0.7573226716E+02   -0.7562638757E+02
          11    0.7106237676E+02    0.7237764855E+02
          12    0.7705361826E+02   -0.7729112365E+02
          13    0.7879343861E+02    0.6768613592E+02
          14    0.8803260972E+02    0.7797880032E+02
          15    0.8115438154E+02   -0.7265627312E+02
          16    0.8097916539E+02   -0.8071454969E+02
          17    0.7862799342E+02   -0.8100717380E+02
          18    0.8087133180E+02   -0.7242427592E+02
          19    0.8107286637E+02   -0.8108053357E+02
          20    0.7389746326E+02    0.7485537510E+02
          21    0.7892350141E+02    0.6455894160E+02
          22    0.7893091133E+02   -0.7549430154E+02
          23    0.7790561953E+02    0.8369585137E+02
          24    0.7884832237E+02   -0.7542389791E+02
          25    0.7624408312E+02    0.7395490257E+02
          26    0.7726870544E+02   -0.6729002385E+02
          27    0.7318140199E+02    0.7172185977E+02
          28    0.7773544899E+02    0.8318748170E+02
          29    0.7728502195E+02    0.8248223071E+02
          30    0.6689747499E+02   -0.6267822449E+02
          31    0.7530123402E+02   -0.7058366300E+02
          32    0.7706335770E+02    0.7852887601E+02
          33    0.7870779834E+02   -0.8624367005E+02
          34    0.7381079540E+02   -0.7151208655E+02
          35    0.7757564048E+02   -0.8285055498E+02
          36    0.8082159460E+02   -0.7801887888E+02
          37    0.7505508592E+02    0.6393371070E+02
          38    0.7761886801E+02   -0.8282888386E+02
          39    0.7559456127E+02    0.7357780192E+02
          40    0.7681658275E+02    0.7779392209E+02
          41    0.7765458275E+02   -0.6925292342E+02
          42    0.7791155809E+02   -0.8430082978E+02
          43    0.7764521606E+02    0.8277448729E+02
          44    0.7764646559E+02    0.8276975967E+02
          45    0.7764782078E+02   -0.8276418296E+02
          46    0.7338247589E+02   -0.7346594298E+02
          47    0.7522596621E+02   -0.7700089022E+02
          48    0.7238244776E+02   -0.7815285083E+02
          49    0.7238297640E+02    0.7815194211E+02
          50    0.7538660615E+02    0.7716230846E+02
          51    0.7640846254E+02   -0.8016860811E+02
          52    0.7750434938E+02    0.8147505365E+02
          53    0.6552584991E+02    0.5854636566E+02
          54    0.7735882042E+02   -0.8269742365E+02
          55    0.7731410875E+02    0.7770946563E+02
          56    0.7795892826E+02    0.6485233248E+02
          57    0.7751105899E+02   -0.6875611178E+02
          58    0.7691307432E+02    0.8294390384E+02
          59    0.7481331277E+02   -0.6378646025E+02
          60    0.7719380071E+02   -0.7632601578E+02
          61    0.7817722793E+02   -0.8594451037E+02
          62    0.6958098572E+02   -0.6623152167E+02
          63    0.7759221387E+02   -0.8221386166E+02
          64    0.7749784065E+02   -0.8246028132E+02
          65    0.7737086973E+02    0.8216779283E+02
          66    0.7749566491E+02    0.7925097407E+02
          67    0.7739659293E+02   -0.8287953389E+02
          68    0.7749430909E+02   -0.8330956201E+02
          69    0.7741450820E+02   -0.8214818983E+02
          70    0.8085856539E+02   -0.7914308879E+02
          71    0.7007221132E+02   -0.7083376766E+02
          72    0.8933204618E+02   -0.9118894262E+02
          73    0.5669942346E+02   -0.6078017258E+02
          74    0.6844151139E+02    0.6751305696E+02
          75    0.7807582256E+02   -0.8300205516E+02
          76    0.7807984128E+02   -0.8302476971E+02
          77    0.7807849778E+02    0.8299964512E+02
          78    0.7803245377E+02   -0.8312017165E+02
          79    0.7740664216E+02    0.7939164191E+02
          80    0.7805072351E+02    0.8314445473E+02
          81    0.7804880144E+02   -0.8314427737E+02
          82    0.7809366496E+02   -0.8310814609E+02
          83    0.7809698625E+02   -0.8312978469E+02
          84    0.7744423374E+02   -0.8208658833E+02
          85    0.5664905232E+02   -0.6073807990E+02
          86    0.7755213804E+02   -0.8190124785E+02
          87    0.7795462893E+02   -0.8244275831E+02
          88    0.7811221230E+02    0.8324360909E+02
          89    0.7794699928E+02   -0.8241165803E+02
          90    0.7812875776E+02    0.8307195112E+02
          91    0.7786010347E+02    0.8226532609E+02
          92    0.6952779334E+02   -0.6544882914E+02
          93    0.7597132648E+02   -0.7877001280E+02
          94    0.7790750325E+02   -0.8225473575E+02
          95    0.7715458429E+02   -0.8201325350E+02
          96    0.7742004151E+02   -0.8161578400E+02
          97    0.7720327310E+02    0.8332478156E+02
          98    0.7776226955E+02   -0.8488801854E+02
          99    0.7743954250E+02   -0.7957949521E+02
         100    0.7731176865E+02   -0.6815099554E+02
