Model_ID, [(c_i,i=0,n)_j,j=1,ntask]
           1    0.7578851085E+02   -0.3291615108E+02    0.1616587108E+03
           2    0.7522559555E+02   -0.3251207978E+02    0.1727867200E+03
           3    0.7445455304E+02   -0.3126756947E+02    0.2076420088E+03
           4    0.7646813828E+02   -0.2274658281E+02    0.2206830232E+03
           5    0.7644456945E+02   -0.2273967171E+02    0.2207421132E+03
           6    0.7470490799E+02   -0.3290244656E+02    0.1614553492E+03
           7    0.7485582529E+02   -0.3231616240E+02    0.1623338568E+03
           8    0.7485129714E+02   -0.3230301834E+02    0.1622837923E+03
           9    0.7465660668E+02   -0.3192631026E+02    0.1681643750E+03
          10    0.5754562557E+02    0.4357394091E+02    0.2126452835E+03
          11    0.8006146840E+02    0.8108525454E+02   -0.1109788353E+03
          12    0.7453916753E+02   -0.3200179839E+02    0.1488236893E+03
          13    0.7453499213E+02   -0.3198908183E+02    0.1487796456E+03
          14    0.7463696033E+02   -0.3218795144E+02    0.1696393055E+03
          15    0.7356173388E+02   -0.3069669802E+02    0.2091848838E+03
          16    0.7355816162E+02   -0.3068527600E+02    0.2091498026E+03
          17    0.7506509564E+02   -0.3240239853E+02    0.1674656086E+03
          18    0.7574076234E+02   -0.3233313079E+02   -0.9372155129E+02
          19    0.7460550811E+02   -0.3210496686E+02   -0.1688304590E+03
          20    0.7454863966E+02   -0.3209158163E+02    0.1624156016E+03
          21    0.7454425460E+02   -0.3207860767E+02    0.1623658404E+03
          22    0.7458724518E+02   -0.3206054595E+02    0.1683266820E+03
          23    0.7440083938E+02   -0.3199219242E+02    0.1625001162E+03
          24    0.7439653363E+02   -0.3197930459E+02    0.1624504807E+03
          25    0.7778595067E+02   -0.2382519404E+02    0.1664661227E+03
          26    0.7374047273E+02   -0.3076114131E+02    0.2168117299E+03
          27    0.7456741820E+02   -0.3201449875E+02    0.1677600244E+03
          28    0.7776265361E+02   -0.2381890528E+02    0.1665124063E+03
          29    0.7424628830E+02   -0.3188605617E+02    0.1625769822E+03
          30    0.7950810451E+02    0.6804357529E+02    0.1445499929E+03
          31    0.7424206690E+02    0.3187326141E+02    0.1625274879E+03
          32    0.5681465402E+02    0.4289724183E+02    0.2076396610E+03
          33    0.7701139856E+02   -0.3897070566E+02    0.2095124936E+03
          34    0.9193225921E+02   -0.2852466897E+02    0.1965147432E+03
          35    0.7460863421E+02   -0.6032878942E+02    0.1432393222E+03
          36    0.8261596419E+02   -0.6806457468E+02   -0.3049238675E+03
          37    0.7905885139E+02    0.6719294131E+02    0.1424654001E+03
          38    0.7688546637E+02   -0.6335082556E+02    0.1648942805E+03
          39    0.7452364411E+02   -0.3191870040E+02   -0.1664558086E+03
          40    0.7863922586E+02   -0.6238699362E+02    0.1986317507E+03
          41    0.7326557199E+02   -0.3048200705E+02    0.2095823499E+03
          42    0.7326212606E+02   -0.3047073662E+02    0.2095473700E+03
          43    0.7423558844E+02   -0.5960417304E+02    0.1414311709E+03
          44    0.7494820806E+02   -0.2172076880E+02    0.2203239277E+03
          45    0.7312593903E+02   -0.3038933524E+02    0.2098083438E+03
          46    0.7312256143E+02   -0.3037813924E+02    0.2097733847E+03
          47    0.7933882991E+02    0.6502824530E+02    0.1604968872E+03
          48    0.7553435646E+02   -0.3265178334E+02    0.1613167656E+03
          49    0.7414511774E+02   -0.6013101689E+02    0.1582719432E+03
          50    0.7635989669E+02   -0.6248361533E+02    0.1539547732E+03
          51    0.7787264813E+02    0.6190250157E+02    0.2090420994E+03
          52    0.7455593034E+02   -0.6353298477E+02    0.1356548583E+03
          53    0.7853215817E+02   -0.3166242078E+02    0.3698300894E+03
          54    0.7372728439E+02   -0.3141581351E+02    0.1661701767E+03
          55    0.7297979949E+02   -0.3029029349E+02    0.2100356062E+03
          56    0.4632742418E+02    0.4388388259E+02    0.1448472403E+03
          57    0.7297649478E+02    0.3027917808E+02    0.2100006745E+03
          58    0.4661065936E+02    0.4239323069E+02    0.1680952615E+03
          59    0.8313005921E+02   -0.3903470673E+02    0.2200557860E+03
          60    0.6375711891E+02    0.2958069254E+02    0.2103970916E+03
          61    0.7420709081E+02   -0.6281834158E+02    0.1341040779E+03
          62    0.7849543360E+02   -0.3156968529E+02    0.3696104317E+03
          63    0.7178946472E+02    0.7054750606E+02    0.2095372382E+03
          64    0.7419155863E+02   -0.3103778974E+02   -0.2045083980E+03
          65    0.7332877923E+02   -0.3046878713E+02    0.1900974071E+03
          66    0.7418756010E+02   -0.3102594495E+02   -0.2044831191E+03
          67    0.7332538881E+02   -0.3045759904E+02    0.1900695686E+03
          68    0.7625077707E+02   -0.3433494250E+02   -0.2455847706E+03
          69    0.7442502981E+02   -0.6034061125E+02    0.1576935378E+03
          70    0.7367717204E+02   -0.3144799755E+02    0.1496791647E+03
          71    0.7624470700E+02   -0.3431863398E+02   -0.2454302338E+03
          72    0.7825177002E+02   -0.6188545862E+02    0.1992021453E+03
          73    0.7633005594E+02   -0.6132306503E+02    0.1631834897E+03
          74    0.7626385552E+02   -0.6070819358E+02    0.1606123012E+03
          75    0.5867765228E+02    0.3082095011E+02    0.2125060232E+03
          76    0.4591458071E+02   -0.4269658812E+02    0.1394526329E+03
          77    0.7750393907E+02   -0.6142486056E+02    0.2095218853E+03
          78    0.4620089530E+02   -0.4129516123E+02    0.1620282329E+03
          79    0.7906557121E+02    0.6861417330E+02    0.1336357217E+03
          80    0.7182070861E+02   -0.2573483065E+02    0.2115823171E+03
          81    0.7706083615E+02   -0.3468073581E+02    0.2241682709E+03
          82    0.7895010386E+02   -0.6451893812E+02    0.1606336409E+03
          83    0.7897337533E+02   -0.3594960431E+02    0.2294021867E+03
          84    0.7594972533E+02   -0.3396165382E+02    0.2141485264E+03
          85    0.7787007599E+02   -0.6158672628E+02    0.2081955314E+03
          86    0.7774381537E+02   -0.6146714045E+02    0.2084724143E+03
          87    0.5943754810E+02   -0.2510389002E+02    0.1783734670E+03
          88    0.5155052429E+02    0.3930532463E+02    0.2041481593E+03
          89    0.7670363364E+02   -0.3547808589E+02    0.1556002603E+03
          90    0.7629222691E+02   -0.6116436836E+02   -0.1623465944E+03
          91    0.7999677588E+02   -0.6520701908E+02    0.1502057428E+03
          92    0.7697623950E+02   -0.3290447589E+02    0.2702848577E+03
          93    0.7868324658E+02   -0.6223261299E+02    0.1980537999E+03
          94    0.7758522637E+02   -0.6130371495E+02    0.2087863871E+03
          95    0.7697191548E+02   -0.3289187319E+02    0.2702254345E+03
          96    0.8472233313E+02   -0.6686257007E+02   -0.3245858979E+03
          97    0.5983584528E+02   -0.2590522871E+02    0.2179221712E+03
          98    0.7585120593E+02   -0.3332013873E+02   -0.5876422515E+03
          99    0.5983816878E+02   -0.2590612861E+02    0.2179143661E+03
         100    0.7931825273E+02   -0.6465171751E+02    0.1593644889E+03
