        Rank        RMSE       MaxAE  Feature_ID
           1    6.385087   16.303144  (    8619   12224)
           2    6.441575   18.433295  (       3   18017)
           3    6.451131   15.873515  (    6906   12738)
           4    6.519127   18.774862  (       3   11989)
           5    6.532623   17.040335  (       3   14604)
           6    6.548653   18.488280  (    7090   12224)
           7    6.565329   14.066262  (     423   15253)
           8    6.575290   16.168165  (    4796   15253)
           9    6.590952   14.961044  (       2   18017)
          10    6.591045   17.080565  (    3501   12224)
          11    6.598443   16.023275  (    6560   12738)
          12    6.600527   15.172669  (    3216    8720)
          13    6.608588   17.999711  (    2512   12224)
          14    6.610881   16.005226  (    6229   12738)
          15    6.611008   17.012668  (    3672   12224)
          16    6.625211   15.987481  (    5896   12738)
          17    6.631502   16.059802  (    4796   17289)
          18    6.633938   14.152379  (       2   10080)
          19    6.646296   13.090766  (    3302   18987)
          20    6.649208   16.945194  (    3945   12224)
          21    6.650638   16.231110  (    6760   15253)
          22    6.661148   14.518496  (       2   11092)
          23    6.664038   17.101273  (     132    1002)
          24    6.674826   16.963403  (     488   14791)
          25    6.679256   15.551607  (    2590   10210)
          26    6.680113   17.403627  (    3536   12224)
          27    6.685243   15.265907  (    3302   16099)
          28    6.687796   14.081644  (     423   17289)
          29    6.689097   13.942793  (       2   11494)
          30    6.694537   16.176417  (    4692   12738)
          31    6.699509   17.432814  (    3585   12224)
          32    6.699795   16.115345  (    6760   17289)
          33    6.705486   16.391990  (     132    4276)
          34    6.708621   19.398841  (       3   16733)
          35    6.714212   17.403674  (    8704   12224)
          36    6.716621   17.505841  (    3521   12224)
          37    6.720633   17.462346  (    3651   12224)
          38    6.721366   16.947894  (    1722   12224)
          39    6.731285   16.915648  (    1773   12224)
          40    6.731802   17.432431  (    4175   12224)
          41    6.734567   15.916417  (    6512   12738)
          42    6.735820   17.470089  (    4393   12224)
          43    6.738503   13.859592  (    3302   13081)
          44    6.740812   19.519125  (       3   10989)
          45    6.741841   16.799577  (    5846   12224)
          46    6.745797   17.774056  (    8109   12224)
          47    6.746987   16.283527  (     196   14273)
          48    6.747729   21.441882  (     174   12224)
          49    6.754937   18.606796  (    8704   10658)
          50    6.757102   17.339490  (    9267   12224)
          51    6.759928   16.031289  (    1002   12738)
          52    6.762011   17.801644  (    8170   12224)
          53    6.763870   16.713247  (    2430   12224)
          54    6.766050   16.846924  (    1912   12224)
          55    6.766150   17.987344  (      15   19291)
          56    6.766634   14.938535  (       2   13373)
          57    6.769162   20.088540  (       3   10908)
          58    6.769553   13.623437  (    6738   18987)
          59    6.776961   17.921978  (    9882   10658)
          60    6.779892   15.202897  (     664   12224)
          61    6.779894   17.829553  (    8241   12224)
          62    6.782696   16.819145  (    4851   12224)
          63    6.783121   12.788499  (    3302   14122)
          64    6.790621   18.537596  (    9267   10658)
          65    6.791443   17.588451  (    4107    4288)
          66    6.792048   18.752445  (     674   12224)
          67    6.797025   16.643380  (    2587   12224)
          68    6.797557   18.206843  (    8619   14744)
          69    6.803928   16.370630  (       2   10908)
          70    6.805019   18.459689  (    9267   15549)
          71    6.807693   16.433064  (    6738   16099)
          72    6.807851   16.141766  (    6002   12738)
          73    6.809193   17.238012  (    4288    6471)
          74    6.810895   16.800545  (    5056   12224)
          75    6.812562   18.549520  (    8704   15549)
          76    6.812958   17.745114  (    5683   12224)
          77    6.814990   19.140357  (       3   13838)
          78    6.816214   19.606188  (    2661   18327)
          79    6.819687   15.067274  (    1002   13264)
          80    6.820481   16.048626  (    2590   10957)
          81    6.822493   17.427628  (       1   10006)
          82    6.822951   15.663209  (     774    4288)
          83    6.823369   23.101714  (     165   14604)
          84    6.825508   15.458695  (       2   18302)
          85    6.826043   14.157159  (       2   14604)
          86    6.827475   17.589938  (    4041   12224)
          87    6.830014   14.108140  (    1152   15253)
          88    6.832051   14.109381  (    1174   15253)
          89    6.832595   12.339941  (    6738   14122)
          90    6.832989   18.865283  (     985   12224)
          91    6.835439   17.343731  (    1805   12224)
          92    6.836765   16.815879  (     132    7427)
          93    6.839500   15.147592  (       2   12720)
          94    6.839972   18.799671  (    3501   14744)
          95    6.840893   16.782430  (    5304   12224)
          96    6.841602   19.002615  (    8109   10658)
          97    6.843138   15.432014  (       2   11989)
          98    6.843771   20.965338  (     298   17017)
          99    6.844737   20.968333  (     298   17011)
         100    6.844975   17.199112  (    6906   13264)
