        Rank        RMSE       MaxAE  Feature_ID
           1   38.919276   96.156937  (       1)
           2   39.020372   98.864137  (       2)
           3   39.064535   93.526712  (       3)
           4   39.347566   89.577518  (       4)
           5   40.534762   89.820478  (       5)
           6   40.648076   95.755822  (       6)
           7   40.682420  129.260551  (       7)
           8   40.685334   81.129763  (       8)
           9   40.757738  114.166244  (       9)
          10   40.784807   81.007140  (      10)
          11   40.791510  122.500296  (      11)
          12   40.929948  112.368218  (      12)
          13   40.987577   84.285210  (      13)
          14   41.022237   83.316070  (      14)
          15   41.022874  113.838188  (      15)
          16   41.034140  118.796712  (      16)
          17   41.069341   87.458180  (      17)
          18   41.072978   93.413758  (      18)
          19   41.084723  114.071291  (      19)
          20   41.122474  107.590202  (      20)
          21   41.144893  103.210108  (      21)
          22   41.183297   83.141408  (      22)
          23   41.193395   98.201506  (      23)
          24   41.244574  107.233811  (      24)
          25   41.421214   99.344986  (      25)
          26   41.450271  118.080279  (      26)
          27   41.510008  121.532662  (      27)
          28   41.528024  107.508849  (      28)
          29   41.546963   82.000361  (      29)
          30   41.549139  114.572780  (      30)
          31   41.565292   96.146444  (      31)
          32   41.640931   81.946714  (      32)
          33   41.653931  107.850879  (      33)
          34   41.664346  102.139196  (      34)
          35   41.688762   91.321698  (      35)
          36   41.715141  124.112309  (      36)
          37   41.715646   84.867965  (      37)
          38   41.727540   97.946896  (      38)
          39   41.773416  106.253216  (      39)
          40   41.780163   86.068575  (      40)
          41   41.814663   80.076130  (      41)
          42   41.836167   84.092859  (      42)
          43   41.865921   89.249409  (      43)
          44   41.895712  102.179566  (      44)
          45   41.903996  103.500459  (      45)
          46   41.923482  107.749775  (      46)
          47   41.926851  125.161175  (      47)
          48   41.937650  109.105944  (      48)
          49   41.950578  111.649551  (      49)
          50   41.987095  124.812442  (      50)
          51   42.009514   83.992084  (      51)
          52   42.030247   87.061199  (      52)
          53   42.037579  109.717236  (      53)
          54   42.039852   83.248599  (      54)
          55   42.043216   88.969447  (      55)
          56   42.058360   93.570825  (      56)
          57   42.080728  141.923808  (      57)
          58   42.090531   99.973914  (      58)
          59   42.113271  114.723394  (      59)
          60   42.145638  123.436120  (      60)
          61   42.159926   88.848975  (      61)
          62   42.160867  104.604483  (      62)
          63   42.161749  111.386535  (      63)
          64   42.176011  114.363030  (      64)
          65   42.199536   89.061235  (      65)
          66   42.206273   86.216633  (      66)
          67   42.224642   92.719371  (      67)
          68   42.231877  114.294538  (      68)
          69   42.264012  105.256627  (      69)
          70   42.266649   88.559775  (      70)
          71   42.273806   88.245920  (      71)
          72   42.287115  123.913497  (      72)
          73   42.290375  115.475339  (      73)
          74   42.291171  106.769453  (      74)
          75   42.296417  113.769226  (      75)
          76   42.297298   93.341605  (      76)
          77   42.297678  100.486324  (      77)
          78   42.307609   78.491777  (      78)
          79   42.313482  113.274760  (      79)
          80   42.319192  101.820616  (      80)
          81   42.358629  118.614148  (      81)
          82   42.359895  114.630752  (      82)
          83   42.361834   98.188512  (      83)
          84   42.376616  103.391058  (      84)
          85   42.402295  114.851808  (      85)
          86   42.425146  105.190359  (      86)
          87   42.429116  122.794313  (      87)
          88   42.438602  119.264628  (      88)
          89   42.447684   87.342717  (      89)
          90   42.463266  108.916670  (      90)
          91   42.464680   85.301589  (      91)
          92   42.473039   96.866860  (      92)
          93   42.476840  103.792748  (      93)
          94   42.480119  116.716070  (      94)
          95   42.484632  140.917664  (      95)
          96   42.492517   88.255061  (      96)
          97   42.497146   86.618128  (      97)
          98   42.503047  118.138143  (      98)
          99   42.504266   70.160122  (      99)
         100   42.543664   97.253419  (     100)
