Materials	feature1	feature2	feature3	feature4	feature5	feature6	feature7	feature8	feature9	feature10	feature11	feature12	feature13	feature14	feature15	feature16	feature17	feature18	feature19	feature20	feature21	feature22	feature23	feature24	feature25	feature26	feature27
sample1_group1	0.0000	0.0000	0.0000	0.0000	0.0000	0.0000	0.0000	0.0000	0.0000	0.0000	0.0000	0.0000	0.0000	0.0000	0.0000	0.0000	0.0000	1.0000	0.0000	0.0000	0.0000	0.0000	0.0000	1.0000	1.0000	0.9783	1.0000
sample2_group1	0.0000	0.0000	0.0000	0.0000	0.0000	0.0000	0.0000	0.0000	0.0000	0.0000	0.0000	0.0000	0.0000	0.0000	0.0000	0.0000	0.2442	1.0000	0.0000	0.0000	0.1777	0.0000	0.5116	0.9397	0.5608	0.9410	1.0000
sample3_group1	0.0000	0.0000	0.0000	0.0000	1.0000	0.0000	0.0000	0.0000	0.0000	0.0000	0.0000	0.0000	0.0000	0.0000	0.0000	0.0000	0.1221	0.9997	0.0141	0.4535	0.2280	0.0000	0.0987	0.9666	0.9178	0.9819	0.9998
sample4_group1	0.0000	0.0000	0.0000	0.0000	0.0000	1.0000	0.0000	0.0000	0.0000	0.0000	0.0000	0.0000	0.0000	0.0000	0.0000	0.0000	0.3953	1.0000	0.0131	0.3605	0.4366	0.0000	0.4617	0.9454	0.8039	1.0000	0.9998
sample5_group1	0.0000	0.0000	0.0000	0.0000	0.0000	0.0000	1.0000	0.0000	0.0000	0.0000	0.0000	0.0000	0.0000	0.0000	0.0000	0.0000	0.4942	0.9997	0.0046	0.3372	1.0000	0.0000	0.6677	0.8989	0.6514	0.9528	0.9999
sample6_group1	0.0000	0.0000	0.0000	0.0000	0.0000	0.0000	0.0000	1.0000	0.0000	0.0000	0.0000	0.0000	0.0000	0.0000	0.0000	0.0000	0.7442	0.9998	0.0022	0.4535	0.4058	0.0000	0.5879	0.6343	0.5382	0.8847	0.5338
sample7_group1	0.0000	0.0000	0.0000	0.0000	0.0000	0.0000	0.0000	0.0000	0.0000	0.0000	0.0000	0.0000	0.0000	0.0000	0.0000	0.0000	0.0640	0.9996	0.3947	0.0000	0.1330	0.1867	0.1327	0.9666	0.7795	0.9588	0.2232
sample8_group1	0.0000	0.0000	0.0000	0.0000	0.0000	0.0000	0.0000	0.0000	0.0000	0.0000	0.0000	0.0000	0.0000	0.0000	0.0000	0.0000	0.1919	0.9995	0.3083	0.7326	0.0949	0.4000	0.1832	0.7120	0.7336	0.7804	0.0882
sample9_group1	0.0000	0.0000	0.0000	0.0000	0.0000	0.0000	0.0000	0.0000	0.0000	0.0000	0.0000	0.0000	0.0000	0.0000	0.0000	0.0000	0.5640	0.9991	0.2167	0.7326	0.2851	0.4000	0.5287	0.1408	0.5650	0.4810	0.2771
sample10_group1	0.0000	0.0000	0.0000	0.0000	0.0000	0.0000	0.0000	0.0000	0.0000	0.0000	0.0000	0.0000	0.0000	0.0000	0.0000	0.0000	0.4128	0.9955	0.9796	0.0000	0.2217	0.1867	0.6367	0.9054	0.3253	0.9297	0.5591
sample11_group1	0.0000	0.0000	0.0000	0.0000	0.0000	0.0000	0.0000	0.0000	0.0000	0.0000	0.0000	0.0000	0.0000	0.0000	0.0000	0.0000	0.3895	0.9998	1.0000	0.7326	0.2280	0.2133	0.5754	0.6933	0.4522	0.7409	0.5713
sample12_group1	0.0000	0.0000	0.0000	0.0000	0.0000	0.0000	0.0000	0.0000	0.0000	0.0000	0.0000	0.0000	0.0000	0.0000	0.0000	0.0000	0.5291	0.9998	0.2888	0.7326	0.2787	0.2453	0.6120	0.2372	0.2768	0.4368	0.3754
sample13_group1	0.0000	0.0000	0.0000	0.0000	0.0000	0.0000	0.0000	0.0000	0.0000	0.0000	0.0000	0.0000	0.0000	0.0000	0.0000	0.0000	0.6628	0.9998	0.9532	0.7326	0.3294	0.2133	0.6511	0.1216	0.5501	0.4810	0.2713
sample14_group1	0.0000	0.0000	0.0000	0.0000	0.0000	0.0000	0.0000	0.0000	0.0000	0.0000	0.0000	0.0000	0.0000	0.0000	0.0000	0.0000	0.3895	0.9997	0.3357	0.7326	0.2724	0.4000	0.5729	0.0617	0.8326	0.1500	0.4205
sample15_group1	0.0000	0.0000	0.0000	0.0000	0.0000	0.5000	0.0000	0.0000	0.0000	0.0000	0.0000	0.0000	0.0000	0.0000	0.0000	0.0000	0.3430	0.9997	0.2190	0.3605	0.3066	0.3147	0.4898	0.8393	0.6613	0.8824	0.4386
sample16_group1	0.0000	0.0000	0.0000	0.0000	0.0000	0.7500	0.0000	0.0000	0.0000	0.0000	0.0000	0.0000	0.0000	0.0000	0.0000	0.0000	0.3605	0.9997	0.1691	0.3605	0.3713	0.2720	0.4708	0.8725	0.6923	0.9418	0.4085
sample17_group1	0.0000	0.0000	0.0000	0.0000	0.0000	0.0000	0.0000	0.0000	0.5000	0.0000	0.0000	0.0000	0.0000	0.0000	0.0000	0.0000	0.6279	0.9995	0.4911	0.3605	0.3966	0.5307	0.7296	0.8105	0.4759	0.8747	0.1965
sample18_group1	0.0000	0.0000	0.0000	0.0000	0.0000	0.0000	0.0000	0.0000	0.7500	0.0000	0.0000	0.0000	0.0000	0.0000	0.0000	0.0000	0.8140	0.9996	0.2705	0.3605	0.5056	0.4587	0.8247	0.8047	0.4297	0.8756	0.1868
sample19_group1	0.0000	0.0000	0.0000	0.0000	0.0000	0.0000	0.0000	0.0000	0.0000	0.0000	1.0000	0.0000	0.0000	0.0000	0.0000	0.0000	0.3023	0.9996	0.2178	0.4070	0.2344	0.2400	0.5478	0.8550	0.6197	0.8606	0.6383
sample20_group1	0.0000	0.0000	0.0000	0.0000	0.0000	0.0000	0.0000	0.0000	0.0000	0.0000	0.0000	0.0000	1.0000	0.0000	0.0000	0.0000	0.3895	0.9997	0.2146	0.6395	0.2217	0.1867	0.5114	0.8102	0.5910	0.8863	0.5872
sample21_group1	1.0000	0.0000	0.0000	0.0000	0.0000	0.0000	0.0000	0.0000	0.0000	0.0000	0.0000	0.0000	0.0000	0.0000	0.0000	0.0000	0.7965	0.9998	0.1450	0.7326	0.4372	0.2400	0.7170	0.0794	0.3116	0.3357	0.4767
sample22_group1	0.0000	1.0000	0.0000	0.0000	0.0000	0.0000	0.0000	0.0000	0.0000	0.0000	0.0000	0.0000	0.0000	0.0000	0.0000	0.0000	0.7965	0.9998	0.2489	0.7326	0.4892	0.4587	0.8188	0.0000	0.4129	0.3740	0.5543
sample23_group1	0.0000	0.0000	0.0000	0.0000	0.0000	0.0000	0.0000	0.0000	0.0000	0.0000	0.0000	0.0000	0.0000	0.0000	0.0000	0.0000	0.6337	0.9995	0.1566	1.0000	0.3332	0.2000	0.6109	0.2290	0.0466	0.0000	0.2541
sample24_group1	0.0000	0.0000	0.5000	0.0000	0.0000	0.0000	0.0000	0.0000	0.0000	0.0000	0.0000	0.0000	0.0000	0.0000	0.0000	0.0000	0.8023	0.9997	0.0087	1.0000	0.3776	0.0133	0.7378	0.1002	0.3788	0.4230	0.2274
sample25_group1	0.0000	0.0000	1.0000	0.0000	0.0000	0.0000	0.0000	0.0000	0.0000	0.0000	0.0000	0.0000	0.0000	0.0000	0.0000	0.0000	0.8198	0.9998	0.0059	1.0000	0.3738	0.0160	0.7620	0.3480	0.0000	0.5924	0.3798
sample26_group1	0.0000	0.0000	0.0000	0.0000	0.0000	0.0000	0.0000	0.5000	0.0000	0.0000	0.0000	0.0000	0.0000	0.0000	0.0000	0.0000	0.7674	0.9997	0.0227	0.7326	0.3928	0.0293	0.6440	0.3140	0.2324	0.6584	0.7325
sample27_group1	0.0000	0.0000	0.0000	0.0000	0.0000	0.0000	0.2500	0.0000	0.0000	0.0000	0.0000	0.0000	0.0000	0.0000	0.0000	0.0000	0.3198	0.9994	0.5163	0.3372	0.3840	0.8640	0.5440	0.8701	0.6021	0.9120	0.4266
sample28_group1	0.0000	0.0000	0.0000	1.0000	0.0000	0.0000	0.0000	0.0000	0.0000	0.0000	0.0000	0.0000	0.0000	0.0000	0.0000	0.0000	0.7558	0.9961	0.0945	0.7326	0.4752	0.2320	0.6697	0.7895	0.4457	0.8579	0.6841
sample29_group1	0.0000	0.0000	0.0000	0.0000	0.0000	0.0000	0.0000	0.0000	0.0000	0.0000	1.0000	0.0000	0.0000	0.0000	0.0000	0.0000	0.3023	0.9995	0.2511	0.4070	0.2787	0.2507	0.6584	0.8385	0.3597	0.8493	0.4265
sample30_group1	0.0000	0.0000	0.0000	0.0000	0.0000	0.0000	0.0000	0.0000	0.0000	0.0000	0.0000	0.0000	0.0000	0.0000	1.0000	0.0000	0.5814	0.9995	0.2721	0.0000	0.3561	0.5280	0.9758	0.8556	0.0096	0.9122	0.4747
sample31_group1	0.0000	0.0000	0.0000	0.0000	0.0000	0.0000	0.0000	0.0000	0.0000	0.0000	0.0000	0.0000	0.0000	0.0000	0.0000	0.0000	0.6570	0.9997	0.2540	0.7326	0.3738	0.3280	0.6530	0.1081	0.1101	0.0135	0.7094
sample32_group1	0.0000	0.0000	0.0000	0.0000	0.0000	0.0000	0.0000	0.0000	0.0000	0.0000	0.0000	0.0000	0.0000	0.0000	0.0000	0.0000	0.5058	0.9998	0.2758	1.0000	0.2825	0.2400	0.5711	0.2777	0.1288	0.1621	0.3529
sample33_group1	0.0000	0.0000	0.0000	0.5000	0.0000	0.0000	0.0000	0.0000	0.0000	0.0000	0.0000	0.0000	0.0000	0.0000	0.0000	0.0000	0.5058	0.9992	0.3252	0.7326	0.3269	0.3973	0.5938	0.4128	0.5218	0.6145	0.3607
sample34_group1	0.0000	0.0000	0.0000	0.5000	0.0000	0.0000	0.0000	0.0000	0.0000	0.0000	0.0000	0.0000	0.0000	0.0000	0.0000	0.0000	0.6337	0.9991	0.0913	0.7326	0.3776	0.3360	0.6363	0.4257	0.6101	0.6362	0.4302
sample35_group1	0.0000	0.0000	0.5000	0.0000	0.0000	0.0000	0.0000	0.0000	0.0000	0.0000	0.0000	0.0000	0.0000	0.0000	0.0000	0.0000	0.3953	0.9995	0.2256	1.0000	0.2280	0.1973	0.5523	0.6292	0.3112	0.7270	0.5457
sample36_group1	0.0000	0.0000	0.0000	0.5000	0.0000	0.2500	0.0000	0.0000	0.0000	0.0000	0.0000	0.0000	0.0000	0.0000	0.0000	0.0000	0.4128	0.9994	0.2932	0.6395	0.3409	0.4107	0.5292	0.6891	0.4950	0.8563	0.5703
sample1_group2	0.0000	0.0000	0.0000	0.0000	0.0000	0.0000	0.0000	0.0000	0.0000	0.0000	0.0000	0.0000	0.0000	0.0000	0.0000	0.0000	0.8779	1.0000	0.0052	0.0000	0.3556	0.0000	1.0000	0.8576	0.0268	0.9131	0.2361
sample2_group2	0.0000	0.0000	0.0000	0.0000	0.0000	0.0000	0.0000	0.0000	1.0000	0.0000	0.0000	0.0000	0.0000	0.0000	0.0000	0.0000	1.0000	0.9999	0.0104	0.3605	0.6144	0.0000	0.9477	0.8392	0.5345	0.8670	0.7055
sample3_group2	0.0000	0.0000	0.0000	0.0000	0.0000	0.0000	0.0000	0.0000	0.0000	0.0000	0.0000	0.0000	0.0000	0.0000	0.0000	0.0000	0.0930	0.9995	0.3028	0.0000	0.0886	0.2160	0.2694	0.9451	0.6119	0.9492	0.1079
sample4_group2	0.0000	0.0000	0.0000	0.0000	0.0000	0.0000	0.0000	0.0000	0.0000	0.0000	0.0000	0.0000	0.0000	0.0000	0.0000	0.0000	0.1919	0.9996	0.1932	0.0000	0.1330	0.1867	0.3960	0.9427	0.5986	0.9426	0.1279
sample5_group2	0.0000	0.0000	0.0000	0.0000	0.0000	0.0000	0.0000	0.0000	0.0000	0.0000	0.0000	0.0000	0.0000	0.0000	0.0000	0.0000	0.1570	0.9931	0.6786	0.0000	0.0886	0.3733	0.2694	0.9451	0.6119	0.9492	0.1079
sample6_group2	0.0000	0.0000	0.0000	0.0000	0.0000	0.0000	0.0000	0.0000	0.0000	0.0000	0.0000	0.0000	0.0000	0.0000	0.0000	0.0000	0.3953	0.9995	0.1671	0.0000	0.1773	0.4320	0.5189	0.8762	0.1071	0.9178	0.0224
sample7_group2	0.0000	0.0000	0.0000	0.0000	0.0000	0.0000	0.0000	0.0000	0.0000	0.0000	0.0000	0.0000	0.0000	0.0000	0.0000	0.0000	0.3663	0.9995	0.5273	0.7326	0.1900	0.4619	0.3564	0.3153	0.4317	0.4190	0.0763
sample8_group2	0.0000	0.0000	0.0000	0.0000	0.0000	0.0000	0.0000	0.0000	0.0000	0.0000	0.0000	0.0000	0.0000	0.0000	0.0000	0.0000	0.8081	0.9997	0.0209	0.7326	0.3681	0.0293	0.8426	0.4311	0.1036	0.4660	0.3805
sample9_group2	0.0000	0.0000	0.0000	0.0000	0.0000	0.0000	0.0000	0.0000	0.7500	0.0000	0.0000	0.0000	0.0000	0.0000	0.0000	0.0000	0.9012	0.9995	0.1096	0.7326	0.6005	0.0600	0.8976	0.3635	0.7729	0.1262	0.2000
sample10_group2	0.0000	0.0000	0.0000	0.0000	0.0000	0.7500	0.0000	0.0000	0.0000	0.0000	0.0000	0.0000	0.0000	0.0000	0.0000	0.0000	0.5000	0.9997	0.0783	0.7326	0.4220	0.0587	0.5236	0.7288	0.6962	0.7529	0.6315
sample11_group2	0.0000	0.0000	0.0000	0.0000	0.0000	0.0000	0.0000	0.0000	0.0000	0.0000	0.0000	0.0000	0.0000	0.0000	0.0000	0.0000	0.5698	0.9995	0.2662	0.0000	0.2661	0.2160	0.7567	0.8836	0.2026	0.9226	0.3960
sample12_group2	0.0000	0.0000	0.0000	0.0000	0.0000	0.0000	0.0000	0.0000	0.0000	0.0000	0.0000	0.0000	0.0000	0.0000	0.0000	0.0000	0.7209	0.9997	0.1566	0.0000	0.3117	0.1867	0.8814	0.8713	0.1087	0.9144	0.2897
sample13_group2	0.0000	0.0000	0.0000	0.0000	0.0000	0.0000	0.0000	0.0000	0.0000	0.0000	0.0000	0.0000	0.0000	0.0000	0.0000	0.0000	0.5174	0.9997	0.2819	0.7326	0.3675	0.4613	0.6267	0.4413	0.2893	0.3405	0.5284
sample14_group2	0.0000	0.0000	0.5000	0.0000	0.0000	0.0000	0.0000	0.0000	0.0000	0.0000	0.0000	0.0000	0.0000	0.0000	0.0000	0.0000	0.3023	0.9996	0.2297	1.0000	0.2255	0.5013	0.5900	0.8142	0.5668	0.8722	0.5680
sample15_group2	0.0000	0.0000	0.0000	0.0000	0.0000	0.0000	0.0000	0.0000	0.0000	0.0000	0.0000	0.0000	0.0000	1.0000	0.0000	0.0000	0.3895	0.9997	0.3341	0.9651	0.2699	0.3867	0.6024	0.5040	0.8069	0.5335	0.4139
sample16_group2	0.0000	0.0000	0.0000	0.0000	0.0000	0.0000	0.0000	0.0000	0.0000	0.0000	0.0000	0.0000	0.0000	0.0000	0.0000	0.0000	0.2616	0.9997	0.5638	0.7326	0.1839	0.5533	0.3257	0.4007	0.8745	0.1731	0.0000
sample17_group2	0.0000	0.0000	0.0000	0.0000	0.0000	0.0000	0.0000	0.0000	0.0000	0.0000	0.0000	0.0000	0.0000	0.0000	0.0000	0.0000	0.4419	0.9997	0.3915	1.0000	0.2375	0.2309	0.4387	0.4229	0.3178	0.3167	0.3939
sample18_group2	0.0000	0.0000	0.0000	0.0000	0.0000	0.0000	0.0000	0.0000	0.0000	0.0000	0.0000	0.0000	0.0000	0.0000	0.0000	0.0000	0.5465	0.9996	0.3393	0.7326	0.3172	0.2171	0.7048	0.3843	0.8043	0.1463	0.6101
sample19_group2	0.0000	0.0000	0.0000	0.0000	0.0000	0.0000	0.0000	0.0000	0.0000	0.0000	0.0000	0.0000	0.0000	0.0000	0.0000	0.0000	0.3256	0.9996	0.4333	0.7326	0.2283	0.4947	0.4468	0.3944	0.8543	0.1611	0.1104
sample20_group2	0.0000	0.0000	0.5000	0.0000	0.0000	0.0000	0.0000	0.0000	0.0000	0.0000	0.0000	0.0000	0.0000	0.0000	0.0000	0.0000	0.3314	0.9995	0.3080	1.0000	0.1809	0.3163	0.4760	0.8069	0.6009	0.8642	0.0768
sample21_group2	0.0000	0.0000	0.0000	0.0000	0.0000	0.0000	0.0000	0.0000	0.0000	0.0000	0.0000	0.0000	0.0000	0.0000	0.0000	0.0000	0.6802	0.9996	0.1462	0.7326	0.3231	0.0293	0.7239	0.4103	0.0807	0.4199	0.5238
sample22_group2	0.0000	0.0000	0.0000	0.0000	0.0000	0.0000	0.0000	0.0000	0.0000	0.0000	0.0000	0.0000	0.0000	0.0000	0.0000	0.0000	0.5523	0.9996	0.2715	0.7326	0.2724	0.2320	0.6929	0.6686	0.1742	0.7345	0.3730
sample23_group2	0.0000	0.0000	0.0000	0.0000	0.0000	0.0000	0.0000	0.0000	0.0000	0.0000	0.0000	0.0000	0.0000	0.0000	0.0000	0.0000	0.3837	0.9996	0.2245	1.0000	0.2315	0.2080	0.5149	0.5614	0.3403	0.4474	0.5573
sample24_group2	0.0000	0.0000	0.0000	0.0000	0.0000	0.0000	0.0000	0.0000	0.0000	1.0000	0.0000	0.0000	0.0000	0.0000	0.0000	0.0000	0.5988	0.9996	0.7308	0.7326	0.4778	1.0000	0.7274	0.5974	0.3147	0.6693	0.1569
sample25_group2	0.0000	0.0000	0.0000	0.0000	0.0000	0.0000	0.0000	0.0000	0.0000	0.0000	0.0000	1.0000	0.0000	0.0000	0.0000	0.0000	0.3721	0.9995	0.2193	0.7326	0.2344	0.2053	0.4956	0.4084	0.2708	0.1931	0.5296
sample26_group2	0.0000	0.0000	0.0000	0.0000	0.0000	0.0000	0.0000	0.0000	0.0000	0.0000	0.0000	0.0000	0.0000	0.0000	0.0000	0.0000	0.3779	0.0000	0.3132	1.0000	0.2306	0.4880	0.5341	0.3914	0.8378	0.1477	0.4233
sample27_group2	0.0000	0.0000	0.0000	0.0000	0.0000	0.0000	0.0000	0.0000	0.0000	0.0000	0.0000	0.0000	0.0000	0.0000	0.0000	0.0000	0.5174	0.9993	0.1671	1.0000	0.3269	0.1925	0.6889	0.3350	0.1032	0.1716	0.4000
sample28_group2	0.0000	0.0000	0.0000	0.0000	0.0000	0.0000	0.0000	0.0000	0.0000	0.0000	0.0000	0.0000	0.0000	0.0000	0.0000	0.0000	0.3140	0.9996	0.3080	1.0000	0.1875	0.3280	0.3950	0.5950	0.3896	0.3245	0.0661
sample29_group2	0.0000	0.0000	0.0000	0.0000	0.0000	0.0000	0.0000	0.0000	0.0000	0.0000	0.0000	1.0000	0.0000	0.0000	0.0000	0.0000	0.3023	0.9995	0.3080	0.7326	0.1900	0.3280	0.3609	0.4837	0.4474	0.3636	0.0632
sample30_group2	0.0000	0.0000	0.5000	0.0000	0.0000	0.0000	0.0000	0.0000	0.0000	0.0000	0.0000	0.0000	0.0000	0.0000	0.0000	0.0000	0.3256	0.9995	0.3080	1.0000	0.1837	0.3173	0.4326	0.7045	0.3537	0.7671	0.0765
