        Rank        RMSE       MaxAE  Feature_ID
           1   12.110679   28.353461  (       1)
           2   12.142852   27.355012  (       2)
           3   12.151619   28.287461  (       3)
           4   12.165707   27.339332  (       4)
           5   12.225671   28.108939  (       5)
           6   12.231957   28.040677  (       6)
           7   12.241979   27.353666  (       7)
           8   12.266658   28.949755  (       8)
           9   12.273725   27.543774  (       9)
          10   12.277019   27.449801  (      10)
          11   12.279249   30.621649  (      11)
          12   12.290424   30.478926  (      12)
          13   12.294994   27.513153  (      13)
          14   12.295884   32.219929  (      14)
          15   12.315952   27.700005  (      15)
          16   12.317340   27.481015  (      16)
          17   12.370906   29.177150  (      17)
          18   12.373653   27.638301  (      18)
          19   12.379165   27.314105  (      19)
          20   12.387904   32.034284  (      20)
          21   12.393488   32.460873  (      21)
          22   12.403959   27.980401  (      22)
          23   12.408149   32.180364  (      23)
          24   12.413950   28.055903  (      24)
          25   12.416436   27.233673  (      25)
          26   12.419789   27.760438  (      26)
          27   12.420992   28.375100  (      27)
          28   12.421536   28.375178  (      28)
          29   12.422134   28.166811  (      29)
          30   12.430636   33.274335  (      30)
          31   12.432467   28.087966  (      31)
          32   12.432494   28.087461  (      32)
          33   12.432783   28.085610  (      33)
          34   12.433827   33.823274  (      34)
          35   12.440515   29.492394  (      35)
          36   12.441137   34.428117  (      36)
          37   12.441805   27.204101  (      37)
          38   12.442634   28.921849  (      38)
          39   12.443798   28.082056  (      39)
          40   12.445128   33.221209  (      40)
          41   12.445375   27.922173  (      41)
          42   12.446693   32.356837  (      42)
          43   12.464918   27.796288  (      43)
          44   12.465801   28.911096  (      44)
          45   12.467229   27.751182  (      45)
          46   12.469541   28.500011  (      46)
          47   12.470271   31.046436  (      47)
          48   12.475524   28.175723  (      48)
          49   12.478635   33.757554  (      49)
          50   12.479110   28.494582  (      50)
          51   12.486853   29.008180  (      51)
          52   12.489610   28.197636  (      52)
          53   12.490388   33.714857  (      53)
          54   12.491724   32.366552  (      54)
          55   12.493478   33.288634  (      55)
          56   12.494701   28.516203  (      56)
          57   12.498707   28.358799  (      57)
          58   12.502343   28.444013  (      58)
          59   12.502581   28.139772  (      59)
          60   12.503906   27.700420  (      60)
          61   12.506785   28.822298  (      61)
          62   12.506914   28.550005  (      62)
          63   12.507878   28.439554  (      63)
          64   12.508353   28.448398  (      64)
          65   12.508493   27.916142  (      65)
          66   12.508979   29.480025  (      66)
          67   12.509191   30.605744  (      67)
          68   12.510917   29.488593  (      68)
          69   12.512162   28.518970  (      69)
          70   12.513326   27.839840  (      70)
          71   12.513559   28.738555  (      71)
          72   12.514482   28.903747  (      72)
          73   12.517010   28.565523  (      73)
          74   12.517038   34.479323  (      74)
          75   12.518661   30.601888  (      75)
          76   12.520277   27.915751  (      76)
          77   12.521761   27.189856  (      77)
          78   12.522179   28.612296  (      78)
          79   12.523183   30.187097  (      79)
          80   12.523478   30.773890  (      80)
          81   12.525356   33.439089  (      81)
          82   12.526065   27.308253  (      82)
          83   12.527827   28.581862  (      83)
          84   12.528195   28.684562  (      84)
          85   12.530344   31.262281  (      85)
          86   12.540248   28.615857  (      86)
          87   12.541248   28.596724  (      87)
          88   12.544022   28.155703  (      88)
          89   12.547560   27.534547  (      89)
          90   12.548908   29.301883  (      90)
          91   12.550592   29.310715  (      91)
          92   12.553675   31.381751  (      92)
          93   12.554099   29.881999  (      93)
          94   12.554670   29.331584  (      94)
          95   12.556877   28.638668  (      95)
          96   12.559255   27.012760  (      96)
          97   12.562065   32.285614  (      97)
          98   12.562615   31.145874  (      98)
          99   12.565850   28.175224  (      99)
         100   12.568887   27.511309  (     100)
