Model_ID, [(c_i,i=0,n)_j,j=1,ntask]
           1    0.2335511651E+01    0.3442331262E+02    0.3177846253E+03
           2    0.2242627248E+01    0.2326747275E+02   -0.1931488756E+03
           3    0.3079011709E+01    0.3240894705E+02    0.2883930014E+03
           4    0.2199798959E+01    0.3406083379E+02   -0.2101486843E+03
           5    0.2154038613E+01    0.3602627833E+02    0.3338245260E+03
           6   -0.1726059311E+01   -0.2260580244E+02   -0.9391514608E+02
           7    0.3442604508E+01    0.2137380610E+02   -0.2261520178E+03
           8    0.3406328944E+01    0.2143557712E+02   -0.1895296134E+03
           9    0.3589620687E+01    0.2126020323E+02   -0.4274493790E+03
          10    0.2023855753E+01    0.3557281243E+02   -0.2190902419E+03
          11    0.3177145423E+01    0.2216214636E+02    0.1206139940E+03
          12    0.3882302343E+01    0.2252998603E+02   -0.1956270050E+03
          13    0.2543652636E+01   -0.1392853977E+02   -0.1039769654E+03
          14    0.1613972060E+02   -0.1616624199E+02   -0.1962008775E+03
          15    0.3489884775E+01    0.2154641617E+02   -0.1201695617E+03
          16    0.9849908680E+00    0.2463602068E+02   -0.2334701849E+03
          17    0.3625306410E+01    0.2284635114E+02   -0.1857547171E+03
          18    0.3083107939E+01    0.2238190825E+02   -0.1672794488E+03
          19    0.3459125723E+01    0.2118247616E+02   -0.2554940771E+03
          20    0.1799106351E+02    0.1944243663E+02   -0.3841541810E+02
          21    0.1456906026E+01    0.1896674132E+02   -0.1187731688E+03
          22    0.3826952560E+01    0.2213261547E+02   -0.1892353981E+03
          23    0.3183453664E+01   -0.3549047771E+02   -0.1785775327E+03
          24    0.3285367069E+01   -0.3572544853E+02    0.1161854281E+03
          25    0.1436340588E+01    0.1900611655E+02    0.1165855717E+03
          26    0.2683971376E+01    0.2391808625E+02   -0.2389000395E+03
          27    0.1632847298E+02   -0.1456354409E+02   -0.1052974405E+03
          28    0.3159432031E+01    0.2232467486E+02   -0.3915913882E+03
          29    0.3407758174E+01    0.2298512247E+02   -0.1833100752E+03
          30    0.2800427080E+01    0.1982963237E+02   -0.1874121598E+03
          31    0.3688665010E+01    0.6294862311E+02    0.2227842079E+03
          32    0.2711163037E+01    0.1993036703E+02   -0.1844045884E+03
          33    0.3051004398E+01    0.2232755500E+02   -0.1958755640E+03
          34    0.2410691687E+01    0.1634920773E+02   -0.1698372562E+03
          35    0.3596852153E+01    0.2179042014E+02   -0.1270833232E+03
          36    0.2732070538E+00   -0.1215892058E+02   -0.8219689826E+02
          37    0.3606359467E+01    0.2177651351E+02   -0.1269705864E+03
          38    0.1789014591E+02    0.1935690774E+02    0.3859203851E+02
          39    0.2471973979E+01    0.2418941892E+02   -0.2259788817E+03
          40    0.1605010218E+01    0.2640899568E+02    0.3539324164E+03
          41    0.1603153945E+01    0.2642001047E+02    0.3542504053E+03
          42    0.3612171709E+01    0.2176787663E+02   -0.1268952789E+03
          43    0.3381176134E+01    0.2294673853E+02   -0.1829984235E+03
          44    0.4530929593E+01    0.2124417013E+02   -0.1818380774E+03
          45    0.2138251670E+01    0.2116401738E+02   -0.1612314259E+03
          46    0.1734805381E+01    0.2438597483E+02   -0.1918500403E+03
          47    0.1421027704E+01    0.2410370051E+02   -0.1958659514E+03
          48    0.3433083902E+01    0.2147656461E+02   -0.1360380730E+03
          49    0.2540262291E+01    0.3315839059E+02    0.1878528396E+03
          50    0.3683902211E+01    0.2185421434E+02   -0.1264627262E+03
          51    0.1522267702E+01    0.1936344688E+02   -0.1189350614E+03
          52    0.1571931696E+01    0.2397993077E+02   -0.1941252734E+03
          53    0.1496259716E+01    0.2112141107E+02   -0.2259809429E+03
          54    0.1570902293E+01    0.2103338637E+02   -0.2298412005E+03
          55    0.3804459216E+01   -0.2431481677E+02    0.1026868553E+03
          56    0.3648748392E+01    0.2193923381E+02   -0.1262588692E+03
          57    0.3687731253E+01    0.2180752490E+02   -0.1265895877E+03
          58    0.1703040707E+01    0.2591325748E+02    0.3407878266E+03
          59    0.2662212927E+01    0.2346063213E+02   -0.2305671513E+03
          60    0.2984631196E+01    0.3182761293E+02   -0.1802192312E+03
          61    0.2417195420E+01    0.1220539991E+02    0.2119343896E+03
          62    0.1720557611E+01    0.2438990215E+02   -0.1910154953E+03
          63    0.3661298884E+01    0.2187312383E+02   -0.1265015120E+03
          64    0.1318805051E+02    0.1717630800E+02    0.2244164882E+03
          65    0.1502568601E+01    0.1940163641E+02    0.1166247782E+03
          66    0.3523286568E+01    0.2185890186E+02   -0.2268272787E+03
          67    0.3790821479E+01    0.2167726215E+02   -0.1291138544E+03
          68    0.1458226643E+01    0.2332349413E+02   -0.1581732036E+03
          69    0.3787334930E+01    0.2165538367E+02   -0.1287865754E+03
          70    0.1398765621E+02    0.1343213279E+02   -0.9766571720E+02
          71    0.1628802275E+01    0.1925175710E+02   -0.1753101984E+03
          72    0.1863685271E+01    0.1273700412E+02    0.3342226141E+03
          73    0.1706061624E+01   -0.2438966246E+02   -0.1900555014E+03
          74    0.2886773440E+01   -0.3797736009E+02   -0.1569157853E+03
          75    0.3734035638E+01    0.2161059726E+02   -0.1260632375E+03
          76    0.3955417845E+01    0.1540049961E+02   -0.1524702007E+03
          77    0.3324878404E+01    0.2203407080E+02   -0.1628030385E+03
          78    0.3171799377E+01   -0.3537338904E+02   -0.1756944925E+03
          79    0.1668884357E+01    0.2318783131E+02   -0.1881718053E+03
          80    0.1306481859E+02   -0.1330733690E+02   -0.1816319287E+03
          81    0.2394419872E+01    0.1631087596E+02   -0.1678224223E+03
          82    0.3988508815E+01    0.1534816621E+02   -0.1811684526E+03
          83    0.2874903377E+01   -0.3803349268E+02    0.1547579570E+03
          84    0.1197547667E+01    0.1985997763E+02   -0.1121648575E+03
          85    0.1647651236E+01    0.2319691131E+02   -0.1884371868E+03
          86    0.2732171360E+01   -0.3712183951E+02    0.8859313664E+02
          87    0.3772633576E+01    0.2153723325E+02   -0.1247668394E+03
          88    0.2433548275E+01   -0.2342743476E+02    0.2689544470E+03
          89    0.3894963700E+01    0.1543109901E+02   -0.1522751559E+03
          90    0.1513052922E+01    0.2460129458E+02   -0.1936205790E+03
          91    0.1355188091E+02    0.1473068275E+02   -0.1771501293E+03
          92    0.3364830039E+01    0.2194486022E+02   -0.1930676747E+03
          93    0.1946539805E+01    0.1816742253E+02   -0.1595816917E+03
          94    0.1452069334E+01    0.2430035751E+02   -0.1738496105E+03
          95    0.3752578399E+01    0.2155403691E+02   -0.1247169701E+03
          96   -0.3051487489E+00   -0.2158538897E+02   -0.1019088410E+03
          97    0.1720045566E+01    0.2594352647E+02    0.3496327744E+03
          98    0.2841935667E+01   -0.3788155847E+02   -0.1287128464E+03
          99    0.3697757024E+01    0.2163074830E+02   -0.1252839304E+03
         100    0.1328998934E+02    0.1728054288E+02    0.2198577347E+03
