        Rank        RMSE       MaxAE  Feature_ID
           1    5.430463   16.057488  (       1)
           2    5.443908   15.017409  (       2)
           3    5.466599   13.365463  (       3)
           4    5.494204   14.836791  (       4)
           5    5.510219   16.232514  (       5)
           6    5.520887   18.110148  (       6)
           7    5.542317   16.495921  (       7)
           8    5.553848   17.326104  (       8)
           9    5.557857   14.427408  (       9)
          10    5.563706   14.780100  (      10)
          11    5.565872   16.215031  (      11)
          12    5.576204   15.841455  (      12)
          13    5.585279   17.225486  (      13)
          14    5.587365   15.510778  (      14)
          15    5.589303   16.641198  (      15)
          16    5.590561   15.024743  (      16)
          17    5.591328   16.362532  (      17)
          18    5.596139   17.300426  (      18)
          19    5.610731   16.165673  (      19)
          20    5.611002   17.480401  (      20)
          21    5.611038   16.993242  (      21)
          22    5.627576   16.327771  (      22)
          23    5.627983   17.458550  (      23)
          24    5.632900   16.333352  (      24)
          25    5.633260   16.429049  (      25)
          26    5.633405   17.529120  (      26)
          27    5.633693   15.758024  (      27)
          28    5.634166   15.462801  (      28)
          29    5.638843   16.328544  (      29)
          30    5.641676   18.045924  (      30)
          31    5.641800   16.314429  (      31)
          32    5.645363   17.808197  (      32)
          33    5.650221   19.035487  (      33)
          34    5.653924   16.650202  (      34)
          35    5.656155   16.225000  (      35)
          36    5.656717   18.296634  (      36)
          37    5.657512   19.229227  (      37)
          38    5.661200   16.366906  (      38)
          39    5.663809   18.825215  (      39)
          40    5.664654   17.939725  (      40)
          41    5.669822   17.263563  (      41)
          42    5.671485   17.078407  (      42)
          43    5.671605   18.294173  (      43)
          44    5.671773   16.587424  (      44)
          45    5.674276   16.367004  (      45)
          46    5.675776   16.370439  (      46)
          47    5.677452   16.374125  (      47)
          48    5.679353   16.830376  (      48)
          49    5.680034   18.072548  (      49)
          50    5.683561   16.736185  (      50)
          51    5.684569   16.645172  (      51)
          52    5.684708   16.908159  (      52)
          53    5.686943   14.913371  (      53)
          54    5.689500   17.502188  (      54)
          55    5.690529   16.842460  (      55)
          56    5.693042   16.342604  (      56)
          57    5.699142   15.642823  (      57)
          58    5.699787   16.826573  (      58)
          59    5.700101   17.803536  (      59)
          60    5.700147   17.805931  (      60)
          61    5.700197   17.801312  (      61)
          62    5.700923   17.504546  (      62)
          63    5.702009   18.974524  (      63)
          64    5.702056   16.056637  (      64)
          65    5.703997   17.580784  (      65)
          66    5.704810   18.517823  (      66)
          67    5.705473   15.757926  (      67)
          68    5.706279   20.292964  (      68)
          69    5.707753   15.962949  (      69)
          70    5.707776   18.147626  (      70)
          71    5.710129   16.742649  (      71)
          72    5.711265   16.728952  (      72)
          73    5.711585   16.076545  (      73)
          74    5.715068   16.427875  (      74)
          75    5.719105   16.768180  (      75)
          76    5.722657   19.239859  (      76)
          77    5.722838   19.241809  (      77)
          78    5.723298   15.992761  (      78)
          79    5.723318   19.244066  (      79)
          80    5.726829   16.075278  (      80)
          81    5.728179   16.083827  (      81)
          82    5.729946   16.092970  (      82)
          83    5.730205   16.210845  (      83)
          84    5.736748   17.544521  (      84)
          85    5.737574   16.493309  (      85)
          86    5.740788   16.452825  (      86)
          87    5.742326   17.126282  (      87)
          88    5.742528   17.017954  (      88)
          89    5.742939   17.021569  (      89)
          90    5.745681   16.351326  (      90)
          91    5.745744   16.901583  (      91)
          92    5.747057   17.596478  (      92)
          93    5.749159   17.578835  (      93)
          94    5.749663   15.515383  (      94)
          95    5.751203   16.310010  (      95)
          96    5.753474   17.600771  (      96)
          97    5.753550   17.770811  (      97)
          98    5.753861   18.705480  (      98)
          99    5.754710   18.279995  (      99)
         100    5.755304   18.278016  (     100)
