Model_ID, [(c_i,i=0,n)_j,j=1,ntask]
           1    0.2320567273E+02    0.2449534739E+02    0.3748265507E+03
           2    0.4456153269E+02   -0.4003614876E+02    0.3948454276E+03
           3    0.5202894951E+02    0.2560374089E+02    0.2055938579E+03
           4    0.2305698445E+02    0.2569065301E+02    0.5450672547E+03
           5    0.2203229737E+02    0.2554750777E+02    0.7912268104E+03
           6    0.2339046206E+02    0.2437901673E+02    0.3765745091E+03
           7    0.2164535301E+02    0.2606497905E+02    0.5233718399E+03
           8    0.2046099562E+02    0.2755156333E+02    0.2437571530E+03
           9    0.2251054569E+02    0.2556191366E+02    0.7549995545E+03
          10    0.2041234735E+02    0.2761027814E+02    0.2421089958E+03
          11    0.2246231593E+02    0.2563893852E+02    0.3946008479E+03
          12    0.2178238904E+02    0.2617397333E+02    0.2259486134E+03
          13    0.2135268929E+02    0.2586918674E+02    0.1026495938E+04
          14    0.2057692733E+02    0.2742761412E+02   -0.2480828217E+03
          15    0.2353795425E+02    0.2566555015E+02    0.5175008710E+03
          16    0.2310927705E+02    0.2423935289E+02    0.3802738347E+03
          17    0.2103925391E+02    0.2726738387E+02    0.2430879796E+03
          18    0.2076394838E+02    0.2738278073E+02    0.2456334019E+03
          19    0.2179826511E+02    0.2591441181E+02    0.9846704930E+03
          20    0.2069097630E+02    0.2736982877E+02    0.2469788454E+03
          21    0.2077923671E+02    0.2737282376E+02    0.2454738304E+03
          22    0.2239313713E+02    0.2596076696E+02    0.2235357617E+03
          23    0.4569066722E+02    0.3887708505E+02    0.1228624806E+03
          24    0.4644114854E+02    0.3934242376E+02    0.1273258886E+03
          25    0.2071367885E+02    0.2757496831E+02    0.2263630408E+03
          26    0.2357745014E+02    0.2430355352E+02    0.3739006270E+03
          27    0.4599930046E+02    0.4085174877E+02    0.1287192332E+03
          28    0.5078410534E+02   -0.4363076356E+02   -0.2030966070E+03
          29    0.2138567448E+02    0.2590772251E+02    0.5370192583E+03
          30    0.2188295357E+02    0.2616505183E+02    0.2237773390E+03
          31    0.9252161822E+01    0.6784469204E+02   -0.2495976544E+03
          32    0.4638110499E+02    0.3876731450E+02    0.1490616309E+03
          33    0.2130962281E+02    0.2721389231E+02    0.1859328517E+03
          34    0.4624324149E+02    0.4094329843E+02    0.1054150851E+03
          35    0.9304174841E+01    0.6791335426E+02   -0.2493540849E+03
          36    0.2028171259E+02    0.2761769403E+02    0.2473749403E+03
          37    0.2105946202E+02    0.2721344207E+02   -0.2423668055E+03
          38    0.2217237582E+02    0.2550570932E+02    0.4067810419E+03
          39    0.4532284167E+02    0.4036201785E+02    0.3962839978E+03
          40    0.4642349423E+02    0.4096749198E+02    0.1249967129E+03
          41    0.2323549942E+02    0.2415741689E+02    0.3843145498E+03
          42    0.2108557982E+02    0.2719921999E+02    0.2402002154E+03
          43    0.2106831187E+02    0.2719441803E+02    0.2420708244E+03
          44    0.2189107238E+02    0.2594711306E+02    0.5206569313E+03
          45    0.4580276533E+02   -0.3995562701E+02    0.1230147506E+03
          46    0.2106915191E+02    0.2719270210E+02    0.2420431172E+03
          47    0.2188299550E+02    0.2673982850E+02   -0.2358360023E+03
          48    0.2106999988E+02    0.2719098393E+02   -0.2420152088E+03
          49    0.2261197695E+02    0.2556357398E+02    0.3938475148E+03
          50    0.4519475417E+02    0.3797558717E+02    0.3370980411E+03
          51    0.2218296547E+02    0.2598295614E+02    0.2245879665E+03
          52    0.2161719431E+02    0.2702540259E+02    0.1875660645E+03
          53    0.2219821811E+02    0.2597271592E+02    0.2244592938E+03
          54    0.2258022178E+02    0.2622835663E+02   -0.2221564428E+03
          55    0.2340967812E+02    0.2572133345E+02    0.2705283383E+03
          56    0.4442843071E+02    0.4213073344E+02    0.3023061205E+03
          57    0.4952643517E+02    0.4537563621E+02   -0.2032205615E+03
          58    0.4877259070E+02   -0.4928400313E+02    0.4188853576E+03
          59    0.4516281719E+02   -0.4155099018E+02    0.1294397778E+03
          60    0.2205915490E+02    0.2539553853E+02    0.5745741659E+03
          61    0.2108001708E+02    0.2717162799E+02    0.2416895827E+03
          62    0.4466409043E+02   -0.4182006136E+02    0.2918782782E+03
          63    0.2182970488E+02    0.2717120381E+02    0.1771551282E+03
          64    0.2015390321E+02    0.2742993824E+02    0.2504089640E+03
          65    0.4457687623E+02   -0.4167343458E+02    0.2976201357E+03
          66    0.4858181046E+02   -0.4933816505E+02    0.2065288932E+03
          67    0.5061398754E+02   -0.4761207180E+02    0.3147860495E+03
          68    0.2010490442E+02    0.2748890354E+02    0.2486992084E+03
          69    0.2369617921E+02    0.2426407946E+02    0.3713152095E+03
          70    0.2307702061E+02    0.2563707591E+02    0.2808729101E+03
          71    0.2326108278E+02    0.2430323936E+02   -0.5983199662E+03
          72    0.5367288670E+02    0.2714962257E+02    0.1943256473E+03
          73    0.2251398985E+02    0.2648385428E+02   -0.1824229729E+03
          74    0.2157527911E+02    0.2578940017E+02    0.1018262550E+04
          75    0.2472261956E+02    0.2451879556E+02    0.2480420105E+03
          76    0.2026695068E+02    0.2730697746E+02   -0.2549848715E+03
          77    0.2228016636E+02    0.2545574200E+02    0.4077563388E+03
          78    0.4714504311E+02    0.3914897632E+02    0.1532288871E+03
          79    0.2212406828E+02    0.2698935182E+02    0.1786835012E+03
          80    0.2145115001E+02    0.2754485617E+02   -0.2365705565E+03
          81    0.5062892115E+02   -0.4765942010E+02    0.3133576660E+03
          82    0.2182856354E+02    0.2688879215E+02    0.1856169019E+03
          83    0.4638692922E+02    0.4295074593E+02    0.3899840653E+03
          84    0.2038645135E+02    0.2724642993E+02    0.2538097068E+03
          85    0.2046505692E+02    0.2725731744E+02    0.2523545172E+03
          86    0.4545941341E+02    0.4029815077E+02    0.1001654321E+03
          87    0.4534699097E+02   -0.3999705647E+02    0.3696444487E+03
          88    0.2067366582E+02    0.2740525553E+02    0.2476236039E+03
          89    0.2048093897E+02    0.2724700633E+02    0.2521882745E+03
          90    0.2156647967E+02    0.2599212199E+02    0.2310773140E+03
          91    0.2075504196E+02    0.2713508885E+02    0.2495992073E+03
          92    0.2193698237E+02    0.2555518998E+02    0.5663730619E+03
          93    0.2162095446E+02    0.2577426341E+02    0.1015867490E+04
          94    0.4635127227E+02   -0.4571045313E+02    0.1859982207E+03
          95    0.2111497626E+02    0.2711349293E+02   -0.2405938067E+03
          96    0.2146140277E+02    0.2710184033E+02    0.1866503475E+03
          97    0.2156386128E+02    0.2583010785E+02    0.5376975324E+03
          98    0.2215788707E+02    0.2735148507E+02   -0.1830475789E+03
          99    0.1001527303E+02    0.6653304901E+02   -0.1841204521E+03
         100    0.2295487837E+02    0.2648447348E+02   -0.1741919357E+03
