Model_ID, [(c_i,i=0,n)_j,j=1,ntask]
           1    0.1334879507E+02    0.6440016567E+02
           2    0.1434061167E+02    0.6320146815E+02
           3    0.1430016062E+02    0.6308563988E+02
           4    0.1335044712E+02    0.6425158448E+02
           5    0.3757291631E+02   -0.4231259841E+02
           6    0.3863695500E+02   -0.4133199880E+02
           7    0.3850005039E+02   -0.4049977923E+02
           8    0.3849189295E+02   -0.4048334456E+02
           9    0.4522795512E+02    0.3495028531E+02
          10    0.4140390652E+02    0.3957788747E+02
          11    0.5295719657E+02   -0.3551791523E+02
          12    0.3861530494E+02   -0.4072749293E+02
          13    0.3808328391E+02   -0.4117856130E+02
          14    0.1601669945E+02    0.6236045649E+02
          15    0.3900063546E+02   -0.3938727564E+02
          16    0.4419462349E+02    0.3576779893E+02
          17    0.3794546860E+02   -0.4036893758E+02
          18    0.3850326465E+02   -0.4065224127E+02
          19    0.3880005508E+02   -0.4063389161E+02
          20    0.3880821592E+02   -0.4062501924E+02
          21    0.3814211772E+02   -0.4094806818E+02
          22    0.3881968770E+02   -0.4061196804E+02
          23    0.3918936508E+02    0.4111182013E+02
          24    0.3915393272E+02    0.3960273653E+02
          25    0.3791280163E+02   -0.4029708113E+02
          26    0.3911572971E+02   -0.3960009947E+02
          27    0.3845897870E+02   -0.4058307980E+02
          28    0.5315205597E+02    0.6030491359E+02
          29    0.3886613656E+02    0.4055249797E+02
          30    0.3859912645E+02   -0.3925610466E+02
          31    0.3891513033E+02   -0.4050305622E+02
          32    0.3784930923E+02   -0.4149879298E+02
          33    0.3967574324E+02    0.3998974374E+02
          34    0.4487790841E+02    0.3474293429E+02
          35    0.3894440173E+02   -0.3941772150E+02
          36    0.3843192287E+02    0.4100893672E+02
          37    0.3890531811E+02   -0.4049455707E+02
          38    0.3847307293E+02    0.3923695177E+02
          39    0.3907643999E+02   -0.3825777562E+02
          40    0.4380529055E+02    0.3560736048E+02
          41    0.4384314779E+02    0.3561892143E+02
          42    0.3941283056E+02   -0.3842939903E+02
          43    0.3889561791E+02   -0.4048513608E+02
          44    0.3772389912E+02    0.4068674828E+02
          45    0.1577557787E+02   -0.5928142872E+02
          46    0.3771580347E+02   -0.4067165735E+02
          47    0.3843250709E+02   -0.3915395224E+02
          48    0.5299952894E+02   -0.3474978997E+02
          49    0.3940172269E+02   -0.3941496795E+02
          50    0.4892511392E+02    0.4323074321E+02
          51    0.3792182351E+02    0.3523663290E+02
          52    0.1582919294E+02   -0.5930125343E+02
          53    0.1671780127E+02    0.5813422198E+02
          54    0.3939219782E+02   -0.3940577016E+02
          55    0.5163161403E+02    0.3729924443E+02
          56    0.3938276932E+02   -0.3939572105E+02
          57    0.1559093411E+02    0.6174953611E+02
          58    0.5311252592E+02   -0.3771409748E+02
          59    0.5311715159E+02   -0.3770626266E+02
          60    0.3701359426E+02    0.4145484685E+02
          61    0.4435244473E+02    0.3545448560E+02
          62    0.3899505832E+02   -0.4033763395E+02
          63    0.3700546123E+02   -0.4144014032E+02
          64    0.3861819654E+02   -0.3985143178E+02
          65    0.1322826937E+02    0.6495298498E+02
          66    0.3847810775E+02    0.4167994801E+02
          67    0.3864677920E+02    0.4082163834E+02
          68    0.3841229813E+02   -0.4024960787E+02
          69    0.3856249572E+02   -0.3812478740E+02
          70    0.1554942258E+02    0.6175501332E+02
          71    0.3836447020E+02   -0.4032712688E+02
          72    0.1323506137E+02    0.6479151142E+02
          73    0.4499113902E+02   -0.4111522919E+02
          74    0.5028621611E+02    0.5618450935E+02
          75    0.4470734471E+02    0.3449034416E+02
          76    0.3816289297E+02    0.3473383063E+02
          77    0.1554712598E+02    0.6176384166E+02
          78    0.4523823182E+02    0.3444406311E+02
          79    0.4738723551E+02   -0.3398297503E+02
          80    0.5579039173E+02    0.5074902468E+02
          81    0.3845389017E+02   -0.4005784575E+02
          82    0.3986724724E+02   -0.3879521838E+02
          83    0.1262670534E+02   -0.6468020624E+02
          84    0.3989674392E+02   -0.3839196592E+02
          85    0.3914804150E+02    0.3974125797E+02
          86    0.1925187552E+02    0.6272217304E+02
          87    0.1468175438E+02   -0.6293581066E+02
          88    0.3889038686E+02   -0.3921988498E+02
          89    0.3887818619E+02    0.3921536692E+02
          90    0.1773486013E+02    0.5664510673E+02
          91    0.3784889061E+02   -0.3942127394E+02
          92    0.1262604094E+02   -0.6453865531E+02
          93    0.3975030959E+02   -0.3906107665E+02
          94    0.3886869265E+02   -0.3920740555E+02
          95    0.4045646497E+02   -0.3720935897E+02
          96    0.1711013501E+02   -0.6665551994E+02
          97    0.4496985328E+02    0.3607646682E+02
          98    0.4044777625E+02    0.4135172335E+02
          99    0.3880748541E+02    0.3985010052E+02
         100    0.1256878899E+02    0.6475359807E+02
