        Rank        RMSE       MaxAE  Feature_ID
           1   12.742421   31.652364  (       1)
           2   12.753438   32.030993  (       2)
           3   12.755947   31.931291  (       3)
           4   12.758491   31.578010  (       4)
           5   13.001193   32.762067  (       5)
           6   13.002059   33.598314  (       6)
           7   13.032985   33.268086  (       7)
           8   13.036075   33.256111  (       8)
           9   13.043087   33.185346  (       9)
          10   13.056029   28.746008  (      10)
          11   13.058635   32.015538  (      11)
          12   13.062118   33.436238  (      12)
          13   13.065875   33.008999  (      13)
          14   13.066835   33.276866  (      14)
          15   13.072947   33.510238  (      15)
          16   13.079995   32.731576  (      16)
          17   13.087075   32.683110  (      17)
          18   13.090257   33.306717  (      18)
          19   13.090357   33.599245  (      19)
          20   13.093226   33.605345  (      20)
          21   13.095149   33.014290  (      21)
          22   13.097455   33.613785  (      22)
          23   13.100545   34.099577  (      23)
          24   13.100564   33.713587  (      24)
          25   13.100998   32.633751  (      25)
          26   13.102284   33.674771  (      26)
          27   13.114845   33.246365  (      27)
          28   13.114881   31.555112  (      28)
          29   13.116831   33.646419  (      29)
          30   13.120470   33.078258  (      30)
          31   13.126010   33.683927  (      31)
          32   13.128924   32.849414  (      32)
          33   13.130830   34.325298  (      33)
          34   13.132451   32.688302  (      34)
          35   13.133523   33.461077  (      35)
          36   13.134276   33.318235  (      36)
          37   13.135807   33.672141  (      37)
          38   13.137035   32.947756  (      38)
          39   13.139545   33.323662  (      39)
          40   13.139770   32.228504  (      40)
          41   13.144714   32.274557  (      41)
          42   13.145857   33.699920  (      42)
          43   13.145906   33.660252  (      43)
          44   13.148095   32.535367  (      44)
          45   13.149289   33.236105  (      45)
          46   13.150621   32.523766  (      46)
          47   13.153255   32.887909  (      47)
          48   13.153867   31.714479  (      48)
          49   13.154617   33.917758  (      49)
          50   13.157364   29.141058  (      50)
          51   13.159577   33.766716  (      51)
          52   13.160339   33.300455  (      52)
          53   13.161456   33.557123  (      53)
          54   13.164523   33.906097  (      54)
          55   13.171771   31.486302  (      55)
          56   13.174713   33.894334  (      56)
          57   13.180189   32.538588  (      57)
          58   13.181115   33.152674  (      58)
          59   13.183810   33.153797  (      59)
          60   13.185241   32.003491  (      60)
          61   13.187194   32.667280  (      61)
          62   13.187403   33.725428  (      62)
          63   13.187478   31.991941  (      63)
          64   13.188637   33.235622  (      64)
          65   13.188801   31.814630  (      65)
          66   13.192037   33.520295  (      66)
          67   13.192869   33.489582  (      67)
          68   13.196065   33.122219  (      68)
          69   13.198090   32.778824  (      69)
          70   13.199246   32.499878  (      70)
          71   13.204008   33.092399  (      71)
          72   13.205607   31.738821  (      72)
          73   13.206529   36.417401  (      73)
          74   13.208797   30.922780  (      74)
          75   13.209855   32.338669  (      75)
          76   13.212465   33.858174  (      76)
          77   13.213972   32.502097  (      77)
          78   13.217073   32.836746  (      78)
          79   13.217701   30.920752  (      79)
          80   13.218912   32.194636  (      80)
          81   13.219414   33.119265  (      81)
          82   13.222251   34.239316  (      82)
          83   13.223121   31.073528  (      83)
          84   13.224320   34.175138  (      84)
          85   13.227285   33.739874  (      85)
          86   13.227844   31.171230  (      86)
          87   13.229209   32.236240  (      87)
          88   13.229918   33.361105  (      88)
          89   13.234973   33.347855  (      89)
          90   13.235141   33.767835  (      90)
          91   13.235284   32.366391  (      91)
          92   13.235839   31.000454  (      92)
          93   13.241431   34.184137  (      93)
          94   13.244357   33.336512  (      94)
          95   13.244994   34.460141  (      95)
          96   13.248172   30.780910  (      96)
          97   13.248524   33.725631  (      97)
          98   13.249545   28.737784  (      98)
          99   13.250003   33.424602  (      99)
         100   13.250416   31.053155  (     100)
