Model_ID, [(c_i,i=0,n)_j,j=1,ntask]
           1    0.3489070071E+03    0.4612731915E+03
           2    0.1921426544E+03   -0.9440744302E+02
           3    0.3009696924E+03    0.1720175402E+03
           4    0.1742670941E+03    0.1033117585E+03
           5    0.3593098400E+03    0.4023646729E+03
           6    0.2452146676E+03    0.8999036403E+02
           7    0.1994947516E+03    0.7572397685E+02
           8    0.3278722923E+03    0.1968759305E+03
           9    0.1922000567E+03   -0.8358558012E+02
          10    0.2235163491E+03    0.1194881082E+03
          11    0.2447206390E+03    0.8736448436E+02
          12    0.3092028745E+03    0.1906016605E+03
          13    0.2016321873E+03   -0.7269975962E+02
          14    0.1338673195E+03    0.8679833809E+02
          15    0.3027976363E+03    0.1482354166E+03
          16    0.2462638933E+03   -0.1355611494E+03
          17    0.3107696167E+03    0.2234967556E+03
          18    0.2170002372E+03   -0.1191684359E+03
          19    0.2529048676E+03    0.1631746112E+03
          20    0.2032013868E+03   -0.8006158352E+02
          21    0.2655636910E+03   -0.1778562162E+03
          22    0.2528400956E+03    0.1617319555E+03
          23    0.3343223255E+03    0.2561756826E+03
          24    0.3214477298E+03   -0.1591531117E+03
          25    0.2410559409E+03    0.1258131881E+03
          26    0.3137244896E+03    0.1494687892E+03
          27    0.1993246143E+03    0.7628716304E+02
          28    0.2561690726E+03   -0.1651320342E+03
          29    0.1274933378E+03    0.9745332829E+02
          30    0.2560594394E+03    0.1654618696E+03
          31    0.2560582163E+03   -0.1654655108E+03
          32    0.2566195620E+03    0.1559635144E+03
          33    0.3284177532E+03    0.3292247393E+03
          34    0.2188167544E+03   -0.1078746584E+03
          35    0.2518951079E+03   -0.1660803972E+03
          36    0.2060200550E+03   -0.1144995768E+03
          37    0.1354309607E+03   -0.9115356131E+02
          38    0.2555052743E+03    0.1753979526E+03
          39    0.2508506908E+03    0.9163266514E+02
          40    0.2923441746E+03   -0.9351743844E+02
          41    0.2921795453E+03    0.2108986081E+03
          42    0.2504169653E+03    0.1463733244E+03
          43    0.1608006025E+03    0.2178080021E+03
          44    0.2581698515E+03    0.1661684749E+03
          45    0.1962337018E+03    0.7619639128E+02
          46    0.1081530008E+03   -0.1107018342E+03
          47    0.2031168137E+03    0.7862021413E+02
          48    0.3093803403E+03    0.1536126841E+03
          49    0.2574636887E+03   -0.1628378016E+03
          50    0.2585297346E+03    0.1593489711E+03
          51    0.2393446889E+03   -0.8938383195E+02
          52    0.2474539608E+03   -0.1345253478E+03
          53    0.2395749546E+03    0.7974768633E+02
          54    0.2549751270E+03    0.1683251036E+03
          55    0.2036886703E+03    0.1295821157E+03
          56    0.2410031174E+03    0.1476783623E+03
          57    0.2183020102E+03   -0.1182344871E+03
          58    0.3524043219E+03   -0.1901359789E+03
          59    0.3060799935E+03    0.2139991875E+03
          60    0.2439900264E+03    0.1011036159E+03
          61    0.2410233860E+03    0.1475348256E+03
          62    0.3208914676E+03    0.2843268748E+03
          63    0.2031562245E+03   -0.1263434965E+03
          64    0.2422302597E+03    0.1452860483E+03
          65    0.1652532681E+03    0.1813912360E+03
          66    0.2526706766E+03    0.1575426991E+03
          67    0.2529321595E+03    0.1713387394E+03
          68    0.2831185422E+03    0.2281720853E+03
          69    0.2525008424E+03    0.1234502234E+03
          70    0.2457880508E+03   -0.8365615457E+02
          71    0.2556378356E+03   -0.1581692564E+03
          72    0.2156401605E+03    0.1464304028E+03
          73    0.2137027798E+03    0.1263194136E+03
          74    0.2527237876E+03    0.1537242970E+03
          75    0.2417595517E+03    0.8905733329E+02
          76    0.2471629022E+03    0.1422847572E+03
          77    0.2017577003E+03    0.8271502312E+02
          78    0.2536059131E+03    0.1581508572E+03
          79    0.2493340150E+03    0.1324158645E+03
          80    0.2478496049E+03   -0.1441127403E+03
          81    0.2520067376E+03    0.1620451492E+03
          82    0.2116346819E+03    0.9027877053E+02
          83    0.1240550703E+03    0.9703919220E+02
          84    0.3144220124E+03    0.1480586185E+03
          85    0.2192743482E+03   -0.1187856006E+03
          86    0.2490306520E+03    0.1574833065E+03
          87    0.2085382143E+03    0.1508627715E+03
          88    0.2201496950E+03    0.1380741098E+03
          89    0.2052909740E+03   -0.7523900713E+02
          90    0.2033696258E+03    0.1270525218E+03
          91    0.2513595907E+03    0.1537255286E+03
          92    0.2184411803E+03   -0.1180463065E+03
          93    0.3370658411E+03    0.2984114325E+03
          94    0.1758863411E+03    0.1332046583E+03
          95    0.2631891548E+03   -0.1662898407E+03
          96    0.2893107300E+03    0.1603290258E+03
          97    0.1295606687E+03    0.9103429250E+02
          98    0.3536039978E+03    0.3491677922E+03
          99    0.2478922868E+03   -0.1370660154E+03
         100    0.1037829569E+03   -0.1105404128E+03
