     Index              y_true              y_pred        descriptor_1        descriptor_2
         1    0.1000000000E+00   -0.1451295728E+01    0.2000000000E+01    0.0000000000E+00
         2    0.2600000000E+01    0.2327980420E+01    0.1142300000E+01    0.4964952000E-01
         3    0.4090000000E+02    0.3516998209E+02   -0.7618000000E+00   -0.1148567800E+00
         4    0.1560000000E+01    0.2363409008E+01    0.1702300000E+01   -0.1088884000E-01
         5    0.6650000000E+01    0.2106559292E+01    0.8465000000E+00    0.8390425000E-01
         6    0.1316000000E+02    0.1162614198E+02    0.3621000000E+00    0.2896899000E-01
         7    0.3140000000E+01   -0.2308933171E+01    0.1829200000E+01    0.2797872000E-01
         8    0.2309000000E+02    0.1984804811E+02   -0.1233000000E+00   -0.1127892000E-01
         9    0.6070000000E+01    0.9596630815E+01    0.1070600000E+01   -0.2431680000E-01
        10    0.4360000000E+01    0.9634488224E+01    0.7894000000E+00    0.5456880000E-02
        11    0.2141000000E+02    0.2190500069E+02   -0.2914000000E+00   -0.1633684000E-01
        12    0.1012000000E+02    0.1170852000E+02    0.5640000000E-01    0.6087360000E-01
        13    0.1470000000E+02    0.1405061135E+02    0.3925000000E+00   -0.1535730000E-02
        14    0.1128000000E+02    0.1011204482E+02    0.7992000000E+00   -0.9611300000E-03
        15    0.7530000000E+01    0.1079734670E+02    0.8193000000E+00   -0.1081940000E-01
        16    0.6140000000E+01    0.5360499757E+01    0.1300600000E+01   -0.1422520000E-02
        17    0.5980000000E+01    0.4641584623E+01    0.1479100000E+01   -0.1251492000E-01
        18    0.6970000000E+01    0.3182673157E+01    0.1585100000E+01   -0.7507120000E-02
        19    0.4390000000E+01    0.8287222320E+01    0.1160000000E+01   -0.1920600000E-01
        20    0.7350000000E+01    0.6954660291E+01    0.8539000000E+00    0.2863903000E-01
        21    0.4060000000E+01    0.5070542889E+01    0.1320200000E+01   -0.2696400000E-03
        22    0.1925000000E+02    0.1810251457E+02   -0.9815000000E+00    0.1004979200E+00
        23    0.2305000000E+02    0.2662385420E+02   -0.1160000000E+00   -0.8819200000E-01
        24    0.3366000000E+02    0.3045185607E+02   -0.5275000000E+00   -0.8700887000E-01
        25    0.2492000000E+02    0.2726185141E+02   -0.6321000000E+00   -0.3993444000E-01
        26    0.2638000000E+02    0.2725276329E+02   -0.6880000000E+00   -0.3382904000E-01
        27    0.1799000000E+02    0.1441015754E+02    0.8057000000E+00   -0.4995034000E-01
        28    0.1262000000E+02    0.1631385268E+02   -0.8101000000E+00    0.1021870800E+00
        29    0.2455000000E+02    0.1971531464E+02    0.4165000000E+00   -0.6775856000E-01
        30    0.1040000000E+01    0.6509312018E+01    0.1182700000E+01   -0.1668240000E-02
        31    0.7980000000E+01    0.1008300654E+02    0.1237500000E+01   -0.4770540000E-01
        32    0.4200000000E+00    0.5458111991E+01    0.1533300000E+01   -0.2750968000E-01
        33    0.3850000000E+02    0.4161319475E+02   -0.1186500000E+01   -0.1416390800E+00
        34    0.2347000000E+02    0.2178084785E+02   -0.2900000000E+00   -0.1509228000E-01
        35    0.1576000000E+02    0.1422237788E+02    0.3654000000E+00   -0.5552400000E-03
        36    0.9540000000E+01    0.9907266953E+01    0.7965000000E+00    0.1629600000E-02
