     Index              y_true              y_pred        descriptor_1
         1    0.9070000000E+02    0.1106953302E+03    0.1000000000E+01
         2    0.2566500000E+03    0.2166320777E+03    0.6030994600E+00
         3    0.5132000000E+03    0.4115649885E+03   -0.1272323600E+00
         4    0.2490000000E+03    0.2591042719E+03    0.4439739700E+00
         5    0.3632000000E+03    0.3061920138E+03    0.2675559600E+00
         6    0.1588000000E+03    0.2246921476E+03    0.5729017600E+00
         7    0.3387000000E+03    0.3688824825E+03    0.3268108000E-01
         8    0.1743000000E+03    0.1732109353E+03    0.7657802600E+00
         9    0.3945000000E+03    0.3636601255E+03    0.5224706000E-01
        10    0.4711500000E+03    0.4904271614E+03   -0.4226958300E+00
        11    0.3091000000E+03    0.3756220042E+03    0.7430920000E-02
        12    0.3010000000E+03    0.2887346438E+03    0.3329614000E+00
        13    0.2990000000E+03    0.2668433906E+03    0.4149787400E+00
        14    0.3260000000E+03    0.3179552127E+03    0.2234841900E+00
        15    0.3275000000E+03    0.3293449776E+03    0.1808115200E+00
        16    0.2480000000E+03    0.2480203699E+03    0.4855007000E+00
        17    0.2401500000E+03    0.2433274771E+03    0.5030830000E+00
        18    0.2466500000E+03    0.2572423901E+03    0.4509496600E+00
        19    0.2530000000E+03    0.2957089236E+03    0.3068317000E+00
        20    0.2744000000E+03    0.2351303328E+03    0.5337942600E+00
        21    0.2720000000E+03    0.2804553499E+03    0.3639804400E+00
        22    0.3334000000E+03    0.3333186706E+03    0.1659237600E+00
        23    0.4097000000E+03    0.4434751647E+03   -0.2467864000E+00
        24    0.4460000000E+03    0.4039625572E+03   -0.9874924000E-01
        25    0.3380000000E+03    0.3618629694E+03    0.5898025000E-01
        26    0.3860000000E+03    0.4001914330E+03   -0.8462042000E-01
        27    0.4380000000E+03    0.4547675956E+03   -0.2890944000E+00
        28    0.3450000000E+03    0.3748972526E+03    0.1014626000E-01
        29    0.3990000000E+03    0.4297160631E+03   -0.1952368200E+00
        30    0.4150000000E+03    0.4056676748E+03   -0.1051376000E+00
        31    0.2680300000E+03    0.3036316524E+03    0.2771485600E+00
        32    0.4680000000E+03    0.4310131820E+03   -0.2000965800E+00
        33    0.3891500000E+03    0.3606345131E+03    0.6358276000E-01
        34    0.3602000000E+03    0.3519204762E+03    0.9623060000E-01
        35    0.4240000000E+03    0.3696501558E+03    0.2980493000E-01
        36    0.4010000000E+03    0.4393240326E+03   -0.2312338500E+00
