      rank       #data_overlap        size_overlap          feature_ID
         1                  17             0.12831   (     606    1423)
         2                  17             0.13459   (     606    1032)
         3                  17             0.17623   (      21    1423)
         4                  17             0.21025   (       5    1575)
         5                  17             0.23186   (      21    1032)
         6                  18             0.20970   (       4    1575)
         7                  18             0.21025   (       2    1575)
         8                  18             0.21025   (      12    1575)
         9                  18             0.33313   (     679    1575)
        10                  19             0.10648   (     606    1125)
        11                  19             0.10725   (     606    1128)
        12                  19             0.10771   (     606     983)
        13                  19             0.10771   (     606    1131)
        14                  19             0.13470   (     342     606)
        15                  19             0.17893   (     175    1575)
        16                  19             0.18161   (      70    1575)
        17                  19             0.18354   (      28    1575)
        18                  19             0.18354   (      10    1575)
        19                  19             0.18664   (     606    1039)
        20                  19             0.19906   (      21    1361)
        21                  19             0.20261   (      21    1376)
        22                  19             0.20616   (     606     987)
        23                  19             0.21025   (      32    1575)
        24                  19             0.21025   (      13    1575)
        25                  19             0.21025   (      33    1575)
        26                  19             0.21025   (      34    1575)
        27                  19             0.21314   (      11    1575)
        28                  19             0.21314   (      30    1575)
        29                  19             0.23073   (      21    1959)
        30                  19             0.23211   (      21     342)
        31                  19             0.23497   (      31    1575)
        32                  19             0.23497   (      75    1575)
        33                  20             0.09687   (     606     982)
        34                  20             0.09752   (     606     607)
        35                  20             0.10377   (     606    1372)
        36                  20             0.10477   (     606     985)
        37                  20             0.10725   (     606    1373)
        38                  20             0.11168   (     606    1394)
        39                  20             0.11236   (     606    1374)
        40                  20             0.11546   (     606    1396)
        41                  20             0.11613   (     606    1376)
        42                  20             0.17848   (     174    1575)
        43                  20             0.18308   (      27    1575)
        44                  20             0.18763   (     341    1575)
        45                  20             0.18767   (      71    1575)
        46                  20             0.18776   (       8    1027)
        47                  20             0.18776   (       8     210)
        48                  20             0.19641   (     356    1218)
        49                  20             0.19793   (     606     642)
        50                  20             0.20179   (      21    1396)
        51                  20             0.21262   (      29    1575)
        52                  20             0.21279   (     606     988)
        53                  20             0.21314   (      72    1575)
        54                  20             0.21929   (     649    1218)
        55                  20             0.23439   (      74    1575)
        56                  20             0.23497   (     179    1575)
        57                  20             0.25273   (      12      90)
        58                  20             0.25893   (      19     210)
        59                  20             0.25893   (      19    1027)
        60                  21             0.10334   (       1    1032)
        61                  21             0.10648   (     606    1366)
        62                  21             0.10771   (     606    1360)
        63                  21             0.10771   (     606    1365)
        64                  21             0.10811   (     606    1520)
        65                  21             0.11303   (     606    1388)
        66                  21             0.11303   (     606    1390)
        67                  21             0.11434   (     606    1389)
        68                  21             0.11546   (     606    1395)
        69                  21             0.11613   (     606    1375)
        70                  21             0.13191   (     606    1367)
        71                  21             0.17638   (      43    1027)
        72                  21             0.17638   (      44    1027)
        73                  21             0.17638   (      17     210)
        74                  21             0.17638   (      17    1027)
        75                  21             0.18354   (     171    1575)
        76                  21             0.18354   (      69    1575)
        77                  21             0.18354   (     172    1575)
        78                  21             0.18354   (     173    1575)
        79                  21             0.18664   (     606    1491)
        80                  21             0.18664   (     606    1519)
        81                  21             0.18881   (     606    1486)
        82                  21             0.18950   (     606    1485)
        83                  21             0.19370   (       4    1218)
        84                  21             0.19569   (      21     977)
        85                  21             0.21260   (     646    1218)
        86                  21             0.21314   (     177    1575)
        87                  21             0.21314   (     178    1575)
        88                  21             0.21314   (      73    1575)
        89                  21             0.21314   (     176    1575)
        90                  21             0.21941   (     205    1218)
        91                  21             0.22642   (     981    1652)
        92                  21             0.23260   (       4    1220)
        93                  21             0.23497   (     180    1575)
        94                  21             0.24421   (      21     983)
        95                  21             0.24421   (      21    1131)
        96                  21             0.24514   (      21    1125)
        97                  21             0.24514   (      21    1128)
        98                  21             0.24516   (      39     606)
        99                  21             0.25232   (      13      90)
       100                  21             0.25335   (       4    1234)
