     Index              y_true              y_pred        descriptor_1        descriptor_2
         1    0.3200000000E+01    0.1715463185E+02    0.0000000000E+00   -0.4400000000E-01
         2    0.1850000000E+02    0.2113837377E+02    0.0000000000E+00   -0.1639900000E-02
         3    0.2045000000E+02    0.2000804041E+02    0.6057419004E-01    0.2231636000E-01
         4    0.2067000000E+02    0.2472153353E+02    0.3261743464E-01    0.5583240000E-01
         5    0.2078000000E+02    0.2528772717E+02   -0.2175502342E-01    0.2956075000E-01
         6    0.5301000000E+02    0.5068340206E+02   -0.4268628496E+00    0.5900322000E-01
         7    0.2548000000E+02    0.2411493926E+02   -0.7429807539E-01   -0.1411542000E-01
         8    0.2817000000E+02    0.2890708594E+02   -0.3408647994E-01    0.6072255000E-01
         9    0.4537000000E+02    0.3730857688E+02   -0.2875006097E+00   -0.4465000000E-03
        10    0.1845000000E+02    0.1679077231E+02    0.9517151591E-01    0.8653920000E-02
        11    0.3615000000E+02    0.4329381912E+02   -0.3296973286E+00    0.3813516000E-01
        12    0.5090000000E+02    0.6409244657E+02   -0.7821631309E+00   -0.9430080000E-02
        13    0.1790000000E+02    0.3070409024E+02   -0.7842100179E-01    0.5350000000E-01
        14    0.4216000000E+02    0.3345133337E+02   -0.1693931647E+00    0.2868320000E-01
        15    0.1464000000E+02    0.3760303914E+02   -0.2794698246E+00    0.7454120000E-02
        16    0.2796000000E+02    0.2394484650E+02    0.8738741760E-02    0.3339200000E-01
        17    0.3187000000E+02    0.2353284101E+02    0.6685478800E-02    0.2779160000E-01
        18    0.2551000000E+02    0.2230773178E+02    0.8343410400E-02    0.1574937000E-01
        19    0.1790000000E+02    0.1888580616E+02    0.4768425408E-01    0.2727960000E-02
        20    0.3007000000E+02    0.2383559020E+02   -0.7409358720E-01   -0.1696436000E-01
        21    0.2681000000E+02    0.2054101216E+02    0.9547626088E-02   -0.2321400000E-02
        22    0.2622000000E+02    0.2998437918E+02   -0.8899943928E-01    0.3956454000E-01
        23    0.5646000000E+02    0.6577767012E+02   -0.1322093748E+01   -0.3121786800E+00
        24    0.7520000000E+02    0.6629026252E+02   -0.1167358771E+01   -0.2148301400E+00
        25    0.6383000000E+02    0.6619743756E+02   -0.8363868580E+00   -0.1925099000E-01
        26    0.5774000000E+02    0.5681948048E+02   -0.6231502315E+00    0.7673400000E-02
        27    0.4307000000E+02    0.4096896165E+02   -0.1260839398E+01   -0.5395964100E+00
        28    0.2720000000E+02    0.2475369926E+02   -0.2031484734E-01    0.2473763000E-01
        29    0.6276000000E+02    0.6348945195E+02   -0.7721492404E+00   -0.9894560000E-02
        30    0.5060000000E+01    0.2906598764E+01   -0.2146312429E+00   -0.3229735800E+00
        31    0.9080000000E+02    0.7652061749E+02   -0.7857680022E+00    0.1205807400E+00
        32    0.6660000000E+02    0.7794723410E+02   -0.8576626587E+00    0.9305164000E-01
        33    0.5100000000E+02    0.4584940335E+02   -0.3531124019E+00    0.5140296000E-01
        34    0.7420000000E+02    0.7095362088E+02   -0.7851437054E+00    0.6175628000E-01
        35    0.6511000000E+02    0.4695784764E+02   -0.4638721127E+00   -0.2591530000E-02
        36    0.6029000000E+02    0.5776569564E+02   -0.7281168498E+00   -0.4460556000E-01
