Model_ID, [(c_i,i=0,n)_j,j=1,ntask]
           1    0.2381484016E+03    0.1482339402E+03
           2    0.2794001184E+03   -0.2124105587E+03
           3    0.2812430322E+03   -0.2102775921E+03
           4    0.2810812952E+03    0.1781058816E+03
           5    0.2587839327E+03   -0.1581803167E+03
           6    0.2614402939E+03    0.1437301835E+03
           7    0.2475150725E+03   -0.1469409663E+03
           8    0.2510665453E+03    0.1341927780E+03
           9    0.2448380875E+03    0.1573538651E+03
          10    0.2505826356E+03    0.1476118365E+03
          11    0.2690987603E+03    0.1869724403E+03
          12    0.2582533945E+03    0.2074177414E+03
          13    0.2846996533E+03    0.1812296111E+03
          14    0.2852098711E+03    0.1810726844E+03
          15    0.2798662309E+03    0.1856524829E+03
          16    0.2667626560E+03    0.1792366585E+03
          17    0.2634406327E+03    0.2061185374E+03
          18    0.2711033282E+03    0.1786102828E+03
          19    0.2348102482E+03   -0.1603088083E+03
          20    0.2471713698E+03   -0.1619329519E+03
          21    0.2677970417E+03    0.1740140619E+03
          22    0.2989883129E+03    0.1936082003E+03
          23    0.2440015704E+03    0.1527665662E+03
          24    0.2811088456E+03    0.1806322549E+03
          25    0.2823942332E+03   -0.1829337824E+03
          26    0.2784202479E+03   -0.1895226640E+03
          27    0.2602229381E+03    0.1510621320E+03
          28    0.2800473184E+03   -0.1879454549E+03
          29    0.2426508022E+03    0.1649247931E+03
          30    0.2988071479E+03    0.1949550365E+03
          31    0.2850953695E+03    0.2033750891E+03
          32    0.2937106705E+03    0.1692034888E+03
          33    0.2976309619E+03    0.1732506049E+03
          34    0.2631585375E+03    0.2052178301E+03
          35    0.2539823114E+03   -0.1525982951E+03
          36    0.2333689418E+03   -0.1410243361E+03
          37    0.2971872619E+03    0.1731622596E+03
          38    0.2708982259E+03    0.1776984275E+03
          39    0.2302870740E+03    0.1624075940E+03
          40    0.2791176561E+03    0.1562511478E+03
          41    0.2938246820E+03    0.1819503378E+03
          42    0.2970388112E+03    0.1800784659E+03
          43    0.3120366552E+03   -0.2371310008E+03
          44    0.2786412170E+03    0.1599212090E+03
          45    0.2663985027E+03    0.1761888385E+03
          46    0.2809773865E+03   -0.1972391181E+03
          47    0.2928778253E+03    0.1771188472E+03
          48    0.2504117386E+03   -0.1688286478E+03
          49    0.2580985405E+03    0.2030376089E+03
          50    0.3074162080E+03    0.2463095831E+03
          51    0.2950131269E+03   -0.1752520731E+03
          52    0.2659060724E+03    0.1817087643E+03
          53    0.2614811111E+03    0.2145744121E+03
          54    0.3067532268E+03    0.2388664832E+03
          55    0.2323324065E+03   -0.1257774200E+03
          56    0.2848453099E+03    0.1842837273E+03
          57    0.2675405198E+03    0.2280516492E+03
          58    0.2813685194E+03    0.1652618515E+03
          59    0.2684114243E+03   -0.1796658870E+03
          60    0.3769785785E+03    0.2530365767E+03
          61    0.2603691847E+03    0.1984221750E+03
          62    0.2602394539E+03   -0.2076571291E+03
          63    0.2819321060E+03    0.1771339646E+03
          64    0.2778177771E+03    0.1626339719E+03
          65    0.2888900049E+03   -0.2444027700E+03
          66    0.2821642119E+03    0.1590066258E+03
          67    0.3079999239E+03    0.2460900524E+03
          68    0.3064347932E+03    0.2444788270E+03
          69    0.2712222070E+03    0.2242139313E+03
          70    0.2577282438E+03   -0.1659798788E+03
          71    0.3082004906E+03    0.2465916366E+03
          72    0.2732320610E+03   -0.1753044366E+03
          73    0.3032825867E+03    0.2207594743E+03
          74    0.2871815533E+03   -0.1772825358E+03
          75    0.2826361837E+03    0.1587972104E+03
          76    0.2937512535E+03    0.1724094811E+03
          77    0.2981942711E+03    0.1855519838E+03
          78    0.3368499753E+03    0.2530453531E+03
          79    0.2261779669E+03   -0.1380826559E+03
          80    0.2787737860E+03    0.1844660459E+03
          81    0.3083916609E+03    0.2466851566E+03
          82    0.3418429098E+03    0.2864698461E+03
          83    0.2574933629E+03    0.2095478082E+03
          84    0.3079973992E+03    0.2452247639E+03
          85    0.2701885671E+03    0.2291461710E+03
          86    0.2977257549E+03    0.1853988112E+03
          87    0.2781119601E+03    0.1575724483E+03
          88    0.2752143593E+03   -0.2390480343E+03
          89    0.3044393381E+03    0.2189464919E+03
          90    0.3085871252E+03    0.2467061334E+03
          91    0.2767440952E+03    0.2099980485E+03
          92    0.2784573276E+03   -0.1722957505E+03
          93    0.3352493169E+03    0.2321332104E+03
          94    0.2812715418E+03    0.2083562322E+03
          95    0.2342252055E+03    0.1605887545E+03
          96    0.2770963975E+03    0.1785770706E+03
          97    0.3087216556E+03    0.2279485139E+03
          98    0.2953867071E+03    0.1507194415E+03
          99    0.2948442764E+03   -0.2161444150E+03
         100    0.3099969433E+03    0.2481910247E+03
