        Rank        RMSE       MaxAE  Feature_ID
           1    6.218765   15.993671  (    9879   10129)
           2    6.244624   16.669144  (    9879   10256)
           3    6.248311   16.669577  (    9534   10256)
           4    6.265966   17.641714  (    1616   10256)
           5    6.267331   17.258125  (    4814   10118)
           6    6.309675   16.031472  (    9534   10129)
           7    6.319590   17.914370  (    9879   10118)
           8    6.323977   17.672665  (    1616   11791)
           9    6.325203   17.913357  (    9534   10118)
          10    6.354462   17.281476  (    9879   13600)
          11    6.356057   17.280260  (    9534   13600)
          12    6.364032   19.952011  (      95   10297)
          13    6.365611   19.550421  (      95   10092)
          14    6.375340   16.665634  (    4814   10102)
          15    6.388839   17.495867  (    4814   10394)
          16    6.392884   19.477598  (      95   10118)
          17    6.405350   19.726760  (      95   10112)
          18    6.412399   15.706415  (    9879   10892)
          19    6.423320   17.596738  (    4814   10287)
          20    6.445559   16.498393  (    6214   10129)
          21    6.448120   19.635885  (      95   10287)
          22    6.451794   20.870181  (    9739   10896)
          23    6.457484   20.756991  (    9739   10780)
          24    6.457859   18.167857  (    9879   10394)
          25    6.460897   16.818165  (    4814   10060)
          26    6.462485   18.166217  (    9534   10394)
          27    6.463010   17.029589  (    4814   11521)
          28    6.464146   20.665189  (    3215   10023)
          29    6.467200   21.792275  (    3215   10068)
          30    6.472506   19.579507  (    4877   10092)
          31    6.478063   17.010547  (    9879   10196)
          32    6.480528   16.270430  (    9879   12541)
          33    6.481150   16.270565  (    9534   12541)
          34    6.482315   17.010904  (    9534   10196)
          35    6.483097   16.443096  (    1616   10746)
          36    6.488627   17.160687  (    6214   10256)
          37    6.492183   18.274608  (    9879   10287)
          38    6.495881   17.646557  (    4024   11791)
          39    6.496082   16.559488  (    4814   10137)
          40    6.496344   15.744825  (    9534   10892)
          41    6.497070   18.272868  (    9534   10287)
          42    6.502603   15.528474  (    4814   10129)
          43    6.504969   20.174304  (    7698   10896)
          44    6.505507   20.168440  (    1750   11228)
          45    6.505869   18.345281  (    6214   10118)
          46    6.512164   20.066901  (    7698   10780)
          47    6.518133   17.695070  (    5212   11791)
          48    6.519147   19.467375  (      95   10394)
          49    6.525135   19.986397  (    2262   10023)
          50    6.525749   16.065693  (    3741   10129)
          51    6.528690   17.229233  (    1616   10594)
          52    6.531799   19.777130  (    9534   10092)
          53    6.532529   15.710200  (    1552   10098)
          54    6.534134   17.165277  (    9879   10137)
          55    6.537010   19.958292  (    7074   10896)
          56    6.537653   17.950043  (    1616   10196)
          57    6.538235   17.165386  (    9534   10137)
          58    6.538818   17.740453  (    6214   13600)
          59    6.541080   20.489418  (    2262   10207)
          60    6.541731   20.503246  (    2262   10201)
          61    6.546662   19.853399  (    7074   10780)
          62    6.549480   20.259319  (    9448   10896)
          63    6.552016   19.938019  (    8397   10896)
          64    6.554186   20.150232  (    9448   10780)
          65    6.557231   20.277614  (    9099   10896)
          66    6.557962   19.811627  (    1264   11228)
          67    6.558057   21.750260  (    9739   12786)
          68    6.559331   20.275970  (     736   15378)
          69    6.559985   20.233824  (     736   18418)
          70    6.560446   20.476171  (    1080   10023)
          71    6.561685   19.832624  (    8397   10780)
          72    6.562455   19.777388  (    1963   10023)
          73    6.562489   20.168817  (    9099   10780)
          74    6.562534   17.174172  (    9879   10156)
          75    6.564472   20.066517  (    2983   10023)
          76    6.565263   20.186794  (    1750   11495)
          77    6.565559   20.295943  (    8784   10896)
          78    6.566888   17.174386  (    9534   10156)
          79    6.567825   16.928377  (    4814   11757)
          80    6.570487   16.896389  (    4814   10161)
          81    6.570492   20.277686  (    1963   10207)
          82    6.570827   20.291143  (    1963   10201)
          83    6.571358   20.187434  (    8784   10780)
          84    6.573489   20.085840  (    2847   10023)
          85    6.574431   16.663424  (    4814   10083)
          86    6.575083   17.285466  (    1616   12541)
          87    6.575290   16.107922  (    4814   10015)
          88    6.575879   16.100598  (    1616   15118)
          89    6.577198   19.112734  (    7074   10431)
          90    6.578204   20.155331  (    1750   11244)
          91    6.578389   17.415060  (    9879   12216)
          92    6.578584   16.713307  (    4814   10090)
          93    6.580712   17.414157  (    9534   12216)
          94    6.581325   20.709081  (    7698   14185)
          95    6.581934   19.791760  (    9879   10092)
          96    6.583057   20.105190  (    2721   10023)
          97    6.583891   19.329428  (    7698   10431)
          98    6.584216   19.870692  (    7819   10896)
          99    6.585065   19.092402  (    4814   10092)
         100    6.585838   20.482498  (    3215   10074)
