Model_ID, [(c_i,i=0,n)_j,j=1,ntask]
           1    0.5295074794E+02    0.3863072479E+02    0.8171888779E+03
           2    0.4239789973E+01    0.1081292357E+03   -0.2125420552E+04
           3    0.9180409761E+01    0.8041348789E+02    0.2809090492E+03
           4    0.9198402847E+01    0.8058776874E+02    0.2802308735E+03
           5    0.1179280937E+02    0.7225847553E+02    0.2904384368E+03
           6    0.1178619696E+02    0.7208272069E+02    0.2910757076E+03
           7    0.3985252472E+01    0.1088894490E+03   -0.2435247065E+04
           8    0.1782058002E+02    0.7530897885E+02    0.5154015382E+03
           9    0.4576766803E+01    0.1079955099E+03   -0.2136723308E+04
          10    0.4202327669E+01    0.1094229459E+03   -0.1488154597E+04
          11    0.8052906396E+01    0.8287682270E+02    0.2359525450E+03
          12    0.1783300488E+02    0.7533055880E+02    0.5099937660E+03
          13    0.8075431441E+01    0.8304836495E+02    0.2352987996E+03
          14    0.4321511142E+01    0.1087641020E+03   -0.2448562565E+04
          15    0.1677020561E+02    0.7532830425E+02    0.4622891257E+03
          16    0.8627763906E+01    0.9569299367E+02   -0.3036332485E+03
          17    0.4531465439E+01    0.1093330579E+03   -0.1497801458E+04
          18    0.6483470320E+01    0.1072879373E+03   -0.7639661397E+03
          19    0.8679120807E+01    0.9535719266E+02   -0.3014625514E+03
          20    0.8624151247E+01    0.9543781278E+02   -0.3032477326E+03
          21    0.1042002219E+02    0.7610094433E+02    0.2501888064E+03
          22    0.8674997363E+01    0.9510588360E+02   -0.3011226107E+03
          23    0.8287972213E+01    0.1018783195E+03   -0.4827910796E+03
          24    0.1801193498E+02    0.7547131660E+02    0.5178509846E+03
          25    0.1041221497E+02    0.7591991573E+02    0.2506883305E+03
          26    0.1390414306E+02    0.9337832448E+02   -0.2253828430E+03
          27    0.6796693753E+01    0.1072883643E+03   -0.7715857217E+03
          28    0.1677275541E+02    0.7537234998E+02    0.4568387334E+03
          29    0.1389542037E+02    0.9314093362E+02   -0.2252315557E+03
          30    0.5069226769E+02   -0.3523699408E+02    0.7559732207E+03
          31    0.1023624594E+02   -0.8602604041E+02   -0.4454056828E+03
          32    0.8366666961E+01    0.1011453845E+03   -0.4725184311E+03
          33    0.8309246995E+01    0.1014295719E+03   -0.4788564090E+03
          34    0.1594413532E+02    0.7393669419E+02    0.1542475879E+04
          35    0.1801957814E+02    0.7549482137E+02    0.5122878511E+03
          36    0.7931057045E+01    0.9743238122E+02   -0.3212393894E+03
          37    0.8386045987E+01    0.1007134862E+03   -0.4688485747E+03
          38    0.7916400373E+01    0.9722460209E+02   -0.3215840255E+03
          39    0.1242439741E+02    0.8245455702E+02    0.3382014839E+03
          40    0.5215601191E+02   -0.3721471569E+02    0.7629013695E+03
          41    0.1691474137E+02    0.7546040267E+02    0.4616711508E+03
          42    0.1146562683E+02    0.8529100316E+02    0.3545452253E+03
          43    0.8482016245E+01    0.1026691760E+03   -0.4986018754E+03
          44    0.1242557991E+02    0.8221983707E+02    0.3374064951E+03
          45    0.1037666148E+02   -0.8581948125E+02   -0.4404191730E+03
          46    0.1089523204E+02    0.7419061308E+02    0.2377943766E+03
          47    0.1088544101E+02    0.7401577387E+02    0.2384062405E+03
          48    0.4536615779E+02   -0.2921028200E+02    0.7794868042E+03
          49    0.1265115289E+02    0.9491415143E+02   -0.2129372135E+03
          50    0.2218749208E+01    0.1160920559E+03   -0.7705265304E+03
          51    0.1146827392E+02    0.8503921932E+02    0.3534678534E+03
          52    0.1195115377E+02    0.9642268930E+02   -0.2044023069E+03
          53    0.1344512635E+02    0.9039824626E+02   -0.2683625616E+03
          54    0.6081609433E+01    0.1075860880E+03   -0.8234214945E+03
          55    0.1206653331E+02    0.7183860325E+02   -0.1436272512E+04
          56    0.1264241758E+02    0.9467159817E+02   -0.2127702938E+03
          57    0.1165844048E+02    0.1008676882E+03   -0.1812061527E+03
          58    0.1691175831E+02    0.7550798204E+02    0.4560634341E+03
          59    0.1203788611E+02    0.7172969823E+02   -0.1436003384E+04
          60    0.5124920114E+01    0.1006187431E+03   -0.2597585889E+03
          61    0.5203245074E+01    0.1002453205E+03   -0.2579129335E+03
          62    0.8100458941E+01    0.8515550392E+02    0.1808937039E+03
          63    0.5297365880E+02   -0.3857576271E+02    0.7701919474E+03
          64    0.2096486848E+02    0.6456158872E+02    0.5313175933E+03
          65    0.7137191018E+02   -0.6096564132E+02    0.1402063660E+04
          66    0.1630128878E+02    0.7161897088E+02    0.7676157456E+03
          67    0.1194267465E+02    0.9616225942E+02   -0.2041006748E+03
          68    0.1801818328E+02    0.7358011727E+02    0.4204712634E+03
          69    0.8086037795E+01    0.8496586580E+02    0.1811947884E+03
          70    0.1257143141E+01    0.1137602884E+03    0.2719414642E+04
          71    0.1131198116E+02    0.1014784977E+03   -0.1748697658E+03
          72    0.9005928751E+01    0.9943263517E+02   -0.2028433815E+03
          73    0.1808147712E+01    0.1139939240E+03   -0.1996164342E+04
          74    0.8504025847E+01    0.1021832553E+03   -0.4938702910E+03
          75    0.1121684177E+02    0.1003891000E+03   -0.1823748604E+03
          76    0.1627271436E+02    0.7149199547E+02    0.7662257260E+03
          77    0.1386092632E+02    0.8024123209E+02   -0.8008024779E+03
          78    0.5780786989E+02    0.4901107148E+02    0.7733930142E+03
          79    0.1021041876E+02    0.7716628550E+02    0.2291868801E+03
          80    0.8314867488E+01    0.1020137125E+03   -0.3394263525E+03
          81    0.7639828820E+01    0.8474864769E+02   -0.3798271940E+03
          82    0.1353225515E+02    0.7215260938E+02   -0.1374126151E+04
          83    0.1703348863E+02    0.7959080289E+02    0.4960620169E+03
          84    0.6401120011E+01    0.1075579173E+03   -0.8311163228E+03
          85    0.1789515651E+02    0.9305550547E+02   -0.2818062326E+03
          86    0.7623325266E+01    0.8456196421E+02   -0.3805515511E+03
          87    0.1020695440E+02    0.7697447405E+02    0.2295018472E+03
          88    0.1296450425E+02    0.8877805071E+02   -0.1407150084E+03
          89    0.1801890896E+02    0.7368018134E+02    0.4174485275E+03
          90    0.1489292018E+02    0.1012781849E+03   -0.6646342013E+03
          91    0.1165043560E+02    0.1004720079E+03   -0.1800243549E+03
          92    0.4849646887E+02    0.4357514126E+02    0.4446955310E+03
          93    0.1007635396E+02    0.1031410776E+03   -0.2665708147E+03
          94    0.1351023504E+02    0.7201958975E+02   -0.1371624980E+04
          95    0.8141748154E+01    0.1012978332E+03   -0.1571115033E+03
          96    0.1066445943E+02    0.9547812520E+02   -0.3110864596E+03
          97    0.5827015025E+01    0.1003928724E+03   -0.2422305386E+03
          98    0.1398108151E+02    0.7733715003E+02   -0.3204636976E+03
          99    0.1295822525E+02    0.8855674779E+02   -0.1406738348E+03
         100    0.1025781919E+02    0.1011421223E+03    0.1710541216E+03
