The coordinates (x,y) of 2D-vertices arranged in clockwise direction
Task :    1
Hull    1
   -0.1540000000E+00    0.4493904624E+00
   -0.1383000000E+00    0.6279885972E+00
    0.9480000000E+00    0.1179975600E+01
    0.1000000000E+01    0.9780000000E+00
    0.9098000000E+00    0.4506503606E+00
    0.6464000000E+00    0.2455993503E+00
    0.4288000000E+00    0.7685588224E-01
    0.3112000000E+00    0.1844674099E-01
    0.1494000000E+00    0.0000000000E+00
    0.0000000000E+00    0.0000000000E+00
Hull    2
    0.3470000000E+00    0.8702489340E-01
    0.7414000000E+00    0.6219162726E+00
    0.1781400000E+01    0.8942365980E+00
    0.1526900000E+01    0.2992252138E+00
    0.3658000000E+00    0.2417883862E-01
