     Index              y_true              y_pred        descriptor_1
         1    0.1000000000E+00    0.5351645084E+01    0.0000000000E+00
         2    0.2600000000E+01    0.5077819452E+01    0.1401750000E-01
         3    0.4090000000E+02    0.2676164583E+02   -0.1096006550E+01
         4    0.6650000000E+01    0.5515118448E+01   -0.8368420000E-02
         5    0.1316000000E+02    0.7565015315E+01   -0.1133053800E+00
         6    0.2280000000E+01    0.7791258090E+01   -0.1248870500E+00
         7    0.2309000000E+02    0.1823002503E+02   -0.6592614800E+00
         8    0.4360000000E+01    0.9545213668E+01   -0.2146743800E+00
         9    0.1337000000E+02    0.1665609308E+02   -0.5786898000E+00
        10    0.1012000000E+02    0.8627821716E+01   -0.1677118600E+00
        11    0.4660000000E+01    0.7302165759E+01   -0.9984976000E-01
        12    0.6140000000E+01    0.5536468545E+01   -0.9461360000E-02
        13    0.5980000000E+01    0.5767156799E+01   -0.2127060000E-01
        14    0.6970000000E+01    0.5682780413E+01   -0.1695126000E-01
        15    0.4390000000E+01    0.4482636709E+01    0.4448570000E-01
        16    0.3600000000E+01    0.4190151085E+01    0.5945843000E-01
        17    0.4060000000E+01    0.5694119636E+01   -0.1753173000E-01
        18    0.4810000000E+01    0.7639697483E+01   -0.1171284600E+00
        19    0.1002000000E+02    0.2131631133E+02   -0.8172526000E+00
        20    0.1925000000E+02    0.2798755190E+02   -0.1158762320E+01
        21    0.2305000000E+02    0.2842362608E+02   -0.1181085540E+01
        22    0.2977000000E+02    0.2477769294E+02   -0.9944453500E+00
        23    0.2492000000E+02    0.3478271578E+02   -0.1506615840E+01
        24    0.2638000000E+02    0.2097928946E+02   -0.8000000000E+00
        25    0.1799000000E+02    0.1386061498E+02   -0.4355855400E+00
        26    0.1262000000E+02    0.1485372169E+02   -0.4864240000E+00
        27    0.5650000000E+01    0.5379477918E+01   -0.1424800000E-02
        28    0.1040000000E+01    0.8400856358E+01   -0.1560932000E+00
        29    0.7980000000E+01    0.4617125287E+01    0.3760105000E-01
        30    0.4200000000E+00   -0.2010395971E+01    0.3768727200E+00
        31    0.3850000000E+02    0.2992412901E+02   -0.1257898290E+01
        32    0.2347000000E+02    0.2639717810E+02   -0.1077348960E+01
        33    0.1576000000E+02    0.1413739541E+02   -0.4497543000E+00
        34    0.2613000000E+02    0.1809995596E+02   -0.6526030700E+00
        35    0.2213000000E+02    0.1455483499E+02   -0.4711235900E+00
        36    0.9540000000E+01    0.7961086631E+01   -0.1335808000E+00
