        Rank        RMSE       MaxAE  Feature_ID
           1    3.738834    6.705450  (    3579   19676)
           2    3.801222   10.573935  (    2518   10017)
           3    3.854663    9.395383  (     565   16277)
           4    3.880159   11.018541  (    2518   10008)
           5    3.889482   15.454689  (     696   16105)
           6    3.892306   13.433831  (    4620   17881)
           7    3.892948   11.391063  (    3101   10017)
           8    3.906303   12.605584  (     395   10008)
           9    3.910823   11.061192  (    2518   10022)
          10    3.915724   10.246898  (    4435   10353)
          11    3.920677   12.240035  (    3531   10059)
          12    3.927078    7.501318  (    5763   19676)
          13    3.932287   10.694666  (    3101   10022)
          14    3.934556   10.864847  (    1864   10017)
          15    3.935849   13.530935  (    4628   17881)
          16    3.939935   10.817057  (    1998   10017)
          17    3.940075   13.584692  (     107   10097)
          18    3.941737   12.268818  (    4029   10059)
          19    3.941975   11.316410  (    8565   10017)
          20    3.945024    9.630861  (    1702   10040)
          21    3.949864   12.199762  (    7076   10059)
          22    3.950063   12.358531  (    3165   10059)
          23    3.952962   11.570547  (     465   11974)
          24    3.952992   11.480611  (     646   11974)
          25    3.956758   12.321638  (    2503   10059)
          26    3.960661   14.549940  (      49   11069)
          27    3.963460   12.273857  (    4171   10059)
          28    3.964795   10.740795  (    2342   10017)
          29    3.970337   12.246262  (    9694   10059)
          30    3.971545   13.589940  (    5227   17881)
          31    3.972240    9.388306  (    3396   10875)
          32    3.972631   13.527489  (    6011   17881)
          33    3.973547   11.733648  (    1690   19676)
          34    3.974020   11.275802  (    1569   10008)
          35    3.975696   10.693163  (    3101   10008)
          36    3.978881   10.813981  (    2900   10017)
          37    3.981833   12.240151  (    6815   10059)
          38    3.986949   13.211449  (    4628   10649)
          39    3.988715    9.750565  (    4435   10017)
          40    3.990506   12.232017  (    8103   10059)
          41    3.991511   12.189311  (    6812   10059)
          42    3.993340   11.125166  (    2518   11215)
          43    3.995461   10.847062  (    1569   10017)
          44    3.996066   11.743350  (     111   11974)
          45    3.999260   10.034318  (      14   10006)
          46    3.999675   10.036986  (      13   10006)
          47    4.000209   14.047591  (    3720   10876)
          48    4.003648   13.184366  (    6011   10649)
          49    4.003778   15.557756  (       3   10469)
          50    4.003874   11.016399  (    2289   10017)
          51    4.004341   14.065960  (    2786   10876)
          52    4.009819   11.828004  (    8565   10008)
          53    4.009893   12.306997  (    6992   10059)
          54    4.012683   11.320458  (    1569   10022)
          55    4.013657   12.312661  (    4969   10059)
          56    4.014007   13.258033  (    5613   10649)
          57    4.014370   12.360081  (    4471   10059)
          58    4.014935   11.272313  (    2518   10282)
          59    4.015828   10.924225  (    4077   10017)
          60    4.016532    9.872551  (    3740   16277)
          61    4.016648   11.936264  (    1619   10059)
          62    4.018358   11.804013  (     152   19676)
          63    4.018553   13.247610  (    9319   10649)
          64    4.019442   15.155943  (      49   10150)
          65    4.020681   11.176922  (    1569   10276)
          66    4.021627   13.490528  (    1998   12075)
          67    4.021815   15.695055  (     481   16105)
          68    4.023038   15.745078  (    1428   16105)
          69    4.023261   12.020179  (    1690   11974)
          70    4.023410   15.684417  (     679   16105)
          71    4.023789   12.677253  (    5121   10059)
          72    4.025966   15.682500  (     611   16105)
          73    4.029152   15.735646  (    1310   16105)
          74    4.029289   11.969417  (    3412   10008)
          75    4.029595   11.313849  (    1998   10008)
          76    4.031652   12.328459  (    6719   10059)
          77    4.031705   10.159029  (    5763   10347)
          78    4.032692   11.094289  (    2874   10017)
          79    4.034100   13.174147  (    4620   10649)
          80    4.038205   11.229391  (    2342   10008)
          81    4.038382   12.315883  (    8465   10059)
          82    4.039613   11.162431  (    2518   10353)
          83    4.040327   15.705355  (     850   16105)
          84    4.041438   11.344621  (    1998   10022)
          85    4.041924   11.438675  (     348   10390)
          86    4.042939   12.352372  (    5798   10059)
          87    4.044929   12.850697  (       1   10001)
          88    4.045809   12.657595  (       2   10073)
          89    4.045851   10.130946  (    4311   18665)
          90    4.046831   12.128713  (      13   10382)
          91    4.047274   12.128301  (      14   10382)
          92    4.048312   11.935914  (     107   19267)
          93    4.048870   13.541956  (    4077   12075)
          94    4.050768   10.478766  (    2244   10040)
          95    4.051954   13.485801  (    2900   12075)
          96    4.053557   12.355128  (    8082   10059)
          97    4.054013   11.264359  (    3302   10017)
          98    4.054414   11.376632  (    1864   10008)
          99    4.057161   13.502139  (    4628   11033)
         100    4.058473   11.425147  (    1864   10353)
