Model_ID, [(c_i,i=0,n)_j,j=1,ntask]
           1    0.4975599427E+01   -0.1970254598E+02
           2    0.4838134647E+01    0.2167121751E+02
           3    0.4486356507E+01   -0.2020791162E+02
           4    0.4278753004E+01   -0.2233320499E+02
           5    0.6037803823E+01   -0.2524701821E+02
           6    0.4800333303E+01   -0.2701817039E+02
           7    0.4877751794E+01    0.2347486961E+02
           8    0.4366037819E+01   -0.2250410001E+02
           9    0.4535102469E+01   -0.2666310299E+02
          10    0.1078349057E+02   -0.3007686993E+02
          11    0.4259383873E+01   -0.2429703186E+02
          12    0.5427244241E+01    0.2094138230E+02
          13    0.1804675107E+02   -0.1964026167E+02
          14    0.1804734227E+02   -0.1963917171E+02
          15    0.4771443169E+01   -0.2631537150E+02
          16    0.5629890520E+01    0.1419598066E+02
          17    0.5803867229E+01   -0.2539178889E+02
          18    0.4552922962E+01   -0.2659020889E+02
          19    0.4872136133E+01   -0.2602355440E+02
          20    0.2778404812E+02   -0.2769681372E+02
          21    0.5043364404E+01    0.2148867606E+02
          22    0.4911507983E+01    0.2607124270E+02
          23    0.3015247807E+02   -0.3256281036E+02
          24    0.5047931985E+01   -0.2148163333E+02
          25    0.4268263528E+01   -0.2685718674E+02
          26    0.2826117356E+02   -0.2841735378E+02
          27    0.5286757222E+01   -0.2552705812E+02
          28    0.2220026090E+02    0.1997443969E+02
          29    0.2154716110E+02    0.1532587656E+02
          30    0.6501177823E+01    0.1379682589E+02
          31    0.2364639687E+02   -0.2646904063E+02
          32    0.6519227233E+01    0.1378512051E+02
          33    0.4353237180E+01   -0.2676673153E+02
          34    0.5489209798E+01   -0.1393956319E+02
          35    0.2098255141E+02   -0.2207590894E+02
          36    0.5579013419E+01   -0.1387652983E+02
          37    0.4525214580E+01   -0.1141842621E+02
          38    0.5060316361E+01    0.1424664669E+02
          39    0.5372034951E+01    0.1402510966E+02
          40    0.5423950836E+01    0.1398802783E+02
          41    0.5227930371E+01    0.1412687875E+02
          42    0.5478419432E+01    0.1394588107E+02
          43    0.4446369174E+01   -0.2650835954E+02
          44    0.3286086137E+02   -0.2923798907E+02
          45    0.5126264373E+01    0.1417393707E+02
          46    0.3801264751E+01    0.1138703726E+03
          47    0.5693734387E+01    0.1376634658E+02
          48    0.4287835813E+01    0.2468824554E+02
          49    0.5427080250E+01   -0.2093402205E+02
          50    0.1989667600E+02   -0.2033833314E+02
          51    0.5704325147E+01   -0.1369773360E+02
          52    0.1103289128E+02   -0.2811562664E+02
          53    0.5644812658E+01    0.1379791274E+02
          54    0.2607121516E+02   -0.2717418742E+02
          55    0.1816405077E+02   -0.1735800886E+02
          56    0.5380083446E+01    0.1399655160E+02
          57    0.1819570683E+02    0.1734432766E+02
          58    0.2437676890E+02   -0.2608500537E+02
          59    0.4538205525E+01   -0.1318840868E+02
          60    0.1821207392E+02    0.1732787382E+02
          61    0.4682079399E+01   -0.2616597508E+02
          62    0.3310291381E+02   -0.2540962552E+02
          63    0.4480254221E+01   -0.1318626845E+02
          64    0.2271684708E+02    0.1405433655E+02
          65    0.2923809164E+02   -0.2892156929E+02
          66    0.3124274759E+02   -0.3465785373E+02
          67    0.5321016735E+01    0.1400133535E+02
          68    0.1351047100E+01    0.7911706224E+01
          69    0.8193092442E+01   -0.2396266905E+02
          70    0.2917880109E+02   -0.2889821774E+02
          71    0.7208270895E+00   -0.7974112701E+01
          72    0.5226061095E+01    0.1411841238E+02
          73    0.2420422785E+02   -0.1801696463E+02
          74    0.4577977656E+01   -0.1874278551E+02
          75    0.4349764375E+01   -0.1328773927E+02
          76    0.2087358377E+01   -0.1337350558E+02
          77    0.4788076167E+01    0.1000675127E+03
          78    0.4398538351E+01   -0.1325803362E+02
          79    0.3381131324E+02   -0.2787078693E+02
          80    0.1653129281E+02   -0.1530932303E+02
          81    0.2818763145E+02   -0.2791304188E+02
          82    0.1211543606E+02    0.3017527426E+02
          83    0.3570193569E+01    0.9130177913E+01
          84    0.4719784713E+01    0.8128427894E+01
          85    0.5924790504E+01   -0.1403428372E+02
          86    0.4248273368E+01    0.2665857202E+02
          87    0.2825491583E+02   -0.2764301945E+02
          88    0.4249762358E+01    0.2665786870E+02
          89    0.2439789865E+02   -0.2415009556E+02
          90    0.4259107397E+01    0.2665283987E+02
          91    0.5126932720E+01    0.1412756826E+02
          92    0.3079595347E+01    0.1667829037E+02
          93    0.3783338563E+01    0.9216876377E+01
          94    0.4931672909E+01    0.1988179758E+02
          95    0.1756367553E+02    0.1912435090E+02
          96    0.4379664961E+01    0.2511163384E+02
          97    0.4372446983E+01    0.2511152727E+02
          98    0.4371301200E+01    0.2511141036E+02
          99    0.4297898151E+01    0.1331137128E+02
         100    0.4175693847E+01    0.2663393431E+02
