Model_ID, [(c_i,i=0,n)_j,j=1,ntask]
           1    0.2430374840E+02    0.2488420685E+02    0.1945043242E+03
           2    0.2350631452E+02   -0.2533350017E+02    0.1924884357E+03
           3    0.2363420240E+02    0.2527727975E+02    0.1923140649E+03
           4    0.4237219664E+02    0.3199099525E+02    0.1775330959E+03
           5    0.2277003695E+02   -0.2571895979E+02    0.1923844196E+03
           6    0.2346512374E+02   -0.2532102873E+02    0.1907341556E+03
           7    0.2471922221E+02    0.2407762783E+02   -0.1226638705E+03
           8    0.3426082292E+02   -0.3702590977E+02    0.2021706367E+03
           9    0.2290580445E+02    0.2565616597E+02    0.1921882589E+03
          10    0.3413083391E+02   -0.3701996878E+02    0.2020629991E+03
          11    0.2391762730E+02   -0.2455296535E+02   -0.1219673266E+03
          12    0.2289368260E+02    0.2552803560E+02    0.1910047477E+03
          13    0.2297687402E+02   -0.2556493709E+02    0.1911165820E+03
          14    0.3411143533E+02    0.3700925483E+02    0.2020150543E+03
          15    0.2359371190E+02    0.2526409018E+02    0.1905606745E+03
          16    0.4664747653E+02    0.4554125554E+02    0.2186199036E+03
          17    0.2402577174E+02    0.2451891328E+02   -0.1222028841E+03
          18    0.4744588900E+02    0.4167754626E+02    0.2196534574E+03
          19    0.4657724473E+02    0.4548140910E+02    0.2212411698E+03
          20    0.2310855949E+02   -0.2548015364E+02    0.1909319643E+03
          21    0.3301386201E+02   -0.3676085475E+02    0.1992010812E+03
          22    0.4046402537E+02    0.3339816886E+02    0.2067795854E+03
          23    0.3406898408E+02   -0.3697247262E+02    0.2018668685E+03
          24    0.3406768654E+02   -0.3697100661E+02    0.2018612305E+03
          25    0.2311055731E+02    0.2550376918E+02    0.1909281504E+03
          26    0.2573612861E+02    0.2430617137E+02    0.2228308743E+03
          27    0.2324951459E+02   -0.2538438118E+02    0.1907026199E+03
          28    0.2278467341E+02   -0.2547143721E+02    0.1906719531E+03
          29    0.2324090930E+02    0.2542004833E+02    0.1907472117E+03
          30    0.2610487505E+02   -0.2405960823E+02    0.1595300256E+03
          31    0.2691676466E+02    0.2356328446E+02    0.1597754337E+03
          32    0.2305560976E+02   -0.2526687773E+02    0.1907606220E+03
          33    0.2900593148E+02    0.3640422754E+02   -0.2306507390E+03
          34    0.3454662690E+02   -0.3681781731E+02    0.2016898302E+03
          35    0.3401630558E+02    0.3689063229E+02    0.2015655537E+03
          36    0.4674031621E+02   -0.4319575507E+02    0.2110942232E+03
          37    0.1949310259E+02    0.1303303216E+03    0.6220826414E+03
          38    0.2338046434E+02    0.2532538075E+02    0.1905217040E+03
          39    0.2881249170E+02   -0.3638176382E+02   -0.2307390819E+03
          40    0.2531203674E+02   -0.2435678963E+02    0.1617832523E+03
          41    0.3556825264E+02   -0.3493588711E+02    0.2039778545E+03
          42    0.2513664961E+02   -0.2458646096E+02    0.2223363319E+03
          43    0.2319943849E+02   -0.2493285381E+02   -0.1220619197E+03
          44    0.2514820405E+02    0.2459105535E+02    0.2230949245E+03
          45    0.2242379981E+02   -0.2615710183E+02    0.7076661739E+03
          46    0.2318843254E+02    0.2520613291E+02    0.1905712497E+03
          47    0.2530063248E+02    0.2449966034E+02    0.2228922269E+03
          48    0.2332180596E+02   -0.2551399138E+02    0.1903839110E+03
          49    0.2545367638E+02    0.2434834583E+02    0.1606502381E+03
          50    0.2514150251E+02   -0.2455685258E+02    0.2227270060E+03
          51    0.2346096590E+02   -0.2522276139E+02    0.1894153996E+03
          52    0.3765630845E+02    0.3351056871E+02    0.1720373593E+03
          53    0.2331422101E+02    0.2489330040E+02   -0.1222918644E+03
          54    0.1095753391E+02    0.7383466876E+02    0.7581989279E+03
          55    0.2541740335E+02    0.2442877542E+02    0.2227358680E+03
          56    0.4675391183E+02    0.4226335456E+02    0.2241578142E+03
          57    0.2623945945E+02    0.2397966646E+02    0.1588047845E+03
          58    0.2601540868E+02   -0.2411412480E+02    0.1595291773E+03
          59    0.2387156316E+02   -0.2455132039E+02   -0.1209994727E+03
          60    0.3622459077E+02   -0.3518619866E+02    0.1697433099E+03
          61    0.3622320992E+02   -0.3518589736E+02    0.1697549712E+03
          62    0.3626922099E+02    0.3518798167E+02    0.1693717554E+03
          63    0.4670514573E+02    0.4234772788E+02    0.2235687898E+03
          64    0.3754342413E+02    0.3620171904E+02    0.1928634159E+03
          65    0.3628931672E+02   -0.3518439892E+02    0.1692074041E+03
          66    0.2554218862E+02    0.2434806350E+02    0.2225271939E+03
          67    0.3616744232E+02    0.3515782551E+02    0.1702366263E+03
          68    0.2398048154E+02    0.2451645537E+02   -0.1212346871E+03
          69    0.4094771494E+02    0.4604101397E+02    0.2202563531E+03
          70    0.2345229995E+02    0.2545548718E+02    0.1902071587E+03
          71    0.2358985844E+02    0.2516535413E+02    0.1892419481E+03
          72    0.2570067183E+02    0.2424781488E+02    0.2222731065E+03
          73    0.2666881240E+02   -0.3555844651E+02   -0.2970126635E+03
          74    0.2339638571E+02   -0.2478970492E+02   -0.1213138810E+03
          75    0.8398044785E+02    0.7690592212E+02   -0.2348524012E+03
          76    0.2365982188E+02   -0.2483126865E+02   -0.1223391199E+03
          77    0.2350957146E+02    0.2475131133E+02   -0.1215451270E+03
          78    0.2352380334E+02   -0.2470813671E+02   -0.1212072508E+03
          79    0.2560566475E+02   -0.2410159827E+02    0.1605498392E+03
          80    0.4077696406E+02   -0.4590790149E+02    0.2206263724E+03
          81    0.3004670859E+02    0.3432845456E+02    0.1222471628E+03
          82    0.4057281777E+02   -0.4616230986E+02    0.2208444732E+03
          83    0.3192923597E+02   -0.3369069903E+02    0.1638011910E+03
          84    0.3642073608E+02   -0.3511296896E+02    0.1681648811E+03
          85    0.2679375641E+02   -0.3533420889E+02   -0.2926113887E+03
          86    0.2377048571E+02    0.2479537492E+02   -0.1225746123E+03
          87    0.4031485764E+02    0.4739004094E+02    0.2111742469E+03
          88    0.4013673410E+02    0.4703856784E+02    0.2223318752E+03
          89    0.3890165312E+02    0.3585384351E+02    0.1205537894E+03
          90    0.2503697477E+02    0.3370411446E+02   -0.1260493403E+03
          91    0.2541685499E+02   -0.2440790427E+02    0.1591837222E+03
          92    0.2363587442E+02    0.2467061162E+02   -0.1214391579E+03
          93    0.4102369113E+02    0.4599254182E+02    0.2173117218E+03
          94    0.4101643973E+02    0.4554728392E+02    0.2208768104E+03
          95    0.2557335663E+02   -0.2431295257E+02    0.1591867081E+03
          96    0.5650447913E+02   -0.5048130503E+02   -0.4706301143E+03
          97    0.2615124980E+02    0.2403305574E+02    0.1588006304E+03
          98    0.1172607376E+02    0.7269507777E+02    0.7518159952E+03
          99    0.2147895645E+02   -0.1593810904E+02    0.1939670136E+03
         100    0.2999996810E+02    0.3431153956E+02    0.1219415704E+03
