        Rank        RMSE       MaxAE  Feature_ID
           1    8.310282   23.643950  (     513   17558)
           2    8.406686   23.184459  (     478   17558)
           3    8.458307   23.276661  (     542   17558)
           4    8.549180   19.381343  (    9799   10111)
           5    8.571685   22.712962  (     780   17558)
           6    8.606535   23.161896  (     652   17558)
           7    8.607052   23.677131  (     513   10194)
           8    8.623674   22.827471  (    4389   17558)
           9    8.627824   22.808892  (     880   17558)
          10    8.644586   22.698131  (    4515   17558)
          11    8.645575   23.216204  (     478   10194)
          12    8.650336   22.727601  (     776   17558)
          13    8.651550   22.834257  (     790   17558)
          14    8.655225   22.677641  (    4598   17558)
          15    8.657326   23.254294  (     750   17558)
          16    8.661697   24.088634  (    3208   13127)
          17    8.663810   23.295644  (     542   10194)
          18    8.666527   27.156382  (    3777   13127)
          19    8.667912   23.976151  (    4629   13127)
          20    8.679103   22.910913  (     817   17558)
          21    8.680664   23.829948  (    3235   17558)
          22    8.686101   20.266400  (    9799   17558)
          23    8.688633   22.631190  (    4828   17558)
          24    8.689913   22.629729  (    4843   17558)
          25    8.705734   22.929093  (     891   17558)
          26    8.716405   23.656841  (    6344   13127)
          27    8.718510   22.990029  (     890   17558)
          28    8.729617   22.585099  (     918   17558)
          29    8.732185   23.005085  (     939   17558)
          30    8.732993   23.926240  (     478   10111)
          31    8.741069   24.393167  (     513   10111)
          32    8.743205   22.715001  (     972   17558)
          33    8.744788   20.898366  (    1706   17554)
          34    8.746607   23.085112  (    5384   17558)
          35    8.757329   22.569171  (    5435   17558)
          36    8.761294   26.544833  (    1408   13127)
          37    8.765391   17.620562  (      25   10081)
          38    8.770382   23.083495  (    1012   17558)
          39    8.782718   20.699909  (    1898   17554)
          40    8.785082   23.280296  (     918   10111)
          41    8.785855   23.749364  (    8325   17558)
          42    8.788694   23.257682  (    7093   13127)
          43    8.790620   22.755192  (     780   10194)
          44    8.791044   23.258639  (    7892   13127)
          45    8.793665   22.143320  (    1290   10081)
          46    8.797025   22.809281  (    1101   17558)
          47    8.797669   23.352338  (    7806   13127)
          48    8.804069   23.155742  (    1089   17558)
          49    8.805055   23.444332  (     776   10111)
          50    8.806762   23.235247  (    7810   13127)
          51    8.807234   23.111051  (     934   17558)
          52    8.810677   24.473417  (    6936   10111)
          53    8.813190   22.837643  (     880   10194)
          54    8.813895   19.008932  (    9745   10081)
          55    8.815171   23.423543  (    7990   13127)
          56    8.819082   26.359343  (    9736   13127)
          57    8.822213   24.024271  (     542   10111)
          58    8.824532   23.874016  (     652   10111)
          59    8.825354   23.191433  (     652   10194)
          60    8.829169   23.385398  (    4828   10111)
          61    8.829259   23.383676  (    4843   10111)
          62    8.831686   23.439569  (    4598   10111)
          63    8.835694   26.317855  (    9433   13127)
          64    8.835743   19.437190  (    1816   17558)
          65    8.835815   23.463137  (    4515   10111)
          66    8.843555   23.497000  (    8353   13127)
          67    8.843770   23.311134  (    5435   10111)
          68    8.843819   23.271100  (     750   10194)
          69    8.853096   26.389016  (    6334   13127)
          70    8.854376   23.249027  (    1219   17558)
          71    8.857182   23.203432  (    1055   17558)
          72    8.861361   23.591639  (    8449   13127)
          73    8.861771   28.949880  (    4301   11487)
          74    8.862706   22.871730  (     790   10194)
          75    8.878450   24.639599  (    7360   10179)
          76    8.878999   23.139798  (    1089   10194)
          77    8.884130   22.953346  (     891   10194)
          78    8.888464   22.945926  (     817   10194)
          79    8.888635   23.430350  (     972   10111)
          80    8.889475   26.199802  (    7283   13127)
          81    8.890630   20.587132  (    8135   10097)
          82    8.891001   26.014191  (    7512   13127)
          83    8.891847   20.175315  (    1898   10111)
          84    8.895406   23.608248  (    4389   10111)
          85    8.896223   28.950560  (    2996   11487)
          86    8.897719   23.220501  (    1219   10194)
          87    8.900337   26.039806  (    2098   13127)
          88    8.903902   25.628618  (    9490   13127)
          89    8.905623   23.744796  (      83   12989)
          90    8.906880   20.947283  (    3056   10194)
          91    8.908156   23.484625  (     780   10111)
          92    8.909086   23.027006  (     939   10194)
          93    8.909308   26.514019  (    4945   13127)
          94    8.912477   26.402874  (    7954   13127)
          95    8.912971   23.576225  (     790   10111)
          96    8.913390   23.630210  (    5231   13225)
          97    8.913518   23.972616  (     750   10111)
          98    8.918135   18.947368  (    9906   10081)
          99    8.919366   20.823800  (    2718   17558)
         100    8.920911   20.644870  (    8092   10097)
