Model_ID, [(c_i,i=0,n)_j,j=1,ntask]
           1    0.3160258015E+03    0.3163786543E+03
           2    0.3163926781E+03    0.3166514785E+03
           3    0.3156057807E+03    0.3142877393E+03
           4    0.3131016044E+03    0.3095699835E+03
           5    0.2995103757E+03    0.3134237331E+03
           6    0.2999419250E+03    0.3145412778E+03
           7    0.3118942815E+03    0.3061688525E+03
           8    0.3159682896E+03    0.3145462617E+03
           9    0.3139464949E+03    0.3110116728E+03
          10    0.3155103052E+03    0.2905714448E+03
          11    0.3142292880E+03    0.3104289398E+03
          12    0.3373751094E+03    0.3276302163E+03
          13    0.3145807354E+03    0.3106433177E+03
          14    0.3130543972E+03    0.3122702625E+03
          15    0.2557326709E+03    0.2331066388E+03
          16    0.3134782653E+03    0.3129937188E+03
          17    0.1721685440E+03    0.1143341168E+03
          18    0.3538139706E+03    0.3219861864E+03
          19    0.3129535534E+03    0.3015275627E+03
          20    0.3174883205E+03    0.3101429906E+03
          21    0.3157764636E+03    0.3023247083E+03
          22    0.3151063075E+03    0.3095482428E+03
          23    0.3005178474E+03    0.3080961581E+03
          24    0.3126285920E+03    0.3048424809E+03
          25    0.3216764437E+03   -0.2730759732E+03
          26    0.3158392006E+03    0.2987955653E+03
          27    0.2836300672E+03    0.2471354815E+03
          28    0.2833503383E+03    0.2456641202E+03
          29    0.2782470117E+03   -0.2492323989E+03
          30    0.3146869568E+03    0.3038772771E+03
          31    0.2772064670E+03    0.2514488735E+03
          32    0.2776230992E+03    0.2503746840E+03
          33    0.2275153066E+03    0.1505591909E+03
          34    0.2773350324E+03   -0.2508085509E+03
          35    0.2415209481E+03    0.9446094053E+02
          36    0.3161246173E+03    0.3068652017E+03
          37    0.3129665936E+03    0.3050068753E+03
          38    0.2776651335E+03    0.2698251873E+03
          39    0.2429758488E+03    0.2331884619E+03
          40    0.1725914079E+03   -0.1138374479E+03
          41    0.3099051669E+03   -0.2811567488E+03
          42    0.3422407183E+03    0.3024271917E+03
          43    0.1168666321E+03    0.8131698158E+02
          44    0.2972098471E+03    0.3099417604E+03
          45    0.1688731996E+03   -0.1182046177E+03
          46    0.2968634675E+03    0.3101582792E+03
          47    0.2976229732E+03    0.3109737180E+03
          48    0.3263758915E+03    0.3060521358E+03
          49    0.3125245911E+03    0.3136517569E+03
          50    0.2860172634E+03    0.2511511010E+03
          51    0.1926919937E+03    0.1414570662E+03
          52    0.2842737051E+03    0.2480709121E+03
          53    0.3056559725E+03   -0.2739422694E+03
          54    0.3331077098E+03    0.3258176888E+03
          55    0.3215441717E+03   -0.2718735362E+03
          56    0.2814663855E+03   -0.2443525616E+03
          57    0.3205117095E+03   -0.2663975511E+03
          58    0.3155010089E+03    0.2973014211E+03
          59    0.3200168270E+03   -0.2706213231E+03
          60    0.3149585560E+03    0.3035967989E+03
          61    0.2983181523E+03    0.3110555883E+03
          62    0.1727807258E+03    0.1100253985E+03
          63    0.2854646203E+03    0.2355035089E+03
          64    0.3063235521E+03   -0.2691753568E+03
          65    0.2823232252E+03    0.2458291505E+03
          66    0.2770809397E+03   -0.2504011397E+03
          67    0.2993709213E+03    0.3036179592E+03
          68    0.2959617957E+03    0.3071213467E+03
          69    0.3075064885E+03   -0.2712415776E+03
          70    0.2818414650E+03    0.2389840367E+03
          71    0.2235706765E+03    0.7949654155E+02
          72    0.2858738956E+03    0.2503344868E+03
          73    0.2841126264E+03    0.2311117415E+03
          74    0.2825155938E+03    0.2459675013E+03
          75    0.3121738889E+03    0.3023937185E+03
          76    0.3194216730E+03    0.3166076995E+03
          77    0.2208611832E+03   -0.1565654725E+03
          78    0.2825827483E+03    0.2459969211E+03
          79    0.2812334738E+03    0.2433920746E+03
          80    0.2813434889E+03   -0.2436248919E+03
          81    0.2823411780E+03    0.2380164953E+03
          82    0.2828577189E+03    0.2315377339E+03
          83    0.2250871351E+03   -0.1536341478E+03
          84    0.3137891188E+03   -0.2931383395E+03
          85    0.3062733883E+03   -0.2712660874E+03
          86    0.1596850507E+03    0.1190958653E+03
          87    0.3314656027E+03    0.3173696539E+03
          88    0.2817204402E+03   -0.2442614868E+03
          89    0.3187885707E+03    0.2772352057E+03
          90    0.3130119469E+03    0.2922715199E+03
          91    0.3058762413E+03   -0.2719249369E+03
          92    0.2830944624E+03    0.2302955306E+03
          93    0.1694471045E+03    0.1138171473E+03
          94    0.2852068599E+03   -0.2373958473E+03
          95    0.2806351979E+03    0.2417330436E+03
          96    0.2806209038E+03    0.2417434556E+03
          97    0.2806065848E+03   -0.2417533538E+03
          98    0.3141989518E+03    0.2938441133E+03
          99    0.2818992867E+03    0.2444702495E+03
         100    0.2850778515E+03    0.2480651531E+03
