Model_ID, [(c_i,i=0,n)_j,j=1,ntask]
           1    0.2630900230E+03    0.1922460695E+03
           2    0.2636712449E+03    0.1913280200E+03
           3    0.2726481452E+03    0.1851375615E+03
           4    0.2616784800E+03    0.1930855425E+03
           5    0.2632886323E+03    0.1936581409E+03
           6    0.2859630987E+03   -0.1667678029E+03
           7    0.2596119657E+03    0.1887261178E+03
           8    0.2627253889E+03    0.1832703280E+03
           9    0.2536545588E+03   -0.1723458012E+03
          10    0.2540369497E+03    0.1851408407E+03
          11    0.2622284678E+03    0.1942785547E+03
          12    0.2517874863E+03    0.1913997915E+03
          13    0.2862864906E+03    0.1847699323E+03
          14    0.2818616627E+03   -0.1932371140E+03
          15    0.2934747074E+03   -0.1684615591E+03
          16    0.2602727532E+03   -0.1952027893E+03
          17    0.2302502622E+03   -0.1577722220E+03
          18    0.2528290728E+03    0.1838624328E+03
          19    0.2753180266E+03    0.1877333801E+03
          20    0.2869467844E+03    0.1859339824E+03
          21    0.2758162136E+03    0.1894156390E+03
          22    0.2877788714E+03    0.1824387499E+03
          23    0.2509205654E+03   -0.1835919876E+03
          24    0.2838313628E+03    0.1804595097E+03
          25    0.2195309441E+03    0.1352825701E+03
          26    0.2423660944E+03    0.1820621689E+03
          27    0.2694996414E+03    0.1656785373E+03
          28    0.2882474176E+03    0.1814254666E+03
          29    0.2452165595E+03    0.1643460812E+03
          30    0.2716559997E+03    0.1684719498E+03
          31    0.1886166868E+03    0.9214524703E+02
          32    0.2852512279E+03   -0.1863999279E+03
          33    0.2902553134E+03   -0.1863486588E+03
          34    0.2770633907E+03    0.1849083480E+03
          35    0.2235306327E+03    0.1790181174E+03
          36    0.2721718260E+03    0.1694464525E+03
          37    0.2326235895E+03   -0.1532849624E+03
          38    0.2741523167E+03   -0.1894854956E+03
          39    0.2986727948E+03   -0.1888409197E+03
          40    0.2912438250E+03    0.1957292067E+03
          41    0.2831668521E+03   -0.1954213980E+03
          42    0.2812895805E+03   -0.1824019686E+03
          43    0.2984541324E+03    0.1894041048E+03
          44    0.2984527530E+03   -0.1894075864E+03
          45    0.2846113207E+03    0.1910079736E+03
          46    0.2654708570E+03    0.1901376344E+03
          47    0.2462630442E+03    0.9533248118E+02
          48    0.2881487137E+03    0.1836484524E+03
          49    0.2771722956E+03    0.1870797880E+03
          50    0.3000391448E+03    0.1848574361E+03
          51    0.2329170315E+03    0.9632863651E+02
          52    0.2776163199E+03    0.1837830279E+03
          53    0.2729892918E+03    0.2050153876E+03
          54    0.2732359551E+03    0.1663414286E+03
          55    0.2980738564E+03    0.1961026220E+03
          56    0.2735601989E+03    0.2039636692E+03
          57    0.2958844844E+03   -0.2048410631E+03
          58    0.2590558780E+03    0.1966105776E+03
          59    0.2902257986E+03    0.2055379849E+03
          60    0.2660300767E+03    0.1873083087E+03
          61    0.2774609596E+03   -0.1895564180E+03
          62    0.2904667473E+03    0.2015166288E+03
          63    0.2305867380E+03   -0.1624558581E+03
          64    0.3491712243E+03    0.2271839095E+03
          65    0.2737355797E+03    0.1655043842E+03
          66    0.2979136857E+03    0.1906969625E+03
          67    0.2737745098E+03    0.1742801416E+03
          68    0.3055654095E+03    0.2326428144E+03
          69    0.2696928124E+03   -0.1820250038E+03
          70    0.2882911172E+03   -0.1908493761E+03
          71    0.2902065212E+03   -0.2090384371E+03
          72    0.2456599166E+03    0.9369832003E+02
          73    0.2395267836E+03    0.1298580285E+03
          74    0.2286223723E+03    0.1385595281E+03
          75    0.2301591113E+03    0.1463653763E+03
          76    0.2779836385E+03    0.1941909756E+03
          77    0.2588351504E+03   -0.1943189070E+03
          78    0.2435797641E+03   -0.1656876525E+03
          79    0.2706150845E+03   -0.1697520385E+03
          80    0.2808928515E+03    0.1911675243E+03
          81    0.2291753532E+03   -0.1677221371E+03
          82    0.2874348351E+03    0.1944836147E+03
          83    0.2975926156E+03    0.1913933275E+03
          84    0.2892779127E+03   -0.1887441194E+03
          85    0.2181930346E+03    0.1635264187E+03
          86    0.2735840824E+03    0.1861959399E+03
          87    0.2736190746E+03   -0.1885986412E+03
          88    0.3245870788E+03    0.2515083683E+03
          89    0.2956846905E+03   -0.1934704066E+03
          90    0.2985631558E+03    0.1898321258E+03
          91    0.2978922275E+03   -0.1912019521E+03
          92    0.2879507074E+03    0.1885430185E+03
          93    0.2987128695E+03    0.1894906429E+03
          94    0.2283277904E+03    0.9025412110E+02
          95    0.2977823408E+03   -0.1913995973E+03
          96    0.2503022373E+03    0.1344933154E+03
          97    0.2987894115E+03    0.1893113037E+03
          98    0.2741386863E+03    0.1827143144E+03
          99    0.2737292892E+03    0.2173072162E+03
         100    0.2535745916E+03   -0.1639677281E+03
