        Rank        RMSE       MaxAE  Feature_ID
           1    5.339988   18.120282  (       1)
           2    5.354700   18.497711  (       2)
           3    5.375933   18.441268  (       3)
           4    5.384764   18.813935  (       4)
           5    5.392572   18.670108  (       5)
           6    5.397058   16.831130  (       6)
           7    5.407906   16.301236  (       7)
           8    5.408324   18.650738  (       8)
           9    5.420977   18.684773  (       9)
          10    5.422001   18.721431  (      10)
          11    5.423172   17.813459  (      11)
          12    5.426206   15.923135  (      12)
          13    5.433532   16.196128  (      13)
          14    5.436212   16.155904  (      14)
          15    5.439917   17.099289  (      15)
          16    5.440258   17.068692  (      16)
          17    5.448060   15.524432  (      17)
          18    5.450870   16.998759  (      18)
          19    5.451880   16.805829  (      19)
          20    5.453826   15.923642  (      20)
          21    5.454450   18.298734  (      21)
          22    5.457260   16.369846  (      22)
          23    5.466917   16.322336  (      23)
          24    5.470653   19.868230  (      24)
          25    5.473129   16.894718  (      25)
          26    5.474919   16.350852  (      26)
          27    5.478214   16.945046  (      27)
          28    5.479556   16.340719  (      28)
          29    5.482007   15.006854  (      29)
          30    5.482582   15.871925  (      30)
          31    5.484280   19.852457  (      31)
          32    5.486501   16.534105  (      32)
          33    5.486544   18.730204  (      33)
          34    5.488365   14.967358  (      34)
          35    5.496977   16.768984  (      35)
          36    5.497453   16.099223  (      36)
          37    5.499017   16.766335  (      37)
          38    5.500003   16.765413  (      38)
          39    5.503022   16.282568  (      39)
          40    5.503033   18.965623  (      40)
          41    5.503368   16.047706  (      41)
          42    5.504188   19.948984  (      42)
          43    5.505478   16.766623  (      43)
          44    5.506903   17.231932  (      44)
          45    5.509283   16.702675  (      45)
          46    5.513897   15.680188  (      46)
          47    5.514583   17.352743  (      47)
          48    5.516158   16.390507  (      48)
          49    5.516260   16.224912  (      49)
          50    5.516998   16.116063  (      50)
          51    5.517994   15.917836  (      51)
          52    5.518325   16.149069  (      52)
          53    5.521636   16.709106  (      53)
          54    5.521683   16.324183  (      54)
          55    5.522237   16.764333  (      55)
          56    5.523453   16.724030  (      56)
          57    5.525616   16.729214  (      57)
          58    5.525820   15.700047  (      58)
          59    5.526962   18.952270  (      59)
          60    5.528251   17.507676  (      60)
          61    5.528624   16.732930  (      61)
          62    5.528959   16.165706  (      62)
          63    5.529548   16.705549  (      63)
          64    5.532385   15.127536  (      64)
          65    5.532743   18.222993  (      65)
          66    5.533017   17.429940  (      66)
          67    5.534951   15.068081  (      67)
          68    5.535580   16.995817  (      68)
          69    5.535635   17.749488  (      69)
          70    5.536678   18.740599  (      70)
          71    5.537263   16.379854  (      71)
          72    5.537308   16.735906  (      72)
          73    5.537310   16.185344  (      73)
          74    5.540343   16.706319  (      74)
          75    5.540521   16.479432  (      75)
          76    5.543488   17.366391  (      76)
          77    5.544228   16.632611  (      77)
          78    5.544553   16.476617  (      78)
          79    5.545096   14.980989  (      79)
          80    5.546396   15.835667  (      80)
          81    5.547768   17.713588  (      81)
          82    5.548142   16.660666  (      82)
          83    5.548210   16.404732  (      83)
          84    5.548381   15.160003  (      84)
          85    5.548517   16.663219  (      85)
          86    5.549228   16.162006  (      86)
          87    5.553114   16.739895  (      87)
          88    5.553368   16.962393  (      88)
          89    5.553725   16.573537  (      89)
          90    5.555307   18.733779  (      90)
          91    5.557392   16.655266  (      91)
          92    5.558980   16.449933  (      92)
          93    5.560564   17.715097  (      93)
          94    5.560822   16.617768  (      94)
          95    5.561065   17.768021  (      95)
          96    5.561488   17.725788  (      96)
          97    5.561580   16.675170  (      97)
          98    5.562476   17.521565  (      98)
          99    5.562933   19.593561  (      99)
         100    5.563152   16.718673  (     100)
