The coordinates (x,y) of 2D-vertices arranged in clockwise direction
Task :    1
Hull    1
   -0.4640884800E+00    0.5710000000E-01
   -0.1954104900E+00    0.3832000000E+00
   -0.3493340000E-01    0.3944000000E+00
   -0.2031840000E-02    0.3573000000E+00
    0.2232036000E-01    0.2549000000E+00
    0.4351600000E-01    0.0000000000E+00
   -0.8635971000E-01   -0.4121000000E+00
Hull    2
   -0.1574910000E+00    0.1000000000E+01
    0.1037677200E+00    0.5234000000E+00
    0.2773363500E+00    0.1937000000E+00
    0.1573473200E+00    0.1297000000E+00
   -0.1207629000E-01    0.7950000000E-01
   -0.4851200000E-01    0.1534000000E+00
   -0.6773197000E-01    0.2343000000E+00
   -0.7803165000E-01    0.2794000000E+00
