      rank       #data_overlap        size_overlap          feature_ID
         1                  20             0.25463   (       9      71)
         2                  21             0.23535   (     109     910)
         3                  21             0.26556   (       1    1444)
         4                  22             0.16116   (     268     856)
         5                  22             0.17282   (     836     856)
         6                  22             0.17282   (     838     856)
         7                  22             0.19430   (     268     910)
         8                  22             0.20185   (       1    1455)
         9                  22             0.20185   (       2    1455)
        10                  22             0.21318   (     856     915)
        11                  23             0.13262   (       2    1124)
        12                  23             0.13508   (     109     856)
        13                  23             0.15564   (     267     856)
        14                  23             0.15854   (     270     856)
        15                  23             0.16181   (     271     856)
        16                  23             0.16689   (     833     856)
        17                  23             0.16689   (     834     856)
        18                  23             0.17064   (      54     270)
        19                  23             0.17271   (     842     856)
        20                  23             0.17282   (     835     856)
        21                  23             0.17351   (     840     856)
        22                  23             0.18315   (     271     910)
        23                  23             0.19155   (     270     910)
        24                  23             0.19430   (     267     910)
        25                  23             0.19541   (       6    1123)
        26                  23             0.19541   (       6    1251)
        27                  23             0.19553   (       6    1125)
        28                  23             0.19569   (       7    1124)
        29                  23             0.19569   (       5    1124)
        30                  23             0.19643   (       3    1124)
        31                  23             0.20185   (       3    1455)
        32                  23             0.21079   (      54     268)
        33                  23             0.21318   (     856     920)
        34                  23             0.21318   (     576     856)
        35                  23             0.21330   (     856     914)
        36                  23             0.21352   (     856     913)
        37                  23             0.22461   (      21    1455)
        38                  23             0.22647   (      22    1455)
        39                  23             0.22735   (      54     840)
        40                  23             0.23428   (      54     109)
        41                  23             0.24975   (       1    1458)
        42                  23             0.24975   (       2    1458)
        43                  23             0.25156   (     109     588)
        44                  23             0.25385   (     838     910)
        45                  23             0.25776   (       6    1348)
        46                  23             0.26367   (     588    1516)
        47                  23             0.26367   (     588    1538)
        48                  23             0.26562   (       3    1444)
        49                  23             0.27096   (      54    1516)
        50                  23             0.27096   (      54    1538)
        51                  23             0.27268   (     836     910)
        52                  23             0.27419   (       6    1455)
        53                  23             0.27511   (       6    1358)
        54                  23             0.27713   (      54     838)
        55                  23             0.42215   (     910     915)
        56                  23             0.80185   (     988    1307)
        57                  24             0.12914   (       6    1408)
        58                  24             0.12914   (       6    1407)
        59                  24             0.14748   (     265     856)
        60                  24             0.15814   (     820     856)
        61                  24             0.16117   (     856    1538)
        62                  24             0.16157   (     543     856)
        63                  24             0.16474   (     543     910)
        64                  24             0.16689   (     832     856)
        65                  24             0.17988   (       6    1741)
        66                  24             0.18438   (       6    1578)
        67                  24             0.19430   (     542     910)
        68                  24             0.19430   (     110     910)
        69                  24             0.19541   (       6    1743)
        70                  24             0.19541   (       6    1252)
        71                  24             0.19541   (       6    1735)
        72                  24             0.19541   (       6    1124)
        73                  24             0.19544   (       6    1745)
        74                  24             0.19643   (       1    1124)
        75                  24             0.20092   (     823     856)
        76                  24             0.21191   (       6    1412)
        77                  24             0.21191   (       6    1414)
        78                  24             0.21318   (     578     856)
        79                  24             0.21352   (     856     917)
        80                  24             0.21805   (     588    1558)
        81                  24             0.22147   (     588    1150)
        82                  24             0.22240   (     264     910)
        83                  24             0.22294   (       6    1742)
        84                  24             0.22352   (     840     910)
        85                  24             0.22572   (     588    1151)
        86                  24             0.22647   (     263    1455)
        87                  24             0.23855   (       6    1744)
        88                  24             0.24975   (       3    1458)
        89                  24             0.25085   (      11    1455)
        90                  24             0.26081   (       6    1386)
        91                  24             0.26147   (       6     258)
        92                  24             0.26396   (       6    1738)
        93                  24             0.27268   (     833     910)
        94                  24             0.27340   (       6    1118)
        95                  24             0.27447   (      12    1455)
        96                  24             0.27511   (       6    1385)
        97                  24             0.27934   (       6    1423)
        98                  24             0.28035   (       6     568)
        99                  24             0.28086   (     856    1666)
       100                  24             0.60478   (     994    1809)
