Materials	Properties	feature1	feature2	feature3	feature4	feature5	feature6	feature7	feature8	feature9	feature10	feature11	feature12	feature13	feature14	feature15	feature16	feature17	feature18	feature19	feature20	feature21
sample1	0.1000	0.0000	0.0000	0.0000	0.0000	0.0000	0.0000	0.0000	0.0000	0.0000	0.0000	0.0000	0.0000	0.0000	0.0000	0.0000	0.0000	0.0000	0.0000	0.0000	1.0000	0.9964
sample2	2.6000	0.0000	0.0000	0.0000	0.0000	0.0000	0.0000	0.0000	0.0000	0.0000	0.0000	0.0000	0.0000	0.0000	0.2979	0.0000	0.0000	0.1777	0.0000	0.5243	0.9425	0.9584
sample3	40.9000	0.0000	0.0000	0.0000	0.0000	0.0000	0.0000	0.0000	0.0000	0.0000	0.0000	0.0000	0.0000	0.0000	0.9645	0.0000	0.7326	0.3805	0.0000	0.7114	0.1967	0.4029
sample4	1.5600	0.0000	0.0000	0.0000	0.0000	1.0000	0.0000	0.0000	0.0000	0.0000	0.0000	0.0000	0.0000	0.0000	0.1489	0.0141	0.4535	0.2280	0.0000	0.1011	0.9682	1.0000
sample5	6.6500	0.0000	0.0000	0.0000	0.0000	0.0000	0.0000	1.0000	0.0000	0.0000	0.0000	0.0000	0.0000	0.0000	0.6028	0.0046	0.3372	1.0000	0.0000	0.6843	0.9036	0.9704
sample6	13.1600	0.0000	0.0000	0.0000	0.0000	0.0000	0.0000	0.0000	1.0000	0.0000	0.0000	0.0000	0.0000	0.0000	0.9078	0.0022	0.4535	0.4058	0.0000	0.6025	0.6513	0.9010
sample7	2.2800	0.0000	0.0000	0.0000	0.0000	0.0000	0.0000	0.0000	0.0000	0.0000	0.0000	0.0000	0.0000	0.0000	0.0780	0.3947	0.0000	0.1330	0.3043	0.1360	0.9682	0.9765
sample8	3.1400	0.0000	0.0000	0.0000	0.0000	0.0000	0.0000	0.0000	0.0000	0.0000	0.0000	0.0000	0.0000	0.0000	0.2340	0.3083	0.7326	0.0949	0.6522	0.1878	0.7253	0.7949
sample9	23.0900	0.0000	0.0000	0.0000	0.0000	0.0000	0.0000	0.0000	0.0000	0.0000	0.0000	0.0000	0.0000	0.0000	0.6879	0.2167	0.7326	0.2851	0.6522	0.5418	0.1806	0.4899
sample10	6.0700	0.0000	0.0000	0.0000	0.0000	0.0000	0.0000	0.0000	0.0000	0.0000	0.0000	0.0000	0.0000	0.0000	0.5035	0.9796	0.0000	0.2217	0.3043	0.6525	0.9098	0.9469
sample11	4.3600	0.0000	0.0000	0.0000	0.0000	0.0000	0.0000	0.0000	0.0000	0.0000	0.0000	0.0000	0.0000	0.0000	0.4752	1.0000	0.7326	0.2280	0.3478	0.5896	0.7075	0.7545
sample12	13.3700	0.0000	0.0000	0.0000	0.0000	0.0000	0.0000	0.0000	0.0000	0.0000	0.0000	0.0000	0.0000	0.0000	0.6454	0.2888	0.7326	0.2787	0.4000	0.6272	0.2725	0.4449
sample13	21.4100	0.0000	0.0000	0.0000	0.0000	0.0000	0.0000	0.0000	0.0000	0.0000	0.0000	0.0000	0.0000	0.0000	0.8085	0.9532	0.7326	0.3294	0.3478	0.6673	0.1622	0.4899
sample14	14.7000	0.0000	0.0000	0.0000	0.0000	0.0000	0.0000	0.0000	0.0000	0.0000	0.0000	0.0000	0.0000	0.0000	0.6738	0.2697	1.0000	0.2724	0.3783	0.6951	0.5524	0.7246
sample15	11.2800	0.0000	0.0000	0.0000	0.6667	0.0000	0.0000	0.0000	0.0000	0.0000	0.0000	0.0000	0.0000	0.0000	0.6099	0.3081	0.6395	0.3738	0.7783	0.5876	0.7365	0.8663
sample16	5.9800	0.0000	0.0000	0.0000	0.0000	0.0000	0.6667	0.0000	0.0000	0.0000	0.0000	0.0000	0.0000	0.0000	0.4184	0.2190	0.3605	0.3066	0.5130	0.5020	0.8468	0.8987
sample17	6.9700	0.0000	0.0000	0.0000	0.0000	0.0000	1.0000	0.0000	0.0000	0.0000	0.0000	0.0000	0.0000	0.0000	0.4397	0.1691	0.3605	0.3713	0.4435	0.4825	0.8784	0.9592
sample18	4.3900	0.0000	0.0000	0.0000	0.0000	0.0000	0.0000	0.0000	0.0000	0.3333	0.0000	0.0000	0.0000	0.0000	0.5390	0.4680	0.3605	0.2863	0.7478	0.6182	0.8098	0.8918
sample19	3.6000	0.0000	0.0000	0.0000	0.0000	0.0000	0.0000	0.0000	0.0000	0.6667	0.0000	0.0000	0.0000	0.0000	0.7660	0.4911	0.3605	0.3966	0.8652	0.7477	0.8193	0.8909
sample20	7.3500	0.0000	0.0000	0.0000	0.0000	0.0000	0.0000	0.0000	0.0000	1.0000	0.0000	0.0000	0.0000	0.0000	0.9929	0.2705	0.3605	0.5056	0.7478	0.8452	0.8137	0.8918
sample21	4.0600	0.0000	0.0000	0.0000	0.0000	0.0000	0.0000	0.0000	0.0000	0.0000	1.0000	0.0000	0.0000	0.0000	0.3688	0.2178	0.4070	0.2344	0.3913	0.5614	0.8617	0.8765
sample22	4.8100	0.0000	0.0000	0.0000	0.0000	0.0000	0.0000	0.0000	0.0000	0.0000	0.0000	1.0000	0.0000	0.0000	0.4752	0.2146	0.6395	0.2217	0.3043	0.5241	0.8190	0.9026
sample23	10.0200	0.0000	0.0000	0.0000	0.0000	0.0000	0.0000	0.0000	0.0000	0.0000	0.0000	0.0000	0.0000	0.0000	0.9858	0.0180	0.7326	0.3738	0.0435	0.7914	0.1619	0.3792
sample24	19.2500	1.0000	0.0000	0.0000	0.0000	0.0000	0.0000	0.0000	0.0000	0.0000	0.0000	0.0000	0.0000	0.0000	0.9716	0.1450	0.7326	0.4372	0.3913	0.7348	0.1220	0.3419
sample25	23.0500	0.0000	1.0000	0.0000	0.0000	0.0000	0.0000	0.0000	0.0000	0.0000	0.0000	0.0000	0.0000	0.0000	0.9716	0.2489	0.7326	0.4892	0.7478	0.8391	0.0463	0.3809
sample26	29.7700	0.0000	0.0000	1.0000	0.0000	0.0000	0.0000	0.0000	0.0000	0.0000	0.0000	0.0000	0.0000	0.0000	0.9716	0.2464	0.7326	0.4245	0.3043	0.7324	0.0000	0.4491
sample27	33.6600	0.0000	0.0000	0.0000	0.0000	0.0000	0.0000	0.0000	0.0000	0.0000	0.0000	0.0000	0.0000	0.0000	0.7730	0.1566	1.0000	0.3332	0.3261	0.6261	0.2647	0.0000
sample28	24.9200	0.0000	0.0000	0.0000	0.0000	0.0000	0.0000	0.0000	0.0000	0.0000	0.0000	0.0000	0.0000	0.0000	0.9787	0.0087	1.0000	0.3776	0.0217	0.7561	0.1419	0.4308
sample29	26.3800	0.0000	0.0000	0.0000	0.0000	0.0000	0.0000	0.0000	0.0000	0.0000	0.0000	0.0000	0.0000	0.0000	1.0000	0.0059	1.0000	0.3738	0.0261	0.7809	0.3782	0.6034
sample30	22.1800	0.0000	0.0000	0.0000	0.3333	0.0000	0.0000	0.0000	0.0000	0.0000	0.0000	0.0000	0.0000	0.0000	0.9504	0.2027	0.7326	0.4283	0.3261	0.6937	0.5504	0.6342
sample31	17.9900	0.0000	0.0000	0.0000	1.0000	0.0000	0.0000	0.0000	0.0000	0.0000	0.0000	0.0000	0.0000	0.0000	0.8865	0.1339	0.7326	0.5234	0.3261	0.6782	0.8906	0.9507
sample32	7.9800	0.0000	0.0000	0.0000	0.0000	0.0000	0.0000	0.0000	0.0000	0.0000	1.0000	0.0000	0.0000	0.0000	0.3688	0.2511	0.4070	0.2787	0.4087	0.6748	0.8460	0.8650
sample33	0.4200	0.0000	0.0000	0.0000	0.0000	0.0000	0.0000	0.0000	0.0000	0.0000	0.0000	0.0000	1.0000	0.0000	0.7092	0.2721	0.0000	0.3561	0.8609	1.0000	0.8623	0.9290
sample34	38.5000	0.0000	0.0000	1.0000	0.0000	0.0000	0.0000	0.0000	0.0000	0.0000	0.0000	0.0000	0.0000	0.0000	0.8014	0.2540	0.7326	0.3738	0.5348	0.6692	0.1494	0.0138
sample35	15.4600	0.0000	0.0000	0.0000	0.0000	0.0000	0.0000	0.0000	0.0000	0.0000	0.0000	0.0000	0.0000	0.0000	0.4823	0.2256	1.0000	0.2280	0.3217	0.5661	0.6464	0.7405
sample36	22.1300	0.0000	0.0000	0.0000	0.3333	0.0000	0.0000	0.2500	0.0000	0.0000	0.0000	0.0000	0.0000	0.0000	0.8511	0.3127	0.7326	0.5830	1.0000	0.6859	0.3856	0.8003
