        Rank        RMSE       MaxAE  Feature_ID
           1    4.528046   15.002148  (       1)
           2    4.689847   14.185790  (       2)
           3    4.730202   12.185695  (       3)
           4    4.738283   11.392693  (       4)
           5    4.740799   12.271031  (       5)
           6    4.748398   11.403583  (       6)
           7    4.754442   11.300987  (       7)
           8    4.755426   11.222754  (       8)
           9    4.780817   13.989702  (       9)
          10    4.795917   11.465194  (      10)
          11    4.796821   10.513435  (      11)
          12    4.805082   11.447196  (      12)
          13    4.805408   10.980068  (      13)
          14    4.806370   11.783431  (      14)
          15    4.807436   11.384820  (      15)
          16    4.812457   11.377290  (      16)
          17    4.821186   13.484206  (      17)
          18    4.822671   11.563280  (      18)
          19    4.823191   11.694838  (      19)
          20    4.824300   11.509950  (      20)
          21    4.827854   11.571896  (      21)
          22    4.835062   11.518860  (      22)
          23    4.838160   11.375693  (      23)
          24    4.846087   11.782020  (      24)
          25    4.859341   11.414618  (      25)
          26    4.865278   11.419352  (      26)
          27    4.874351   11.263863  (      27)
          28    4.889556   11.823500  (      28)
          29    4.890673   11.539800  (      29)
          30    4.893236   14.788096  (      30)
          31    4.895216   11.238278  (      31)
          32    4.896803   11.831983  (      32)
          33    4.897069   12.114773  (      33)
          34    4.897859   11.824074  (      34)
          35    4.898790   11.671606  (      35)
          36    4.900516   12.185903  (      36)
          37    4.902283   11.854151  (      37)
          38    4.903737   11.783321  (      38)
          39    4.906946   11.131293  (      39)
          40    4.910549   11.867841  (      40)
          41    4.915712   12.029756  (      41)
          42    4.915715   11.602570  (      42)
          43    4.918271   11.303216  (      43)
          44    4.929793   12.144081  (      44)
          45    4.930811   12.076792  (      45)
          46    4.931934   11.804193  (      46)
          47    4.937028   11.247785  (      47)
          48    4.937510   12.255277  (      48)
          49    4.939586   11.714788  (      49)
          50    4.940258   10.887589  (      50)
          51    4.942093   11.380266  (      51)
          52    4.957518   11.727045  (      52)
          53    4.965404   14.594775  (      53)
          54    4.979820   13.598034  (      54)
          55    4.983639   13.889070  (      55)
          56    4.984733   11.904195  (      56)
          57    4.985051   11.973112  (      57)
          58    4.985112   11.530302  (      58)
          59    4.990960   12.503759  (      59)
          60    4.993065   11.745290  (      60)
          61    4.993105   11.133394  (      61)
          62    4.994853   11.877967  (      62)
          63    4.997462   15.937907  (      63)
          64    4.999789   11.458753  (      64)
          65    5.007441   12.322359  (      65)
          66    5.008035   13.147342  (      66)
          67    5.009503   12.269101  (      67)
          68    5.012766   12.477343  (      68)
          69    5.019153   12.208762  (      69)
          70    5.023768   11.714722  (      70)
          71    5.025224   12.407530  (      71)
          72    5.027057   11.028394  (      72)
          73    5.028960   12.238405  (      73)
          74    5.029735   12.617016  (      74)
          75    5.030440   11.122312  (      75)
          76    5.030508   11.592095  (      76)
          77    5.030969   11.606901  (      77)
          78    5.031042   12.568955  (      78)
          79    5.031515   13.278451  (      79)
          80    5.033047   10.663423  (      80)
          81    5.034662   10.920511  (      81)
          82    5.035856   12.143084  (      82)
          83    5.037320   11.474628  (      83)
          84    5.039687   11.615152  (      84)
          85    5.044069   12.207802  (      85)
          86    5.044289   10.532346  (      86)
          87    5.047052   11.014239  (      87)
          88    5.047262   11.954238  (      88)
          89    5.047572   13.476514  (      89)
          90    5.047628   12.592064  (      90)
          91    5.049568   11.773653  (      91)
          92    5.055447   11.969516  (      92)
          93    5.059177   12.353993  (      93)
          94    5.059572   12.679536  (      94)
          95    5.059823   11.593643  (      95)
          96    5.062457   11.679788  (      96)
          97    5.062484   12.528760  (      97)
          98    5.065773   12.022742  (      98)
          99    5.068438   14.060880  (      99)
         100    5.072243   12.341821  (     100)
