Model_ID, [(c_i,i=0,n)_j,j=1,ntask]
           1    0.1566520188E+01    0.2895654400E+02    0.2935720115E+02
           2    0.1273206786E+01    0.2754366447E+02    0.6072543922E+02
           3    0.1298137843E+01    0.2962375464E+02   -0.2836224131E+02
           4    0.1172278630E+02    0.3097220440E+02    0.1357520683E+02
           5    0.1377790809E+01    0.2928156587E+02    0.2163934832E+02
           6    0.1486711484E+01    0.2915860919E+02    0.2172381553E+02
           7    0.1491103135E+01    0.2917058998E+02   -0.2160736413E+02
           8    0.1395355592E+01    0.2975078857E+02    0.2581122422E+02
           9    0.1458186592E+01    0.2945625719E+02   -0.1979182987E+02
          10    0.1559933765E+01    0.2934166906E+02   -0.1984029624E+02
          11    0.3028738818E+01    0.2876252463E+02   -0.2150727180E+02
          12    0.2060764724E+01    0.2880585668E+02   -0.1878196006E+02
          13    0.1415793666E+01    0.2810735178E+02    0.3704966737E+02
          14    0.1496569920E+01    0.2915490073E+02    0.2172613127E+02
          15    0.1500971791E+01    0.2916681885E+02   -0.2160887509E+02
          16    0.8363762648E+01    0.3027488931E+02   -0.6637268247E+01
          17    0.1454247672E+01    0.2920574502E+02    0.2169245260E+02
          18    0.1458837876E+01    0.2921741477E+02    0.2157595875E+02
          19    0.1569841754E+01    0.2933695735E+02   -0.1983154408E+02
          20    0.1614400835E+01    0.2902230270E+02   -0.2161750860E+02
          21    0.1614187762E+01    0.2902224057E+02    0.2161759488E+02
          22    0.1617917152E+01    0.2903483757E+02   -0.2150175648E+02
          23    0.1607825110E+01    0.2901989391E+02    0.2161628691E+02
          24    0.1605318212E+01    0.2901146250E+02   -0.2169356305E+02
          25    0.1611605150E+01    0.2903248012E+02   -0.2150024026E+02
          26    0.1616816759E+01    0.2904958863E+02    0.2134115671E+02
          27    0.1573252199E+01    0.2889709857E+02   -0.2270633755E+02
          28    0.2047577282E+01    0.2856955504E+02   -0.2027369295E+02
          29    0.1602050754E+01    0.2901676622E+02    0.2160720672E+02
          30    0.1605873940E+01    0.2902934554E+02   -0.2149107609E+02
          31    0.1601875899E+01    0.2901665334E+02    0.2160678809E+02
          32    0.1676832308E+01    0.2921546042E+02   -0.1974451611E+02
          33    0.1676646177E+01    0.2921539182E+02   -0.1974448354E+02
          34    0.1587453813E+01    0.2905399413E+02    0.2164516629E+02
          35    0.1591366327E+01    0.2906638950E+02    0.2152857523E+02
          36    0.1669954416E+01    0.2920976980E+02   -0.1977236027E+02
          37    0.1671068194E+01    0.2921287926E+02   -0.1974040361E+02
          38    0.1546030239E+01    0.2878877721E+02    0.2360805233E+02
          39    0.1682139102E+01    0.2924329432E+02   -0.1942459533E+02
          40    0.1542324910E+01    0.2877307259E+02    0.2373437476E+02
          41    0.1640519206E+01    0.2898693568E+02    0.2135510613E+02
          42    0.1665964766E+01    0.2920965610E+02   -0.1973038833E+02
          43    0.1636984055E+01    0.2897410516E+02    0.2146872443E+02
          44    0.1665809464E+01    0.2920954133E+02   -0.1972997017E+02
          45    0.1686989224E+01    0.2925634454E+02   -0.1928726567E+02
          46    0.1374913059E+01    0.2929750884E+02    0.2152169916E+02
          47    0.1532385817E+01    0.2872964172E+02   -0.2407809136E+02
          48    0.1455712119E+01    0.2946915267E+02   -0.1968718539E+02
          49    0.1531613539E+01    0.2872618310E+02    0.2410511203E+02
          50    0.1712690501E+01    0.2932287880E+02   -0.1856932285E+02
          51    0.1521993411E+01    0.2868199999E+02   -0.2444580900E+02
          52    0.1665056992E+01    0.2895293582E+02   -0.2122994424E+02
          53    0.1661736933E+01    0.2893991522E+02    0.2134135666E+02
          54    0.1579657767E+01    0.2908313929E+02   -0.2148063159E+02
          55    0.1575694539E+01    0.2907085709E+02    0.2159665316E+02
          56    0.9992516173E+00    0.2794721489E+02   -0.1951975883E+02
          57    0.1717829320E+01    0.2914022598E+02   -0.1953392339E+02
          58    0.1733712642E+01    0.2937425431E+02   -0.1799345676E+02
          59    0.1641890904E+01    0.2925893047E+02   -0.1972130894E+02
          60    0.8952017844E+00    0.2868899304E+02    0.4066289547E+02
          61    0.1399510619E+01    0.2772202522E+02   -0.2025715367E+02
          62    0.5491758092E+00    0.2862620327E+02   -0.4441589413E+02
          63    0.1489399061E+01    0.2851380108E+02   -0.2566919878E+02
          64    0.1737587921E+01    0.2887715469E+02   -0.2116020464E+02
          65    0.1734627448E+01    0.2886382208E+02    0.2127132029E+02
          66    0.1784843684E+01    0.2906927046E+02   -0.1946923098E+02
          67    0.1483673329E+01    0.2848048110E+02    0.2589819190E+02
          68    0.1787651113E+01    0.2949504821E+02   -0.1655705901E+02
          69    0.1158151151E+01    0.2789294754E+02   -0.2198993970E+02
          70    0.1478482808E+01    0.2844902151E+02    0.1305523087E+02
          71    0.1475332857E+01    0.2842928824E+02    0.2624167583E+02
          72    0.1397728572E+01    0.2783067407E+02    0.3881945071E+02
          73    0.1745637905E+01    0.2887566549E+02   -0.2118485176E+02
          74    0.1742654221E+01    0.2886239333E+02    0.2129711260E+02
          75    0.1793133793E+01    0.2906682210E+02   -0.1947883747E+02
          76    0.1907871216E+01    0.2869610936E+02    0.2078910041E+02
          77    0.1906014073E+01    0.2868183915E+02    0.2089362827E+02
          78    0.4033527546E+01    0.2900185173E+02   -0.1744700793E+02
          79    0.1796095408E+01    0.2880419518E+02    0.2094779271E+02
          80    0.1793532632E+01    0.2879053189E+02    0.2105575286E+02
          81    0.1885763269E+01    0.2870432795E+02    0.2771382132E+02
          82    0.1387786783E+01    0.2927002704E+02    0.2119014730E+02
          83    0.1835092986E+01    0.2958984503E+02    0.1533640263E+02
          84    0.1382994071E+01    0.2925872652E+02    0.2130144683E+02
          85    0.1166394304E+01    0.2851941995E+02    0.2748191054E+02
          86    0.1459659110E+01    0.2832234404E+02   -0.2692725821E+02
          87    0.1608264053E+01    0.2718707978E+02   -0.2065073456E+02
          88    0.1918747445E+01    0.2885816585E+02    0.2587276736E+02
          89    0.1921680158E+01    0.2887102716E+02   -0.2571384412E+02
          90    0.5726124579E+00    0.2861618732E+02   -0.4436754968E+02
          91    0.3192235953E+01    0.2812194870E+02   -0.2529512522E+02
          92    0.3170329051E+01   -0.2345809581E+02    0.3237940610E+03
          93    0.4182215583E+01    0.2699887914E+02   -0.1685840901E+02
          94    0.1865237232E+01    0.2964518386E+02   -0.1457907635E+02
          95    0.2391338491E+01    0.2716934360E+02    0.7475864788E+02
          96    0.6627143469E+00    0.2851429719E+02    0.4419984522E+02
          97    0.2308903376E+01    0.2940843366E+02   -0.1939178285E+02
          98    0.1777185660E+01    0.2799478318E+02    0.3496045411E+02
          99    0.2312602486E+01    0.2957324523E+02   -0.1759196411E+02
         100    0.2037650932E+01    0.2958032555E+02    0.2635578591E+02
