        Rank        RMSE       MaxAE  Feature_ID
           1   20.075981   53.972154  (       4   10039)
           2   20.430268   51.564359  (       4   10597)
           3   20.684174   56.590221  (       4   10493)
           4   20.722266   56.799175  (       1   10001)
           5   20.732594   60.846517  (       1   10005)
           6   20.753210   61.514246  (       1   10002)
           7   20.917428   55.700215  (       1   10011)
           8   20.949079   54.470885  (       1   10006)
           9   20.959001   54.614745  (       1   10004)
          10   20.959767   54.361961  (       1   10008)
          11   20.960944   60.118859  (       1   10009)
          12   20.968763   55.410444  (       1   10003)
          13   20.973801   42.140832  (       4   10751)
          14   21.000438   59.478245  (       1   10007)
          15   21.022799   53.817662  (       4   11080)
          16   21.067469   55.930607  (       1   10010)
          17   21.079497   55.516514  (       1   10025)
          18   21.099016   55.013101  (       1   10012)
          19   21.109622   57.794917  (       1   10013)
          20   21.115903   55.769168  (       1   10014)
          21   21.133658   54.850476  (       1   10021)
          22   21.135742   54.964441  (       1   10015)
          23   21.142461   51.030065  (       1   12023)
          24   21.161754   54.412353  (       1   10020)
          25   21.165554   55.974623  (       1   10016)
          26   21.178548   55.626861  (       1   10017)
          27   21.187221   50.720401  (       1   12705)
          28   21.189041   50.726663  (       1   12706)
          29   21.202649   57.827996  (       1   10018)
          30   21.230268   55.557285  (       1   10019)
          31   21.232090   56.427377  (       1   10030)
          32   21.263747   55.239732  (       1   10022)
          33   21.270888   55.388607  (       1   10023)
          34   21.277038   55.758254  (       4   19764)
          35   21.278520   56.079067  (       1   10038)
          36   21.279953   55.761473  (       4   14711)
          37   21.287944   57.799151  (       1   10024)
          38   21.295986   51.935237  (       4   11072)
          39   21.296971   55.564449  (       1   10027)
          40   21.298809   57.124408  (       1   10026)
          41   21.298860   55.570410  (       1   10029)
          42   21.298861   56.042627  (       1   10028)
          43   21.304857   54.982661  (       1   10031)
          44   21.306808   62.114563  (       4   14102)
          45   21.325152   55.238957  (       1   10033)
          46   21.328079   58.349153  (       1   10035)
          47   21.330103   55.761566  (       1   10032)
          48   21.331477   54.622465  (       1   10137)
          49   21.332144   51.001321  (    3051   16356)
          50   21.338489   54.696907  (       1   11851)
          51   21.341995   56.245256  (       1   10034)
          52   21.345602   61.940886  (       1   10084)
          53   21.349995   57.928442  (       1   10040)
          54   21.361458   61.729128  (       1   10061)
          55   21.367159   54.885243  (       1   10036)
          56   21.381945   56.462567  (       1   10053)
          57   21.387179   58.748519  (       4   15781)
          58   21.387211   55.928691  (       4   16724)
          59   21.388586   55.782534  (       1   10043)
          60   21.388857   62.206415  (       1   10066)
          61   21.393904   56.437675  (       1   10037)
          62   21.394114   54.888648  (       1   10041)
          63   21.397890   66.222528  (       1   10104)
          64   21.403146   64.372666  (       1   10039)
          65   21.409681   43.092340  (       4   12183)
          66   21.413614   56.379045  (       1   10054)
          67   21.436236   54.833604  (       1   10509)
          68   21.436303   55.795629  (       4   18834)
          69   21.437235   55.561822  (       1   10046)
          70   21.440663   61.433744  (       1   10156)
          71   21.441500   53.108704  (       1   10081)
          72   21.449152   54.237982  (       1   10062)
          73   21.451799   58.644805  (       1   10042)
          74   21.465413   54.835293  (       1   10048)
          75   21.465503   57.283379  (       1   10051)
          76   21.467708   58.289438  (       4   11254)
          77   21.469937   55.753446  (       1   10049)
          78   21.470998   55.958428  (       1   10044)
          79   21.473235   56.844373  (       1   10064)
          80   21.473555   59.626139  (       1   10071)
          81   21.481406   56.186255  (       4   18527)
          82   21.489106   55.376768  (       1   10050)
          83   21.492431   56.963664  (       1   10045)
          84   21.495088   58.542286  (       1   10082)
          85   21.498896   55.707223  (       1   10047)
          86   21.502230   54.282497  (       1   10079)
          87   21.511683   54.349761  (       1   10080)
          88   21.515500   61.317391  (       1   10128)
          89   21.516177   59.173527  (       1   10072)
          90   21.520636   55.884290  (       1   10052)
          91   21.527386   54.396398  (       1   10076)
          92   21.530985   56.941688  (       1   10098)
          93   21.538571   55.213704  (       1   10059)
          94   21.540027   56.513317  (       1   10057)
          95   21.540743   56.266422  (       1   10304)
          96   21.543439   56.813126  (       1   10055)
          97   21.543645   59.242687  (       1   10083)
          98   21.544080   57.802648  (       1   10063)
          99   21.545148   55.795938  (       1   10056)
         100   21.545200   54.946293  (       4   10164)
