Model_ID, [(c_i,i=0,n)_j,j=1,ntask]
           1    0.1350649876E+03    0.1137605654E+03
           2    0.2413375495E+03   -0.1087153406E+03
           3    0.2440795909E+03   -0.1047736224E+03
           4    0.1471058488E+03    0.1018760156E+03
           5    0.2176379778E+03    0.9201800967E+02
           6    0.1986994219E+03    0.8525985787E+02
           7    0.2446993616E+03    0.1015672667E+03
           8    0.1470744888E+03   -0.1019032692E+03
           9    0.2418191548E+03    0.1018336678E+03
          10    0.2421652015E+03    0.1048022464E+03
          11    0.2177744906E+03   -0.9174898800E+02
          12    0.2442516138E+03    0.1038836694E+03
          13    0.2030758391E+03    0.7811676333E+02
          14    0.2166891556E+03   -0.9388782500E+02
          15    0.1359417792E+03   -0.1129889493E+03
          16    0.2525740534E+03   -0.1005743185E+03
          17    0.2348679754E+03    0.9747699171E+02
          18    0.2525262576E+03   -0.1151318546E+03
          19    0.2147899852E+03    0.1004751099E+03
          20    0.1332969073E+03    0.1052256270E+03
          21    0.2528747156E+03   -0.1117335530E+03
          22    0.2392033907E+03    0.1050138646E+03
          23    0.2348380172E+03   -0.9757610451E+02
          24    0.2529063435E+03    0.1114251055E+03
          25    0.2111041221E+03    0.8635085735E+02
          26    0.2074018980E+03    0.9456087922E+02
          27    0.2121464011E+03    0.8661149245E+02
          28    0.1479925454E+03    0.9872222376E+02
          29    0.2098740529E+03   -0.8834639106E+02
          30    0.2742790813E+03    0.1136368882E+03
          31    0.1957957660E+03    0.7964232788E+02
          32    0.1979935277E+03    0.8617685167E+02
          33    0.2523128900E+03   -0.1028082874E+03
          34    0.2422759880E+03   -0.1042784539E+03
          35    0.1957170174E+03   -0.1419362282E+03
          36    0.2202955249E+03    0.8922293023E+02
          37    0.2929845086E+03    0.3037015077E+03
          38    0.1979102445E+03   -0.8628504098E+02
          39    0.2424967644E+03   -0.9666844752E+02
          40    0.2696036288E+03    0.1087234396E+03
          41    0.1939632250E+03    0.8007696752E+02
          42    0.2060085434E+03   -0.9687525082E+02
          43    0.2526659512E+03    0.9978823304E+02
          44    0.1370693116E+03    0.1093241650E+03
          45    0.2193496294E+03    0.9113943346E+02
          46    0.1323589062E+03   -0.1147395942E+03
          47    0.2826352377E+03    0.1162433727E+03
          48    0.2792098390E+03    0.1039759293E+03
          49    0.2357986860E+03    0.9439785923E+02
          50    0.2502091563E+03    0.9761036972E+02
          51    0.2502153682E+03    0.1083236867E+03
          52    0.2498094674E+03   -0.1003728782E+03
          53    0.2805096592E+03   -0.1130597579E+03
          54    0.2899633745E+03   -0.2463621377E+03
          55    0.1926642809E+03    0.8155512139E+02
          56    0.2897880453E+03    0.2460036823E+03
          57    0.2669846637E+03   -0.1150245624E+03
          58    0.2901342338E+03   -0.2466019786E+03
          59    0.3157597740E+03   -0.2745930081E+03
          60    0.2330368543E+03    0.9482104506E+02
          61    0.2023251647E+03   -0.7907406284E+02
          62    0.2393298929E+03   -0.1044851998E+03
          63    0.2497832658E+03   -0.1116394748E+03
          64    0.2229536455E+03    0.8146587997E+02
          65    0.2498236280E+03    0.1113297508E+03
          66    0.2334920561E+03    0.1071204984E+03
          67    0.2167904235E+03    0.8882585820E+02
          68    0.2701328372E+03   -0.1141010437E+03
          69    0.2137762037E+03   -0.1025311490E+03
          70    0.2211009125E+03    0.8284811635E+02
          71    0.2890419489E+03   -0.2445104672E+03
          72    0.2210389761E+03   -0.8296681196E+02
          73    0.1778165822E+03   -0.1496744667E+03
          74    0.2136350243E+03    0.8414083968E+02
          75    0.2912500806E+03   -0.2480091312E+03
          76    0.2431927283E+03    0.9358725693E+02
          77    0.1456503561E+03    0.9421837733E+02
          78    0.2552448543E+03    0.7152845735E+02
          79    0.1874748604E+03   -0.1297405995E+03
          80    0.2323044394E+03   -0.9993613546E+02
          81    0.1801936867E+03    0.7162548840E+02
          82    0.2026070521E+03    0.7871458511E+02
          83    0.2115114251E+03   -0.8569009214E+02
          84    0.2431743526E+03   -0.9366861046E+02
          85    0.2435480618E+03    0.9826415770E+02
          86    0.2194813202E+03   -0.9087261154E+02
          87    0.2516640017E+03    0.1095404827E+03
          88    0.2920885537E+03    0.3019391642E+03
          89    0.2157786764E+03    0.9071619896E+02
          90    0.2717432901E+03   -0.1144983238E+03
          91    0.2152415935E+03   -0.9955920798E+02
          92    0.1945600597E+03    0.1364868337E+03
          93    0.2921064008E+03    0.1373090715E+03
          94    0.2769849169E+03    0.1097280393E+03
          95    0.2481879529E+03    0.6840350461E+02
          96    0.1953157815E+03    0.9136045076E+02
          97    0.2401524117E+03    0.1010478134E+03
          98    0.2215165507E+03    0.8437462304E+02
          99    0.1973641609E+03    0.8396458718E+02
         100    0.2471903568E+03    0.1084250196E+03
