        Rank        RMSE       MaxAE  Feature_ID
           1    3.667737   10.124709  (      31   12317)
           2    3.678338    9.501824  (     271   13205)
           3    3.678885   10.190487  (      29   12317)
           4    3.694248   10.121061  (      80   12317)
           5    3.709632   10.054965  (      53   12317)
           6    3.712127   10.109572  (      45   12317)
           7    3.747507   10.052619  (      67   12317)
           8    3.748282   10.056866  (      68   12317)
           9    3.749570   10.061994  (      69   12317)
          10    3.751282   10.039428  (      70   12317)
          11    3.753355   10.122304  (      95   12317)
          12    3.759141    8.994334  (      44   13205)
          13    3.766520   10.110834  (      75   12317)
          14    3.771676   10.039924  (      59   12317)
          15    3.791129    9.558621  (      16   13205)
          16    3.804988   10.049650  (     237   12317)
          17    3.825475   10.175687  (    9004   10152)
          18    3.828740   12.850111  (    3266   14056)
          19    3.838105   10.014806  (     766   10686)
          20    3.838642   10.005975  (     112   12317)
          21    3.839592   10.389085  (       1   10100)
          22    3.846201   10.352906  (       1   10126)
          23    3.847933   11.733517  (       2   11631)
          24    3.848567   10.805202  (     766   10152)
          25    3.854185    9.830921  (     148   12317)
          26    3.854853   11.848658  (      16   12560)
          27    3.857140   11.805431  (      16   11532)
          28    3.857991   12.136382  (       1   10001)
          29    3.860835   14.044241  (    4830   14056)
          30    3.862954   10.102747  (      87   12317)
          31    3.863782   10.195391  (     149   12317)
          32    3.864652    9.494645  (      22   10152)
          33    3.867607   10.475006  (      85   12317)
          34    3.874340   10.959417  (      36   12317)
          35    3.878472   11.641928  (       9   16951)
          36    3.880192   14.699155  (       1   10010)
          37    3.881573   10.293827  (       2   19779)
          38    3.888615   10.225371  (     171   12317)
          39    3.893771   14.144506  (    4477   10010)
          40    3.893944   10.331177  (       2   12317)
          41    3.899570   11.343206  (      22   11631)
          42    3.901270   12.921116  (       9   13853)
          43    3.904378   12.331730  (       1   10012)
          44    3.905546   13.673425  (       1   10011)
          45    3.910410   12.335571  (       1   10453)
          46    3.911847   13.055858  (       9   14124)
          47    3.912574   14.804361  (      50   10152)
          48    3.913291   11.644977  (    1099   12317)
          49    3.921441    9.703205  (       2   10010)
          50    3.921548   12.998625  (       9   12773)
          51    3.924171   13.110781  (       9   14501)
          52    3.927034   11.260566  (      17   12317)
          53    3.929238   13.893461  (       1   10002)
          54    3.929878   10.453906  (     201   12317)
          55    3.931594   13.129949  (       9   13026)
          56    3.931944   13.240614  (       9   11396)
          57    3.934903   13.594238  (       1   10003)
          58    3.934920   14.562328  (       1   10007)
          59    3.936394   11.743764  (     173   16951)
          60    3.936803   15.587707  (       1   10069)
          61    3.937840   12.232363  (      16   17909)
          62    3.938209   12.289546  (      16   15182)
          63    3.938525   12.455174  (       1   11461)
          64    3.939737   13.088849  (     173   13853)
          65    3.940071    9.110275  (       2   14056)
          66    3.943495   13.183354  (       9   13346)
          67    3.943947   10.102984  (      17   14056)
          68    3.944410   14.850716  (       1   10044)
          69    3.945723   14.113012  (    9530   14056)
          70    3.945768   11.162377  (       1   10052)
          71    3.947020   10.437578  (    6753   10100)
          72    3.947072   13.895210  (       1   10004)
          73    3.947111   10.430964  (    6753   10126)
          74    3.947485   12.403745  (      16   13443)
          75    3.949011   11.614244  (       1   11406)
          76    3.950127   13.306575  (       9   11004)
          77    3.950224   13.237570  (       9   12727)
          78    3.951003   11.550972  (       1   11693)
          79    3.951433   13.095621  (       9   19890)
          80    3.954249   13.598821  (       1   10006)
          81    3.954250   11.629467  (       1   11960)
          82    3.955879   11.815521  (       1   11079)
          83    3.955890   11.563545  (       1   12326)
          84    3.957341    9.628402  (       2   13423)
          85    3.958208   15.182720  (     851   10152)
          86    3.958292   11.532214  (       1   10025)
          87    3.958850   11.404139  (       1   11004)
          88    3.958995   14.807854  (       1   10079)
          89    3.959495   10.591457  (    2936   19293)
          90    3.959789   13.321890  (       1   10599)
          91    3.960606   13.258354  (     173   14124)
          92    3.962005   11.837073  (       1   11485)
          93    3.962788   11.409299  (       1   11396)
          94    3.962833   13.463505  (       1   10023)
          95    3.962936   14.152159  (       1   10093)
          96    3.963751   11.422035  (       1   10005)
          97    3.964538   13.218900  (    4403   14056)
          98    3.964598   15.110080  (       1   10224)
          99    3.965272   13.348007  (       1   10773)
         100    3.966051   12.463284  (      44   10717)
