        Rank        RMSE       MaxAE  Feature_ID
           1    8.047549   23.615952  (    5264   10003)
           2    8.085605   23.890073  (      72   10162)
           3    8.162873   22.047546  (    2165   10005)
           4    8.164881   20.385282  (    2696   10015)
           5    8.167433   22.996463  (    1805   10001)
           6    8.178646   22.023932  (    2165   10006)
           7    8.182633   20.358199  (    2696   10017)
           8    8.193627   26.220339  (    1805   10005)
           9    8.202138   26.197287  (    1805   10006)
          10    8.213313   23.525820  (    5264   10002)
          11    8.234100   26.470200  (    4207   13366)
          12    8.257890   21.036838  (    2165   10015)
          13    8.278096   21.039290  (    2165   10017)
          14    8.278530   20.229189  (     118   10013)
          15    8.295476   23.771182  (    8033   10280)
          16    8.297050   23.958062  (       8   10001)
          17    8.298206   23.777775  (    8033   10438)
          18    8.311971   19.480418  (     118   10015)
          19    8.329797   23.639322  (       1   10001)
          20    8.332104   19.460525  (     118   10017)
          21    8.333446   21.289563  (    2558   10015)
          22    8.344751   26.709183  (       8   10005)
          23    8.347617   24.246010  (    5264   10001)
          24    8.354121   21.292494  (    2558   10017)
          25    8.359899   26.694360  (       8   10006)
          26    8.393063   19.574056  (    8815   10001)
          27    8.395456   22.046009  (     237   10005)
          28    8.399021   19.531533  (    9235   10001)
          29    8.402909   24.141609  (    8978   10003)
          30    8.405381   18.928069  (     237   10015)
          31    8.405554   19.502341  (    9577   10001)
          32    8.412192   22.026066  (     237   10006)
          33    8.416627   25.773395  (    2696   10005)
          34    8.425086   18.929138  (     237   10017)
          35    8.430350   25.752544  (    2696   10006)
          36    8.437133   19.735803  (     118   10029)
          37    8.441084   23.484603  (    9688   10003)
          38    8.446286   26.297267  (    4207   17303)
          39    8.450379   18.158907  (       3   10111)
          40    8.454141   23.455412  (    9463   10003)
          41    8.454225   18.132162  (       3   10107)
          42    8.455347   18.105049  (     118   10071)
          43    8.458065   23.848071  (    7033   10003)
          44    8.460839   23.926981  (      72   10169)
          45    8.463960   26.106428  (     118   10002)
          46    8.482957   20.499432  (     622   10015)
          47    8.484598   19.600898  (    3082   10015)
          48    8.484601   21.260415  (    1805   10015)
          49    8.489194   19.925684  (    8173   10001)
          50    8.489250   24.622321  (       1   10002)
          51    8.494073   21.388026  (     118   10001)
          52    8.497108   21.232307  (    1805   10017)
          53    8.497990   26.528752  (    9424   10047)
          54    8.498210   24.666113  (       1   10003)
          55    8.500571   20.476705  (     622   10017)
          56    8.501516   20.777693  (    2278   10015)
          57    8.502090   18.164778  (     118   10076)
          58    8.502759   19.601363  (    3082   10017)
          59    8.505733   24.554119  (    2558   10005)
          60    8.507757   26.227807  (     778   13366)
          61    8.508224   22.126365  (    2558   10013)
          62    8.509185   21.263138  (    1946   10122)
          63    8.515981   20.778019  (    2278   10017)
          64    8.516430   20.005281  (    8509   10001)
          65    8.524065   24.534838  (    2558   10006)
          66    8.532269   19.990667  (    8486   10001)
          67    8.533688   25.864054  (     118   10004)
          68    8.540689   21.232286  (    2224   10122)
          69    8.544213   26.323770  (    1805   10007)
          70    8.544813   21.694130  (     190   10015)
          71    8.545254   24.409505  (     118   10005)
          72    8.546032   20.009445  (    8589   10001)
          73    8.550726   18.950488  (     237   10001)
          74    8.553646   21.666663  (     190   10017)
          75    8.553914   24.054580  (    8978   10002)
          76    8.554866   26.122347  (     118   10003)
          77    8.557623   22.804665  (    2696   10330)
          78    8.559009   26.459048  (    9424   10072)
          79    8.564191   26.293199  (     237   10003)
          80    8.564221   24.393811  (     118   10006)
          81    8.564751   23.303776  (    8773   10003)
          82    8.567305   22.592140  (    2696   11559)
          83    8.567308   24.936478  (    1805   10003)
          84    8.567494   18.426245  (    5345   10001)
          85    8.571127   24.320032  (    1145   11559)
          86    8.577367   19.491255  (    4161   10001)
          87    8.578401   20.575029  (     164   10122)
          88    8.578839   24.142238  (    8940   10003)
          89    8.582474   21.815120  (    7176   10001)
          90    8.587230   26.161888  (       6   10187)
          91    8.588453   22.551794  (    9463   10001)
          92    8.589336   23.389406  (    9962   10003)
          93    8.589575   22.521996  (    9688   10001)
          94    8.592854   17.500609  (       3   10136)
          95    8.593255   21.850168  (    2558   10029)
          96    8.596074   26.004903  (     778   17303)
          97    8.596768   23.760981  (    7033   10002)
          98    8.599432   24.040606  (    7945   10003)
          99    8.603762   18.143535  (     622   10122)
         100    8.604585   20.747953  (    3082   10005)
