Model_ID, [(c_i,i=0,n)_j,j=1,ntask]
           1    0.2838558043E+01    0.8325731449E+02
           2    0.4084817881E+01    0.2509358046E+03
           3    0.3260985913E+01    0.9708996814E+02
           4    0.3257920967E+01    0.9746038223E+02
           5    0.3276267812E+01    0.5384560518E+02
           6    0.3295294232E+01    0.9735916786E+02
           7    0.3099047561E+01    0.8849276162E+02
           8    0.4511947789E+01    0.1081211305E+03
           9    0.3702750097E+01    0.9578918115E+02
          10    0.4059393088E+01    0.1700884556E+03
          11    0.3780654825E+01    0.9532362285E+02
          12    0.3540576185E+01   -0.9662325674E+02
          13    0.3453569683E+01    0.9699317109E+02
          14    0.3525926504E+01    0.9657786204E+02
          15    0.3537214871E+01    0.9650598619E+02
          16    0.3278673078E+01    0.9774283889E+02
          17    0.3260970821E+01    0.9781646107E+02
          18    0.3308326339E+01    0.9760286851E+02
          19    0.3873042985E+01    0.9500976735E+02
          20    0.3415379609E+01    0.9708828878E+02
          21    0.4230375107E+01    0.6245229289E+02
          22    0.3389736890E+01    0.9721246646E+02
          23    0.3438515464E+01    0.9697087898E+02
          24    0.3462510695E+01    0.9684436120E+02
          25    0.3354302686E+01    0.9737193772E+02
          26    0.3491285716E+01    0.9668698682E+02
          27    0.3535449415E+01    0.9643500306E+02
          28    0.3926017971E+01    0.9466617268E+02
          29    0.4228735781E+01   -0.1524163382E+02
          30    0.3584967815E+01    0.9616184923E+02
          31    0.3969121924E+01    0.1388719111E+03
          32    0.3619211496E+01    0.9596948735E+02
          33    0.5405179141E+01    0.5049912343E+02
          34    0.3803888751E+01    0.1188341687E+03
          35    0.3643344520E+01    0.9582585433E+02
          36    0.2976249319E+01    0.9858100547E+02
          37    0.4938389429E+01    0.2677761061E+02
          38    0.3208418896E+01    0.9775517830E+02
          39    0.4347233444E+01    0.6987137570E+02
          40    0.3462387329E+01    0.9655046228E+02
          41    0.4342239008E+01    0.2446236454E+02
          42    0.3368286567E+01    0.9698962766E+02
          43    0.4091483040E+01    0.9353407730E+02
          44    0.3814232627E+01    0.9464411280E+02
          45    0.2675101689E+01    0.2176458131E+02
          46    0.3428954755E+01    0.9656611485E+02
          47    0.3044300829E+01    0.8260235000E+02
          48    0.3603182744E+01    0.2429489374E+02
          49    0.3431893194E+01    0.9649220543E+02
          50   -0.3710198768E+01   -0.2647554306E+02
          51    0.5064494492E+01    0.3231235331E+02
          52    0.2502683737E+01    0.3454300203E+02
          53    0.4633831000E+01    0.2649522854E+02
          54    0.4930693584E+01    0.4230413789E+02
          55    0.3319727513E+01    0.6691811833E+02
          56    0.4626052544E+01   -0.1274574544E+02
          57    0.4543076351E+01    0.2378975448E+02
          58    0.3858856569E+01   -0.2613463976E+02
          59    0.2695647619E+01    0.3685647794E+02
          60    0.3638275873E+01    0.9598794952E+02
          61    0.2021083882E+01    0.3242110218E+02
          62    0.1828030695E+01   -0.7958257483E+01
          63    0.2453474367E+01    0.1355162962E+02
          64    0.3644787962E+01    0.2277932988E+02
          65    0.4764851238E+01    0.2629040474E+02
          66    0.4038480267E+01    0.9499902310E+02
          67    0.3856562616E+01    0.7426260789E+02
          68    0.3805134385E+01    0.1980434084E+02
          69    0.2867067152E+01    0.9826520431E+02
          70    0.6655659424E+00    0.8597880771E+02
          71    0.4887838555E+01    0.2612371670E+02
          72    0.4805539223E+01    0.2621398369E+02
          73    0.1959484490E+01    0.1439524720E+02
          74    0.3328092465E+01    0.9656390755E+02
          75    0.5212693391E+01    0.2188478556E+02
          76    0.4693814538E+01    0.2635883007E+02
          77    0.3698835399E+01    0.9563887424E+02
          78    0.2345947612E+01    0.1925173885E+02
          79    0.5159665411E+01   -0.1108643065E+02
          80    0.2885174393E+01    0.1211458155E+03
          81    0.2330707332E+01    0.5284122365E+02
          82    0.2235778052E+02    0.2705669284E+02
          83   -0.1805169197E+01    0.4023423469E+02
          84    0.1195301319E+01    0.8010071007E+01
          85   -0.2829124270E+01   -0.4188809979E+02
          86    0.5032549675E+01    0.2575243667E+02
          87    0.4857826108E+01   -0.1166699495E+03
          88    0.4163740091E+01    0.9247204620E+02
          89    0.4853302354E+01   -0.3300959533E+02
          90    0.2365081135E+01    0.1372514721E+02
          91    0.2141168044E+01   -0.1059455969E+02
          92    0.4608534846E+01    0.2641708109E+02
          93    0.4584162168E+01    0.8951043720E+02
          94    0.4530997111E+01    0.1982748604E+02
          95    0.2871369647E+01    0.1284031602E+02
          96    0.4637713073E+01    0.2637874889E+02
          97    0.4450589722E+01    0.2656632584E+02
          98    0.4403636463E+01    0.3226032433E+02
          99    0.5891594438E+01    0.1849941482E+02
         100    0.4848979904E+01    0.3148461225E+02
