        Rank        RMSE       MaxAE  Feature_ID
           1    3.458207    8.370807  (    2959   10024)
           2    3.498046    8.521985  (    2959   10109)
           3    3.539333    7.666582  (    2959   11022)
           4    3.574459    7.767165  (    2959   11349)
           5    3.576421    7.852728  (    2959   13183)
           6    3.576645   10.308012  (    1136   12955)
           7    3.586553    9.059214  (    2959   10646)
           8    3.586888    9.060873  (    2959   10655)
           9    3.592544   10.912299  (    1176   12955)
          10    3.592945    9.497866  (    2959   11931)
          11    3.595780    9.240768  (    6423   10206)
          12    3.597433   13.786412  (       8   12517)
          13    3.598413    9.922561  (    2959   10021)
          14    3.598445    9.091652  (    2959   10733)
          15    3.598756    9.924049  (    2959   10023)
          16    3.598775    9.093300  (    2959   10742)
          17    3.609182   10.775374  (       8   10542)
          18    3.609983    7.949443  (    2959   14030)
          19    3.620208   12.350245  (    1485   19937)
          20    3.623713    9.421672  (    2959   12481)
          21    3.626381   11.676730  (       8   10624)
          22    3.632097    9.001084  (    2959   11510)
          23    3.644408   10.101961  (    6423   10044)
          24    3.645553    8.941206  (    2959   13149)
          25    3.652734   10.829176  (    1707   12955)
          26    3.655471   12.205575  (     620   19937)
          27    3.660132   10.302106  (    2456   19495)
          28    3.663748   11.002220  (    1176   11834)
          29    3.672565    9.650878  (    6423   11522)
          30    3.675184   13.450130  (       8   14589)
          31    3.679414   12.098432  (       8   10080)
          32    3.680626   12.484822  (       8   15338)
          33    3.682151   14.246299  (       8   13615)
          34    3.682744    7.998997  (    1957   11486)
          35    3.686609    9.762134  (    5941   12048)
          36    3.687089   10.437785  (    1136   11834)
          37    3.689167    9.193041  (    6350   10206)
          38    3.691254   11.204711  (       8   13212)
          39    3.691590   14.477311  (       8   12452)
          40    3.695536   11.524730  (       8   10802)
          41    3.697304   14.414438  (       8   11703)
          42    3.698497    9.718300  (    7885   12048)
          43    3.698745   10.217370  (    6423   10252)
          44    3.699061   10.216589  (    6423   10253)
          45    3.699152   16.296916  (    8327   16921)
          46    3.699342   10.351233  (    2959   10811)
          47    3.700234    9.036030  (    2959   10442)
          48    3.701323   10.161912  (    6423   10035)
          49    3.702026   11.662790  (       2   10032)
          50    3.702356   12.185993  (     522   19937)
          51    3.702644    9.090450  (       8   10032)
          52    3.702680   10.291933  (    6423   10339)
          53    3.706529   14.384027  (       8   14330)
          54    3.706673   14.677180  (    3550   16921)
          55    3.707672   12.347731  (    2994   13125)
          56    3.709419   10.377868  (    2959   10895)
          57    3.709425   10.895183  (    2101   11834)
          58    3.709490   12.624425  (    5438   19937)
          59    3.710548   14.457485  (       8   13253)
          60    3.710969    9.110285  (    2959   10935)
          61    3.715343   14.412008  (       8   15298)
          62    3.716138   14.457765  (       8   14031)
          63    3.717146   12.513598  (       8   16891)
          64    3.718094   13.088774  (    8390   19937)
          65    3.718099    9.491449  (    2959   11786)
          66    3.718385    9.492981  (    2959   11814)
          67    3.719827   12.421848  (    6131   19937)
          68    3.720450   10.917420  (    1707   11834)
          69    3.721074   11.011264  (       8   11050)
          70    3.721095   12.101649  (    2101   13125)
          71    3.722551    9.367877  (    2959   10520)
          72    3.722870   13.096679  (    9270   19937)
          73    3.722915    9.369579  (    2959   10528)
          74    3.723040   10.141855  (    6423   10653)
          75    3.723159   13.110169  (    7898   19937)
          76    3.723592   13.065635  (    9068   19937)
          77    3.723795   11.459653  (       2   10062)
          78    3.724443   13.066674  (    9084   19937)
          79    3.724863   10.774959  (       8   10693)
          80    3.725670   13.084583  (    8735   19937)
          81    3.727269   10.035816  (    6350   10044)
          82    3.728784   11.584526  (       8   10309)
          83    3.729708    9.510545  (    2959   11921)
          84    3.729845   10.733143  (    6423   10229)
          85    3.729899   11.099940  (       2   10104)
          86    3.729992    9.512074  (    2959   11934)
          87    3.730041   14.453835  (       8   14020)
          88    3.730974   12.493716  (    7182   19937)
          89    3.731254   14.460458  (       8   14396)
          90    3.733725   10.923120  (       8   10526)
          91    3.734413   13.079614  (    9384   19937)
          92    3.735607   10.240435  (      54   10339)
          93    3.736387   11.179007  (       8   10339)
          94    3.738954   14.420365  (       8   13961)
          95    3.739051   13.123198  (    9866   19937)
          96    3.739127   10.192780  (    6350   10925)
          97    3.739742    9.878270  (      54   10032)
          98    3.739749   12.537447  (    7965   19937)
          99    3.740712   10.241386  (    6423   10373)
         100    3.742107   14.421820  (       8   13283)
