        Rank        RMSE       MaxAE  Feature_ID
           1    3.959900   12.846569  (       1)
           2    3.976942   10.800353  (       2)
           3    3.983085   11.671548  (       3)
           4    4.010316   10.886182  (       4)
           5    4.021103   12.913197  (       5)
           6    4.025563   10.031792  (       6)
           7    4.025807   13.648819  (       7)
           8    4.026959   13.085850  (       8)
           9    4.040833   11.658370  (       9)
          10    4.050522   13.048476  (      10)
          11    4.052333   13.101297  (      11)
          12    4.053991   11.416387  (      12)
          13    4.066894   11.342498  (      13)
          14    4.066898   11.342449  (      14)
          15    4.072743   10.010682  (      15)
          16    4.074813   10.627905  (      16)
          17    4.082690   12.939003  (      17)
          18    4.095916   11.337767  (      18)
          19    4.099644   11.320101  (      19)
          20    4.105278   11.320727  (      20)
          21    4.107524   12.664416  (      21)
          22    4.111277   10.545257  (      22)
          23    4.112998   13.129430  (      23)
          24    4.114347   12.330660  (      24)
          25    4.114691   11.712056  (      25)
          26    4.124084   13.777229  (      26)
          27    4.125592   11.327105  (      27)
          28    4.126185   11.328586  (      28)
          29    4.126928   11.330261  (      29)
          30    4.127499   13.143737  (      30)
          31    4.129968   13.159340  (      31)
          32    4.132122   13.268790  (      32)
          33    4.132400   11.326366  (      33)
          34    4.132788   13.154814  (      34)
          35    4.132979   11.682201  (      35)
          36    4.133374   11.691228  (      36)
          37    4.133624   13.773866  (      37)
          38    4.136346   12.007288  (      38)
          39    4.136942   12.647236  (      39)
          40    4.141445   14.206443  (      40)
          41    4.145513   11.951295  (      41)
          42    4.145713   10.723806  (      42)
          43    4.148390   11.877564  (      43)
          44    4.149923   11.047572  (      44)
          45    4.150176   11.340598  (      45)
          46    4.151416   11.371765  (      46)
          47    4.152375   13.309137  (      47)
          48    4.153602   11.560684  (      48)
          49    4.156596   11.897175  (      49)
          50    4.156616   11.705145  (      50)
          51    4.157155   14.050216  (      51)
          52    4.158172   10.776915  (      52)
          53    4.159293   13.191007  (      53)
          54    4.162446   13.721819  (      54)
          55    4.163198   11.737875  (      55)
          56    4.166301   13.839977  (      56)
          57    4.172038    9.931468  (      57)
          58    4.174536   13.409102  (      58)
          59    4.176172   13.738194  (      59)
          60    4.178018   10.809103  (      60)
          61    4.180905   13.203432  (      61)
          62    4.181172   10.287781  (      62)
          63    4.185727   10.176832  (      63)
          64    4.185974   11.275837  (      64)
          65    4.189547   13.223745  (      65)
          66    4.191174   11.759825  (      66)
          67    4.191716   10.808460  (      67)
          68    4.192842   13.619903  (      68)
          69    4.199538   13.878919  (      69)
          70    4.199941   11.854457  (      70)
          71    4.203513   12.654270  (      71)
          72    4.204658   13.559258  (      72)
          73    4.207158   12.598407  (      73)
          74    4.209896   14.210494  (      74)
          75    4.210626   13.778251  (      75)
          76    4.210786   11.806525  (      76)
          77    4.211062   13.202557  (      77)
          78    4.211924   11.189802  (      78)
          79    4.212447   13.380493  (      79)
          80    4.212838   14.967815  (      80)
          81    4.216836   10.565623  (      81)
          82    4.217967   11.796547  (      82)
          83    4.218002   11.588922  (      83)
          84    4.218554   10.855376  (      84)
          85    4.218971   10.899510  (      85)
          86    4.219953   11.841978  (      86)
          87    4.220851   11.996731  (      87)
          88    4.222503   10.533196  (      88)
          89    4.223316   11.444795  (      89)
          90    4.224249   12.356099  (      90)
          91    4.224979   11.429561  (      91)
          92    4.224994   11.429460  (      92)
          93    4.225010   11.429359  (      93)
          94    4.225437   13.250654  (      94)
          95    4.227087   11.421400  (      95)
          96    4.227617   12.268496  (      96)
          97    4.227909   13.060326  (      97)
          98    4.229134   11.417426  (      98)
          99    4.230697   13.001349  (      99)
         100    4.232190   10.810627  (     100)
