        Rank        RMSE       MaxAE  Feature_ID
           1   22.779548   50.474854  (      50   10830)
           2   23.158438   48.895067  (     150   10830)
           3   23.320550   50.245265  (      27   10830)
           4   23.376124   56.566182  (     150   12055)
           5   23.397528   57.442395  (      50   12055)
           6   23.427333   56.814570  (     150   11815)
           7   23.450735   57.672408  (      50   11815)
           8   23.452742   49.271641  (      11   10032)
           9   23.457904   49.186392  (      65   10830)
          10   23.471510   49.242827  (      66   10830)
          11   23.475842   50.932393  (      50   13886)
          12   23.488310   50.714937  (      50   13763)
          13   23.520080   56.975645  (     150   12279)
          14   23.539640   57.819456  (      50   12279)
          15   23.602729   49.940643  (     276   10830)
          16   23.651917   51.225047  (       5   10104)
          17   23.714303   49.785611  (      85   10830)
          18   23.720802   48.012936  (      70   10830)
          19   23.729811   49.819928  (     190   10830)
          20   23.750491   48.130421  (       1   10014)
          21   23.862743   47.829009  (      73   10830)
          22   23.873685   50.013430  (      95   10830)
          23   23.882709   51.367750  (       4   10009)
          24   23.890536   50.035111  (      96   10830)
          25   23.893901   52.475221  (       3   10002)
          26   23.901948   46.217746  (      21   10830)
          27   23.909007   49.378178  (     150   13886)
          28   23.911495   51.255190  (       4   10002)
          29   23.915014   53.651964  (       3   10005)
          30   23.925289   52.459547  (       4   10005)
          31   23.929988   52.506119  (       3   10009)
          32   23.934361   50.957382  (       4   10004)
          33   23.941234   50.731694  (       4   10003)
          34   23.941892   49.871149  (       1   10009)
          35   23.942386   51.265235  (       4   10104)
          36   23.948834   50.440830  (       3   10014)
          37   23.951748   49.772064  (       1   10002)
          38   23.960667   52.128864  (       3   10004)
          39   23.962144   51.912036  (       3   10003)
          40   23.965358   51.008893  (       4   10006)
          41   23.968021   49.126107  (     150   13763)
          42   23.976083   49.278026  (       1   10003)
          43   23.980788   49.481112  (       1   10004)
          44   23.989510   51.163297  (       4   10008)
          45   23.991833   52.177851  (       3   10006)
          46   23.995515   52.353218  (       3   10008)
          47   24.003157   65.492534  (      28   17404)
          48   24.005446   50.878065  (       1   10005)
          49   24.008261   55.161700  (      30   11060)
          50   24.012275   49.527136  (       1   10006)
          51   24.032999   49.674990  (       1   10008)
          52   24.052353   50.616454  (      27   13886)
          53   24.066628   60.587656  (     760   12055)
          54   24.075564   51.046672  (       4   10011)
          55   24.075964   54.659616  (      30   11142)
          56   24.086217   56.820899  (      27   12055)
          57   24.097219   50.382632  (      27   13763)
          58   24.100324   60.868256  (     760   11815)
          59   24.101379   52.210973  (       3   10011)
          60   24.120045   55.918872  (       3   10215)
          61   24.120392   49.555031  (       1   10011)
          62   24.123109   48.005892  (       1   10007)
          63   24.133263   48.022124  (      18   10032)
          64   24.136081   57.040235  (      27   11815)
          65   24.140823   50.733326  (       5   10009)
          66   24.174742   61.055425  (     760   12279)
          67   24.175747   50.896016  (       4   10017)
          68   24.178587   49.670967  (      11   10124)
          69   24.182126   49.602911  (      65   13886)
          70   24.192725   51.068037  (       4   10019)
          71   24.195416   49.659483  (      66   13886)
          72   24.195467   51.160768  (       4   10015)
          73   24.199475   50.582141  (       5   10002)
          74   24.202314   50.307305  (       5   10004)
          75   24.210093   50.080013  (       5   10003)
          76   24.212909   51.791326  (       5   10005)
          77   24.214369   49.215621  (      11   10134)
          78   24.215266   56.070775  (       3   10295)
          79   24.218014   49.374829  (      65   13763)
          80   24.220600   49.402331  (       1   10017)
          81   24.220678   52.035310  (       3   10017)
          82   24.221614   49.715250  (     329   10830)
          83   24.229510   52.214308  (       3   10019)
          84   24.231531   57.167799  (      27   12279)
          85   24.231971   49.430646  (      66   13763)
          86   24.232680   50.359798  (       5   10006)
          87   24.234747   50.964088  (       4   10020)
          88   24.240449   64.635363  (      39   17404)
          89   24.241466   49.559010  (       1   10019)
          90   24.249371   54.671537  (       4   10215)
          91   24.253193   55.270130  (       3   10200)
          92   24.255998   55.278747  (       3   10202)
          93   24.258440   52.125705  (       3   10020)
          94   24.259812   52.278166  (       3   10015)
          95   24.260264   55.651142  (       3   10252)
          96   24.260604   56.073765  (      50   10014)
          97   24.261209   55.534715  (       3   10199)
          98   24.265546   50.504209  (       5   10008)
          99   24.273000   49.467174  (       1   10020)
         100   24.274530   49.604847  (       1   10015)
