      rank       #data_overlap        size_overlap          feature_ID
         1                  37             0.21411   (       1)
         2                  39             0.26750   (       2)
         3                  39             0.28304   (       3)
         4                  39             0.28304   (       4)
         5                  39             0.34523   (       5)
         6                  39             0.35062   (       6)
         7                  39             0.52533   (       7)
         8                  40             0.21411   (       8)
         9                  40             0.28304   (       9)
        10                  40             0.28304   (      10)
        11                  40             0.32790   (      11)
        12                  41             0.21411   (      12)
        13                  41             0.21411   (      13)
        14                  41             0.28102   (      14)
        15                  41             0.28304   (      15)
        16                  41             0.28304   (      16)
        17                  41             0.28304   (      17)
        18                  41             0.28304   (      18)
        19                  41             0.28304   (      19)
        20                  41             0.28304   (      20)
        21                  41             0.28304   (      21)
        22                  41             0.28304   (      22)
        23                  41             0.28493   (      23)
        24                  41             0.34523   (      24)
        25                  41             0.47711   (      25)
        26                  41             0.55061   (      26)
        27                  41             0.55131   (      27)
        28                  42             0.28302   (      28)
        29                  42             0.28304   (      29)
        30                  42             0.34523   (      30)
        31                  42             0.34523   (      31)
        32                  42             0.34523   (      32)
        33                  42             0.47711   (      33)
        34                  42             0.47711   (      34)
        35                  42             0.54200   (      35)
        36                  42             0.54200   (      36)
        37                  42             0.85036   (      37)
        38                  42             1.00000   (      38)
        39                  42             1.00000   (      39)
        40                  42             1.00000   (      40)
        41                  42             1.00000   (      41)
        42                  42             1.00000   (      42)
        43                  42             1.00000   (      43)
        44                  42             1.00000   (      44)
        45                  42             1.00000   (      45)
        46                  43             0.27686   (      46)
        47                  43             0.28304   (      47)
        48                  43             0.33688   (      48)
        49                  43             0.34523   (      49)
        50                  43             0.34523   (      50)
        51                  43             0.41551   (      51)
        52                  43             0.45524   (      52)
        53                  43             0.47705   (      53)
        54                  43             0.47711   (      54)
        55                  43             0.47711   (      55)
        56                  43             0.54200   (      56)
        57                  43             0.54200   (      57)
        58                  43             0.54200   (      58)
        59                  43             0.54200   (      59)
        60                  43             0.54200   (      60)
        61                  43             0.54200   (      61)
        62                  43             0.54226   (      62)
        63                  43             0.55528   (      63)
        64                  43             0.57540   (      64)
        65                  43             0.64891   (      65)
        66                  43             0.85131   (      66)
        67                  43             0.86385   (      67)
        68                  43             0.86726   (      68)
        69                  43             0.94143   (      69)
        70                  43             1.00000   (      70)
        71                  43             1.00000   (      71)
        72                  43             1.00000   (      72)
        73                  43             1.00000   (      73)
        74                  43             1.00000   (      74)
        75                  43             1.00000   (      75)
        76                  43             1.00000   (      76)
        77                  43             1.00000   (      77)
        78                  43             1.00000   (      78)
        79                  43             1.00000   (      79)
        80                  43             1.00000   (      80)
        81                  43             1.00000   (      81)
        82                  43             1.00000   (      82)
        83                  43             1.00000   (      83)
        84                  43             1.00000   (      84)
        85                  43             1.00000   (      85)
        86                  43             1.00000   (      86)
        87                  43             1.00000   (      87)
        88                  43             1.00000   (      88)
        89                  43             1.00000   (      89)
        90                  43             1.00000   (      90)
        91                  43             1.00000   (      91)
        92                  43             1.00000   (      92)
        93                  43             1.00000   (      93)
        94                  43             1.00000   (      94)
        95                  43             1.00000   (      95)
        96                  43             1.00000   (      96)
        97                  43             1.00000   (      97)
        98                  43             1.00000   (      98)
        99                  43             1.00000   (      99)
       100                  43             1.00000   (     100)
