        Rank        RMSE       MaxAE  Feature_ID
           1   21.790311   60.653489  (      90   10006)
           2   21.836287   56.343894  (      90   10007)
           3   21.858404   53.292694  (      24   10001)
           4   21.963812   58.416004  (       1   10003)
           5   22.096826   59.998088  (       1   10002)
           6   22.165082   64.367996  (      24   10003)
           7   22.190119   53.300999  (     363   13639)
           8   22.268272   53.250437  (     363   13805)
           9   22.337933   63.253164  (     332   10042)
          10   22.339387   53.194512  (     363   13960)
          11   22.362063   51.105607  (     217   15026)
          12   22.380616   64.286851  (      47   10003)
          13   22.416597   62.759066  (      90   10003)
          14   22.448071   63.588209  (      24   10012)
          15   22.459934   59.252671  (      58   10006)
          16   22.511532   51.443847  (      90   10001)
          17   22.553526   65.113984  (      24   10027)
          18   22.564337   59.941904  (    1072   16912)
          19   22.613301   57.592575  (     576   10006)
          20   22.627925   58.043285  (       2   10003)
          21   22.642585   48.783124  (       1   10001)
          22   22.672700   63.242192  (      44   10003)
          23   22.677020   63.250698  (      46   10003)
          24   22.681376   51.542907  (       1   10021)
          25   22.709116   53.126211  (      19   10001)
          26   22.718006   56.429364  (     537   12212)
          27   22.729414   63.335423  (      52   10003)
          28   22.733872   47.748356  (     109   10001)
          29   22.744384   56.692081  (      47   10021)
          30   22.745344   58.026515  (      24   10007)
          31   22.748499   59.624043  (       2   10002)
          32   22.756446   51.369819  (     537   13165)
          33   22.758723   54.129062  (       1   10010)
          34   22.771325   53.010118  (     576   10007)
          35   22.784455   53.182257  (      47   10001)
          36   22.788144   57.911461  (      47   10007)
          37   22.795524   56.351306  (       1   10006)
          38   22.797736   58.606905  (      24   10037)
          39   22.818147   57.568793  (       1   10012)
          40   22.825942   53.379501  (      35   10001)
          41   22.856487   56.858929  (      90   10037)
          42   22.865896   56.861736  (      19   10009)
          43   22.880950   57.146623  (      35   10009)
          44   22.885429   58.850754  (       1   10027)
          45   22.889882   55.479163  (      90   10035)
          46   22.899576   63.631053  (       1   10008)
          47   22.906801   57.389408  (     602   10006)
          48   22.918593   52.338516  (      12   10001)
          49   22.919922   62.946537  (       1   10004)
          50   22.926993   57.109558  (      24   10009)
          51   22.929976   64.362911  (      90   10002)
          52   22.939259   71.922185  (      71   10003)
          53   22.943149   52.318043  (      44   10001)
          54   22.946181   52.323108  (      46   10001)
          55   22.946944   52.843369  (     602   10007)
          56   22.947002   63.029076  (       1   10005)
          57   22.952793   57.254904  (      24   10035)
          58   22.963196   63.562642  (      79   10003)
          59   22.968061   63.127919  (    8432   10042)
          60   22.973496   56.816922  (      24   10021)
          61   22.982125   52.667355  (     706   10110)
          62   22.984314   52.749519  (       1   10007)
          63   22.984562   52.373525  (      52   10001)
          64   23.009623   67.767812  (      24   10034)
          65   23.027334   56.240076  (     537   12524)
          66   23.040609   54.910812  (    3456   10779)
          67   23.053953   57.395745  (     332   10343)
          68   23.057741   56.971636  (      44   10007)
          69   23.059468   56.978481  (      46   10007)
          70   23.071201   67.974689  (      24   10024)
          71   23.085069   57.046786  (      52   10007)
          72   23.093265   64.712491  (      19   10015)
          73   23.098964   55.709785  (     606   10343)
          74   23.108723   56.658496  (     122   12839)
          75   23.109336   46.860994  (      24   10040)
          76   23.112973   62.962564  (      58   10002)
          77   23.128585   61.875083  (      47   10006)
          78   23.133522   64.596913  (      19   10027)
          79   23.143668   65.002894  (     122   10049)
          80   23.148244   62.655058  (      24   10049)
          81   23.148289   65.062212  (      35   10015)
          82   23.149807   56.660122  (    8432   10343)
          83   23.156440   57.369880  (      24   10130)
          84   23.163234   51.556791  (     299   10110)
          85   23.163894   73.446214  (      71   10002)
          86   23.167012   62.772041  (      12   10003)
          87   23.169029   52.508491  (      79   10001)
          88   23.169764   62.719011  (      35   10049)
          89   23.169977   52.936083  (     639   10110)
          90   23.174969   55.049861  (      58   10007)
          91   23.189798   63.070038  (      19   10012)
          92   23.198678   49.795592  (     186   13165)
          93   23.200517   55.731436  (      44   10021)
          94   23.206421   55.737858  (      46   10021)
          95   23.212031   57.009780  (     504   10007)
          96   23.220085   45.038081  (     217   10001)
          97   23.237712   57.231243  (      79   10007)
          98   23.241018   64.944029  (      35   10027)
          99   23.241383   55.508435  (      90   10045)
         100   23.242903   65.680623  (      47   10002)
