     Index              y_true              y_pred        descriptor_1        descriptor_2
         1    0.2566500000E+03    0.2176276452E+03   -0.7686090000E-01   -0.2260269866E+00
         2    0.5132000000E+03    0.4629445062E+03    0.8446701000E+00    0.1034324779E+00
         3    0.8950000000E+02    0.8822009811E+02   -0.8863190600E+00   -0.4202585000E-01
         4    0.2490000000E+03    0.2569053698E+03    0.1541059400E+00   -0.2655868475E+00
         5    0.3674300000E+03    0.3673288359E+03    0.4045652800E+00    0.6456974400E-01
         6    0.9034100000E+02    0.8595484831E+02   -0.9355565200E+00    0.0000000000E+00
         7    0.1588000000E+03    0.1769378329E+03   -0.4830652000E+00   -0.3224410560E-03
         8    0.3387000000E+03    0.3187672822E+03    0.3677787500E+00   -0.1618017027E+00
         9    0.1743000000E+03    0.1970536643E+03   -0.1510038000E-01   -0.4075211555E+00
        10    0.3281500000E+03    0.3300137913E+03    0.2773840800E+00    0.7882347600E-04
        11    0.3010000000E+03    0.3250856427E+03    0.3606368700E+00   -0.1191491734E+00
        12    0.2990000000E+03    0.2704900553E+03   -0.8700620000E-02   -0.1071872000E-01
        13    0.3260000000E+03    0.3130651815E+03    0.2008762900E+00   -0.8474337936E-02
        14    0.3275000000E+03    0.3220541092E+03    0.2696909500E+00   -0.3518478058E-01
        15    0.2480000000E+03    0.2576316181E+03   -0.1017090000E-02   -0.8993961539E-01
        16    0.2396000000E+03    0.2382023095E+03   -0.9068002000E-01   -0.9757912065E-01
        17    0.2401500000E+03    0.2089341406E+03   -0.2089681600E+00   -0.1276546868E+00
        18    0.2466500000E+03    0.2526555154E+03    0.5694060000E-02   -0.1247333900E+00
        19    0.2530000000E+03    0.2611456561E+03    0.9424996000E-01   -0.1760319304E+00
        20    0.2886400000E+03    0.2753612068E+03    0.2332228400E+00   -0.2516314032E+00
        21    0.2744000000E+03    0.2802408918E+03    0.1040727300E+00   -0.8188178250E-01
        22    0.2720000000E+03    0.2774094381E+03    0.3946681000E-01   -0.2596379904E-01
        23    0.3334000000E+03    0.3851933201E+03    0.7867471800E+00   -0.2600868948E+00
        24    0.4780000000E+03    0.4602939283E+03    0.8579823400E+00    0.7412407678E-01
        25    0.4097000000E+03    0.3738581173E+03    0.1066492260E+01   -0.6319829100E+00
        26    0.4920000000E+03    0.5156067564E+03    0.1199881920E+01    0.0000000000E+00
        27    0.3380000000E+03    0.3502403595E+03    0.4421067200E+00   -0.7095503117E-01
        28    0.3860000000E+03    0.3915183652E+03    0.5152947000E+00    0.7507808000E-01
        29    0.4380000000E+03    0.4553354891E+03    0.8318625000E+00    0.7575692582E-01
        30    0.3990000000E+03    0.4152833142E+03    0.8344832000E+00   -0.1474212768E+00
        31    0.2680300000E+03    0.2903714978E+03    0.1027970900E+00   -0.2475408281E-01
        32    0.2634000000E+03    0.2668534049E+03    0.4542506000E+00   -0.5430030593E+00
        33    0.4680000000E+03    0.4741418232E+03    0.1190654840E+01   -0.2178377798E+00
        34    0.4240000000E+03    0.3894864657E+03    0.5992770600E+00   -0.2902849125E-01
        35    0.4010000000E+03    0.3867517629E+03    0.5407572800E+00    0.2068691859E-01
        36    0.2516000000E+03    0.2931767563E+03    0.1012385800E+00   -0.7601186515E-02
