        Rank        RMSE       MaxAE  Feature_ID
           1    3.752180   16.496318  (     636   10095)
           2    3.771966    7.946161  (    3402   10003)
           3    3.773318    7.939763  (    3465   10003)
           4    3.823164   11.547073  (     763   10135)
           5    3.825386    7.491711  (    5157   10003)
           6    3.844637   10.380602  (       7   10003)
           7    3.847399    7.769836  (    6184   10003)
           8    3.869180   10.143433  (    9234   10003)
           9    3.876738   10.569400  (     763   10033)
          10    3.900039   12.895164  (    5730   17624)
          11    3.901546   13.231025  (    4091   18673)
          12    3.901632   12.894419  (    5730   16420)
          13    3.905004   12.296891  (    8737   10739)
          14    3.905004    8.309184  (    3225   10003)
          15    3.907777   12.240331  (    5890   16420)
          16    3.916298    8.512822  (    3732   10003)
          17    3.916348   12.888734  (    6430   17624)
          18    3.916728    8.480998  (    3557   10003)
          19    3.918824    8.148826  (    3135   10003)
          20    3.918947   13.246113  (    4091   17935)
          21    3.920159   12.888726  (    6430   16420)
          22    3.920369   12.231471  (    5890   17624)
          23    3.927319   13.253756  (    4091   17889)
          24    3.928459   12.688698  (    8749   17624)
          25    3.938506   12.688435  (    8749   16420)
          26    3.938935    8.568289  (     438   10003)
          27    3.943529   13.268730  (    4091   17932)
          28    3.945211   11.607638  (    7693   10160)
          29    3.951303   16.250839  (      68   10279)
          30    3.952079   12.906859  (    7160   17624)
          31    3.952942   13.321254  (    1630   17624)
          32    3.956263   12.950026  (    7036   17624)
          33    3.958571   13.328433  (    1630   16420)
          34    3.958763   13.587139  (    5911   10200)
          35    3.960779   16.498865  (      68   10002)
          36    3.960936   12.909169  (    7160   16420)
          37    3.964100   12.942173  (    7183   17624)
          38    3.964196   12.952479  (    7036   16420)
          39    3.964251   14.307407  (    1147   16420)
          40    3.967634   10.591418  (    8351   10135)
          41    3.967669   10.661624  (    5263   10160)
          42    3.969902   12.940318  (    7389   17624)
          43    3.970486   12.958277  (    8063   16420)
          44    3.971251   12.960447  (    7298   17624)
          45    3.972514   10.590806  (    8442   10135)
          46    3.973641    8.390357  (    3789   10003)
          47    3.974095   12.945454  (    7183   16420)
          48    3.974328    8.091344  (     455   10003)
          49    3.975418   11.743973  (     124   10003)
          50    3.975421   12.941000  (    7389   16420)
          51    3.976302   12.939844  (    7450   17624)
          52    3.980557    8.110198  (    4587   10003)
          53    3.982606   12.967084  (    8063   17624)
          54    3.982650   12.985659  (    7366   17624)
          55    3.983570   12.945860  (    8724   16420)
          56    3.984635   13.281537  (    6117   17624)
          57    3.984728   10.593329  (    9148   10135)
          58    3.986087   12.966535  (    7298   16420)
          59    3.987121   10.628958  (    8194   10135)
          60    3.988488   12.944038  (    7450   16420)
          61    3.988850   13.327933  (    6117   16420)
          62    3.989541   13.414296  (    4023   10200)
          63    3.992841   14.299120  (    1147   17624)
          64    3.993696    8.790896  (       3   10003)
          65    3.993790   12.954158  (    8724   17624)
          66    3.993958   13.220700  (    5438   17624)
          67    3.993967   12.990013  (    7366   16420)
          68    3.995197   13.255425  (    7927   16420)
          69    3.995408   13.305366  (    5044   10160)
          70    3.996564   15.785309  (       1   10001)
          71    3.997152   11.360353  (     763   10160)
          72    3.997991   13.265807  (    5438   16420)
          73    3.998719   13.358035  (    2198   16420)
          74    3.999890   12.908230  (    9938   17624)
          75    4.000571   10.870057  (     583   10160)
          76    4.001224   13.374218  (    6740   17624)
          77    4.002870   13.239401  (    5448   17624)
          78    4.003398   13.121255  (    7194   17624)
          79    4.003438   12.710065  (    5730   18489)
          80    4.004056   11.753389  (     670   10135)
          81    4.005478   13.293569  (    5941   17624)
          82    4.006571   14.397685  (    2383   10135)
          83    4.006721   13.230842  (    7916   16420)
          84    4.006837   13.915319  (     754   11852)
          85    4.007042   12.908639  (    9938   16420)
          86    4.007231   13.062404  (    8361   16420)
          87    4.007266   12.686528  (    8114   16420)
          88    4.007730   10.665723  (    8128   10135)
          89    4.008462   13.358740  (    2198   17624)
          90    4.008551   13.227720  (    7927   17624)
          91    4.008854    9.744444  (    1934   10003)
          92    4.009077   13.287320  (    5448   16420)
          93    4.011577   13.429086  (    6740   16420)
          94    4.011896   13.195126  (    7916   17624)
          95    4.012283   14.322318  (    1147   18190)
          96    4.012323   13.229435  (    5880   17624)
          97    4.014003    9.606023  (     838   10047)
          98    4.014378   13.743023  (     494   18958)
          99    4.015765   13.207688  (    8998   16420)
         100    4.016428   14.694702  (    3840   16420)
