        Rank        RMSE       MaxAE  Feature_ID
           1    3.209376   10.879567  (    9985   18599)
           2    3.228802   11.018843  (    8927   18599)
           3    3.231839   11.019432  (    9118   18599)
           4    3.232218   11.123484  (    8389   18599)
           5    3.253993   11.099525  (    9139   18599)
           6    3.255630   10.812409  (    9488   14019)
           7    3.258382   11.090950  (    9447   18599)
           8    3.260542   11.120432  (    9182   18599)
           9    3.262789   11.143828  (    8896   18599)
          10    3.263465   10.784510  (    9488   15040)
          11    3.273141   11.161088  (    9347   18599)
          12    3.276591   10.746517  (    8338   18599)
          13    3.279191   10.676535  (    3735   15040)
          14    3.280375   10.518159  (    4755   15040)
          15    3.280473   10.714316  (    3735   14019)
          16    3.281777   10.556540  (    4755   14019)
          17    3.288139   10.536991  (    4651   15040)
          18    3.288656   10.520451  (    4813   15040)
          19    3.289730   10.575524  (    4651   14019)
          20    3.290146   10.558914  (    4813   14019)
          21    3.292501   11.367000  (    7845   18599)
          22    3.294637   10.846182  (    9488   14870)
          23    3.295826   11.121854  (    9264   14019)
          24    3.296279    8.385184  (    4190   13133)
          25    3.297606   11.227592  (    9680   18599)
          26    3.298368   10.853489  (    9923   14019)
          27    3.304138   11.095126  (    9264   15040)
          28    3.305635   10.825226  (    9923   15040)
          29    3.305744   10.532627  (    5013   15040)
          30    3.306877   10.385633  (    7027   15040)
          31    3.307291   10.571124  (    5013   14019)
          32    3.307650   10.734738  (    3735   14870)
          33    3.308029   10.575739  (    4755   14870)
          34    3.308769   10.425062  (    7027   14019)
          35    3.309138   10.526191  (    5377   15040)
          36    3.310460   10.564477  (    5377   14019)
          37    3.313236   10.759498  (    3585   15040)
          38    3.313492    8.676820  (    2549   13133)
          39    3.314027   10.796413  (    3585   14019)
          40    3.315692   10.594478  (    4651   14870)
          41    3.315910   10.577618  (    4813   14870)
          42    3.318405   11.698660  (    5001   18599)
          43    3.324485   11.063850  (    8565   14019)
          44    3.331579   11.152324  (    9264   14870)
          45    3.331919   11.036320  (    8565   15040)
          46    3.332509   10.589345  (    5013   14870)
          47    3.334739   10.444055  (    7027   14870)
          48    3.335450   10.885637  (    9923   14870)
          49    3.335883   10.582957  (    5377   14870)
          50    3.339161   10.814800  (    3585   14870)
          51    3.339387   10.309107  (    9996   15040)
          52    3.339416    9.458688  (    4567   15040)
          53    3.341503   10.349145  (    9996   14019)
          54    3.344125   10.893294  (    3368   15040)
          55    3.344541   10.929398  (    3368   14019)
          56    3.355728   10.800240  (    7140   14019)
          57    3.359478    9.799011  (    3165   15040)
          58    3.362185    9.525778  (    4567   14019)
          59    3.362404   11.097394  (    8565   14870)
          60    3.362828   10.453048  (    2286   15040)
          61    3.367486   10.368380  (    9996   14870)
          62    3.369171   10.893757  (    9985   18209)
          63    3.369252   10.947665  (    3368   14870)
          64    3.371331   10.499351  (    2286   14019)
          65    3.372080   12.063434  (    2429   14019)
          66    3.373368   12.022550  (     744   14019)
          67    3.374720    9.527913  (    4567   14870)
          68    3.375358   10.718312  (    2154   14019)
          69    3.376233   10.878121  (    1468   14019)
          70    3.376841   12.438467  (     726   14019)
          71    3.380107   11.368674  (    2759   18939)
          72    3.380815   12.039794  (    2429   15040)
          73    3.381564   10.956457  (    5677   15040)
          74    3.381740   11.999332  (     744   15040)
          75    3.382236   11.654768  (    1287   18599)
          76    3.382270   10.993165  (    5677   14019)
          77    3.382916   10.692248  (    2154   15040)
          78    3.383865    9.867053  (    3165   14019)
          79    3.384115   10.852882  (    1468   15040)
          80    3.385218   11.132238  (    8389   18209)
          81    3.386510   10.506033  (    2286   14870)
          82    3.387656   11.033687  (    8927   18209)
          83    3.390509   11.034231  (    9118   18209)
          84    3.391547   10.768775  (    6263   15040)
          85    3.392555   10.806167  (    6263   14019)
          86    3.394662    9.867560  (    3165   14870)
          87    3.399884   11.032586  (    1248   14019)
          88    3.400905   10.163655  (    1770   13331)
          89    3.400985   12.433602  (     726   15040)
          90    3.401143   11.113180  (    4387   10117)
          91    3.401267   10.819594  (    7140   15040)
          92    3.401683   11.135303  (    4611   15040)
          93    3.401892   11.170883  (    4611   14019)
          94    3.402274   10.957941  (    1277   18939)
          95    3.402675   12.089200  (    2429   14870)
          96    3.402878   11.676846  (    4941   14019)
          97    3.407047   11.984353  (    6351   18599)
          98    3.408007   11.008086  (    1248   15040)
          99    3.408203   11.013161  (    5677   14870)
         100    3.408221   10.275048  (    1404   13331)
