Model_ID, [(c_i,i=0,n)_j,j=1,ntask]
           1    0.6146360622E+01   -0.1825570047E+02
           2    0.1176781703E+02    0.2834545198E+02
           3    0.2952668703E+02    0.3050355113E+02
           4    0.6487424824E+01   -0.2180745583E+02
           5    0.2777639358E+01   -0.4360320226E+02
           6    0.5835104848E+01   -0.1847511003E+02
           7    0.2676567656E+02    0.3083484336E+02
           8    0.2892709491E+02   -0.1649577212E+02
           9    0.2807486561E+02    0.2784714634E+02
          10    0.1957544350E+02   -0.1698590935E+02
          11    0.2822978174E+02    0.2453820919E+02
          12    0.2673850346E+02   -0.1989172303E+02
          13    0.2649678651E+02   -0.3039719628E+02
          14    0.2636617092E+02   -0.3020091743E+02
          15    0.1256258369E+02    0.2683476462E+02
          16    0.2549964839E+02   -0.2440042963E+02
          17    0.3057850400E+02   -0.1834275879E+02
          18    0.2759356116E+02    0.2545344251E+02
          19    0.3472134740E+02    0.4577760124E+02
          20    0.2293782930E+02    0.1841122203E+02
          21    0.2619056005E+02   -0.1470311367E+02
          22    0.3450601811E+01   -0.3167690725E+02
          23    0.2836885936E+02    0.2652565244E+02
          24    0.2006356394E+02   -0.1169862734E+02
          25    0.2538563963E+02   -0.2424711321E+02
          26    0.2987740321E+02    0.2805818807E+02
          27    0.2621979948E+02   -0.2996913801E+02
          28    0.2660955742E+02   -0.1583849568E+02
          29    0.2555314923E+02    0.2440123200E+02
          30    0.2869740016E+02    0.2684415141E+02
          31    0.2416579920E+02   -0.2298664988E+02
          32    0.1507133396E+02    0.2357622881E+02
          33    0.1229981190E+02    0.2062328038E+02
          34    0.1510449722E+02   -0.2361474459E+02
          35    0.2635009875E+02    0.1561223124E+02
          36    0.2551702105E+02    0.2145853159E+02
          37    0.1676884136E+02    0.1404011742E+02
          38    0.1826775315E+02   -0.1043900686E+02
          39    0.2533926499E+02   -0.1424902282E+02
          40    0.1909424367E+02    0.1646376897E+02
          41    0.2750185709E+02   -0.1629040789E+02
          42    0.2526267739E+02   -0.2407616759E+02
          43    0.1901479729E+02    0.1581877901E+02
          44    0.6277975368E+01    0.2188669702E+02
          45    0.1270941328E+02    0.3239671699E+02
          46    0.3109582425E+02   -0.1761407585E+02
          47    0.2622644454E+02   -0.2266106368E+02
          48    0.1884432858E+02    0.1633180169E+02
          49    0.2613807425E+02   -0.2257514295E+02
          50    0.2514549883E+02   -0.2395360107E+02
          51    0.1677898764E+02    0.1405964760E+02
          52    0.1452571181E+02    0.2297997554E+02
          53    0.2963055436E+02    0.3079090164E+02
          54    0.2608363157E+02   -0.2251793421E+02
          55    0.2601824745E+01   -0.4085983583E+02
          56    0.3184080256E+02    0.3372855329E+02
          57    0.1723014487E+02   -0.1442982851E+02
          58    0.2840453257E+02    0.2447972937E+02
          59    0.2469601971E+02    0.2471443049E+02
          60    0.2514557050E+02    0.2395096868E+02
          61    0.2750756682E+02   -0.9580135522E+01
          62    0.3124266672E+02    0.3024256576E+02
          63    0.4996527353E+01    0.2237465048E+02
          64    0.2409707166E+02    0.2997556980E+02
          65    0.2511982621E+02    0.2391761597E+02
          66    0.2540011996E+02   -0.1349834836E+02
          67    0.1680046367E+02    0.1344773778E+02
          68    0.2943900164E+02    0.2544735466E+02
          69    0.2502953459E+02    0.2375077188E+02
          70    0.1399482713E+02    0.1944083783E+02
          71    0.2529178329E+02   -0.1484777900E+02
          72    0.2629964306E+02   -0.2226222250E+02
          73    0.2509684985E+02    0.2417552690E+02
          74    0.2590211340E+02    0.2226181222E+02
          75    0.3006373757E+02    0.1788795028E+02
          76    0.2693903011E+02    0.1597442534E+02
          77    0.2658896562E+02    0.1581733582E+02
          78    0.2551902431E+02   -0.2347291673E+02
          79    0.1527898186E+02   -0.1981567053E+02
          80    0.1898176473E+02    0.1602146878E+02
          81    0.4888812358E+01    0.1787472722E+02
          82    0.1317502373E+02   -0.1324709491E+02
          83    0.2232146912E+02    0.2171662706E+02
          84    0.1954643547E+02   -0.1674546515E+02
          85    0.2715706879E+02    0.1598045446E+02
          86    0.2262743007E+02    0.2173858914E+02
          87    0.1900107105E+02   -0.1632022922E+02
          88    0.2501333235E+02    0.2377585253E+02
          89    0.2488789456E+02    0.2361156731E+02
          90    0.2646828896E+02   -0.2239469277E+02
          91    0.1715680620E+02   -0.1428609660E+02
          92    0.1581988506E+02    0.1843540222E+02
          93    0.2499285683E+02    0.2360567014E+02
          94    0.2543588443E+02    0.2100419922E+02
          95    0.1954027229E+02   -0.1671166951E+02
          96    0.1883050700E+02    0.1440015977E+02
          97    0.2541863994E+02   -0.2335973125E+02
          98    0.2805960896E+02   -0.1562698467E+02
          99    0.2749159128E+02    0.1628118859E+02
         100    0.2345603713E+02    0.1385810083E+02
