        Rank        RMSE       MaxAE  Feature_ID
           1    5.371072   14.087389  (       1)
           2    5.379222   15.084312  (       2)
           3    5.473136   13.027268  (       3)
           4    5.506396   15.809619  (       4)
           5    5.527142   17.267641  (       5)
           6    5.535867   14.150264  (       6)
           7    5.546401   15.514982  (       7)
           8    5.547225   16.373541  (       8)
           9    5.587446   13.911779  (       9)
          10    5.604182   14.743752  (      10)
          11    5.604279   16.208022  (      11)
          12    5.609009   13.532286  (      12)
          13    5.627356   15.764276  (      13)
          14    5.637625   15.886103  (      14)
          15    5.638854   16.995079  (      15)
          16    5.639097   16.407851  (      16)
          17    5.642180   15.293223  (      17)
          18    5.642465   15.398331  (      18)
          19    5.643896   14.788238  (      19)
          20    5.645022   16.392553  (      20)
          21    5.646590   16.793895  (      21)
          22    5.646998   15.995399  (      22)
          23    5.647835   14.507629  (      23)
          24    5.649389   16.274387  (      24)
          25    5.655378   16.515529  (      25)
          26    5.656191   16.213681  (      26)
          27    5.657083   16.022096  (      27)
          28    5.658677   15.943356  (      28)
          29    5.659763   16.354383  (      29)
          30    5.661569   15.579888  (      30)
          31    5.662898   14.780521  (      31)
          32    5.664424   16.235299  (      32)
          33    5.666623   18.517008  (      33)
          34    5.669722   16.186463  (      34)
          35    5.672079   16.179202  (      35)
          36    5.672840   14.724201  (      36)
          37    5.674253   15.369560  (      37)
          38    5.674436   16.463765  (      38)
          39    5.674478   17.047771  (      39)
          40    5.674715   15.427243  (      40)
          41    5.677000   15.707628  (      41)
          42    5.677347   16.631433  (      42)
          43    5.678428   15.756576  (      43)
          44    5.681114   15.951472  (      44)
          45    5.682061   16.344440  (      45)
          46    5.684277   15.759063  (      46)
          47    5.685930   15.131786  (      47)
          48    5.689630   15.728286  (      48)
          49    5.691985   15.047490  (      49)
          50    5.694110   16.743551  (      50)
          51    5.694720   15.350564  (      51)
          52    5.695703   17.023542  (      52)
          53    5.695815   13.563747  (      53)
          54    5.698626   14.995760  (      54)
          55    5.699699   18.755564  (      55)
          56    5.700325   14.149511  (      56)
          57    5.704207   15.684645  (      57)
          58    5.704785   15.474133  (      58)
          59    5.707956   14.996343  (      59)
          60    5.709079   16.743371  (      60)
          61    5.709715   14.506229  (      61)
          62    5.709716   17.836250  (      62)
          63    5.709905   15.893252  (      63)
          64    5.710907   14.935462  (      64)
          65    5.711653   16.767738  (      65)
          66    5.711944   17.230893  (      66)
          67    5.712331   15.606345  (      67)
          68    5.712502   16.393561  (      68)
          69    5.713161   16.851140  (      69)
          70    5.714103   16.867466  (      70)
          71    5.715195   15.301493  (      71)
          72    5.717387   14.926137  (      72)
          73    5.717997   16.801363  (      73)
          74    5.718052   15.126501  (      74)
          75    5.719616   15.608294  (      75)
          76    5.719812   15.628069  (      76)
          77    5.719957   15.961740  (      77)
          78    5.719959   14.639891  (      78)
          79    5.720242   16.078331  (      79)
          80    5.720822   15.711081  (      80)
          81    5.720958   15.296175  (      81)
          82    5.721138   16.853845  (      82)
          83    5.721207   16.044593  (      83)
          84    5.722421   14.865915  (      84)
          85    5.722437   16.008475  (      85)
          86    5.724043   15.738497  (      86)
          87    5.724357   15.576027  (      87)
          88    5.725285   16.868378  (      88)
          89    5.725566   16.987033  (      89)
          90    5.725593   15.086729  (      90)
          91    5.725597   15.526894  (      91)
          92    5.725648   15.519456  (      92)
          93    5.725915   16.881827  (      93)
          94    5.729303   15.585464  (      94)
          95    5.729429   14.885171  (      95)
          96    5.732338   16.404739  (      96)
          97    5.732525   14.732276  (      97)
          98    5.733596   18.227919  (      98)
          99    5.733987   15.716587  (      99)
         100    5.735054   18.008381  (     100)
