        Rank        RMSE       MaxAE  Feature_ID
           1    2.290097    4.359993  (    5486   12522)
           2    2.357694    5.164177  (    6255   12522)
           3    2.398646    6.549149  (    5486   11921)
           4    2.425311    5.692113  (    6255   11727)
           5    2.427655    5.476308  (    6255   11921)
           6    2.433194    5.019690  (     941   10193)
           7    2.433637    6.743190  (    5486   11727)
           8    2.460130    6.676538  (    5486   11216)
           9    2.460309    4.876494  (    1435   11238)
          10    2.462553    7.425806  (    4279   10193)
          11    2.464755    6.683040  (    5486   11485)
          12    2.467403    6.660446  (    5486   11083)
          13    2.475937    6.678044  (    5486   11157)
          14    2.478195    5.071894  (    1203   12522)
          15    2.479677    6.564184  (     684   10027)
          16    2.480025    6.681748  (    5486   11609)
          17    2.480712    6.664944  (    5486   11074)
          18    2.481883    5.593089  (    6255   11216)
          19    2.483391    5.337625  (     123   14762)
          20    2.485722    6.651804  (    5486   10027)
          21    2.486308    6.678061  (    5486   11568)
          22    2.488096    5.573949  (    6255   11083)
          23    2.490175    5.604079  (    6255   11485)
          24    2.491446    6.277250  (    3491   11921)
          25    2.495569    6.718603  (    5486   11916)
          26    2.497313    5.609337  (    6255   11609)
          27    2.502420    5.666837  (    6255   11916)
          28    2.503687    5.606385  (    6255   11157)
          29    2.505374    6.602486  (    5486   11261)
          30    2.509462    5.599610  (    6255   11568)
          31    2.510249    6.663334  (    5486   11603)
          32    2.510377    5.600717  (    6255   10027)
          33    2.510721    5.591984  (    6255   11074)
          34    2.518559    7.000380  (    5486   10825)
          35    2.519021    6.665912  (    5486   11732)
          36    2.519646    5.303186  (    1435   10424)
          37    2.521107    6.196700  (    1636   10193)
          38    2.525983    6.593134  (    5486   11208)
          39    2.529949    6.650889  (    5486   11583)
          40    2.534328    6.448306  (     415   18350)
          41    2.539124    5.578994  (    6255   11603)
          42    2.539905    5.588086  (    6255   11732)
          43    2.542203    5.727164  (    6255   11583)
          44    2.544543    5.807225  (    3882   11035)
          45    2.546860    5.526520  (    6255   11261)
          46    2.547227    6.646128  (    5486   12360)
          47    2.548514    5.609595  (    1604   11921)
          48    2.548973    5.731383  (    1217   11921)
          49    2.555260    6.652138  (    5486   12208)
          50    2.556466    5.917594  (    6255   10825)
          51    2.557467    5.172155  (    2789   11921)
          52    2.558828    6.630799  (    6255   10193)
          53    2.562035    5.801768  (    4279   12522)
          54    2.563105    6.248465  (    4279   10027)
          55    2.564181    6.041205  (     712   10150)
          56    2.565618    5.561526  (    6255   12360)
          57    2.572928    5.785862  (     712   10314)
          58    2.574496    6.597817  (    3673   12483)
          59    2.576649    6.214814  (    3141   11921)
          60    2.577676    5.426298  (    2249   12522)
          61    2.578344    5.491208  (    6255   11208)
          62    2.578599    5.187068  (     212   14762)
          63    2.579497    5.579060  (    6255   12208)
          64    2.579940    6.248958  (    5206   11921)
          65    2.585224    6.176969  (     772   18350)
          66    2.585709    6.631341  (    5486   12816)
          67    2.587739    6.372793  (    3491   10027)
          68    2.589155    7.294184  (    3491   12522)
          69    2.589222    4.786640  (      85   11238)
          70    2.590067    6.498617  (    3312   11921)
          71    2.592066    5.480253  (     684   11035)
          72    2.592336    6.733136  (     828   12522)
          73    2.592556    6.210614  (    2311   10193)
          74    2.594490    5.816550  (      85   10027)
          75    2.594637    7.735785  (    5486   10193)
          76    2.599651    6.820296  (    1111   10193)
          77    2.601805    5.548531  (    6255   12816)
          78    2.601931    7.080760  (    1203   11083)
          79    2.602067    6.925534  (    5486   18517)
          80    2.602996    7.093192  (    1203   11157)
          81    2.603178    6.292159  (    3312   12522)
          82    2.604532    6.221156  (    3141   12522)
          83    2.606494    5.850735  (    6255   18517)
          84    2.608614    7.080098  (    1203   11074)
          85    2.609352    6.928973  (    1203   11921)
          86    2.611034    6.547261  (     415   16809)
          87    2.612111    6.042723  (    1604   10027)
          88    2.613117    6.548837  (     415   16811)
          89    2.614846    7.082324  (    1203   11216)
          90    2.620203    6.015725  (    1632   11921)
          91    2.620413    7.076792  (    1203   12118)
          92    2.621289    5.784502  (    3439   10027)
          93    2.621940    6.620290  (    5486   12961)
          94    2.626646    6.606401  (    5486   12139)
          95    2.627160    6.129652  (    1013   18350)
          96    2.629993    6.532739  (    1435   11795)
          97    2.631617    6.125544  (    1060   18350)
          98    2.631892    6.112434  (    1034   18350)
          99    2.632480    6.174007  (    2749   11921)
         100    2.635006    7.058078  (    1641   18350)
