Model_ID, [(c_i,i=0,n)_j,j=1,ntask]
           1    0.1710884058E+03    0.1144717046E+03
           2    0.1714737275E+03   -0.1140463238E+03
           3    0.3178612461E+03    0.3075935731E+03
           4    0.1713782921E+03    0.1107553000E+03
           5    0.2092488971E+03   -0.1487196490E+03
           6    0.3298326050E+03   -0.2801167342E+03
           7    0.2935228490E+03    0.2797140915E+03
           8    0.3175398621E+03    0.3061307285E+03
           9    0.2802655543E+03    0.2563718909E+03
          10    0.3286878520E+03    0.2773258604E+03
          11    0.1576684906E+03   -0.9171034647E+02
          12    0.2801203655E+03    0.2562650763E+03
          13    0.1479802121E+03    0.9858272821E+02
          14    0.1178629290E+03    0.8107410395E+02
          15    0.3161182088E+03    0.3022643501E+03
          16    0.1390272447E+03    0.8511829911E+02
          17    0.3177528974E+03    0.3061944870E+03
          18    0.3158280248E+03    0.3020088355E+03
          19    0.3168790844E+03    0.3045310721E+03
          20    0.3152281697E+03    0.3006259587E+03
          21    0.1389766403E+03    0.8811600984E+02
          22    0.2877978664E+03    0.2595229645E+03
          23    0.3162105645E+03    0.3027244512E+03
          24    0.2884875044E+03    0.1413510689E+03
          25    0.2857147873E+03    0.2553966542E+03
          26    0.2211453423E+03   -0.1579093816E+03
          27    0.3261073736E+03    0.2712607386E+03
          28    0.3144589270E+03    0.2989825989E+03
          29    0.2206897472E+03    0.8077064838E+02
          30    0.2308920560E+03    0.1861009964E+03
          31    0.2912104242E+03    0.2817304225E+03
          32    0.1684957224E+03   -0.1155620388E+03
          33    0.2039703713E+03   -0.1571876889E+03
          34    0.2861983205E+03    0.2557394692E+03
          35    0.2841360194E+03    0.2524981677E+03
          36    0.2876586055E+03    0.2587094240E+03
          37    0.2294034512E+03   -0.1872113372E+03
          38    0.2070678589E+03   -0.1493964619E+03
          39    0.2343278839E+03   -0.1893670251E+03
          40    0.3144980436E+03    0.2990582622E+03
          41    0.3185542701E+03    0.3056877980E+03
          42    0.2918847031E+03    0.2825591662E+03
          43    0.3258706947E+03   -0.2720789099E+03
          44    0.1674984660E+03    0.1054983740E+03
          45    0.2213046879E+03    0.1540505846E+03
          46    0.3161839630E+03    0.3023153199E+03
          47    0.2756215750E+03   -0.2309207807E+03
          48    0.2583751744E+03    0.2302826044E+03
          49    0.2370626421E+03    0.1853810912E+03
          50    0.3087913100E+03    0.3112862260E+03
          51    0.2342993433E+03    0.1891636400E+03
          52    0.2427427265E+03    0.1804672495E+03
          53    0.3170381324E+03    0.3036407150E+03
          54    0.2850106782E+03   -0.2807544674E+03
          55    0.3185819698E+03    0.2884515996E+03
          56    0.2824013964E+03   -0.1238707316E+03
          57    0.2636193785E+03   -0.1056910098E+03
          58    0.2333372220E+03   -0.1899524593E+03
          59    0.3271461916E+03    0.2700044960E+03
          60    0.2164147730E+03   -0.1586075308E+03
          61    0.1142162991E+03    0.8295820201E+02
          62    0.2840626328E+03    0.2516874375E+03
          63    0.2867756079E+03    0.2559689334E+03
          64    0.2517603908E+03    0.9736675573E+02
          65    0.3263912124E+03    0.2673870268E+03
          66    0.3176654520E+03    0.2837995180E+03
          67    0.2918179028E+03    0.2826879838E+03
          68    0.1440741569E+03    0.1025778990E+03
          69    0.2918677199E+03    0.2810534177E+03
          70    0.2333092741E+03    0.1897495835E+03
          71    0.2838826053E+03    0.2501885590E+03
          72    0.2868212466E+03    0.2564108537E+03
          73    0.3242452606E+03    0.2692274866E+03
          74    0.2863451913E+03    0.2421348227E+03
          75    0.2837438780E+03   -0.2510426771E+03
          76    0.3272506262E+03    0.2735301614E+03
          77    0.2845368770E+03    0.2523262820E+03
          78    0.2896997096E+03    0.2437321753E+03
          79    0.1338135732E+03   -0.1071273372E+03
          80    0.1444034714E+03    0.1045997252E+03
          81    0.3255989494E+03    0.2727215315E+03
          82    0.2885061375E+03    0.1390708506E+03
          83    0.2829242055E+03   -0.1232402721E+03
          84    0.1684853043E+03    0.1121850918E+03
          85    0.2867111824E+03    0.2388176677E+03
          86    0.2342004611E+03   -0.1876424674E+03
          87    0.2925342969E+03    0.2829360076E+03
          88    0.2340497381E+03    0.1878550249E+03
          89    0.2516534626E+03    0.1052942076E+03
          90    0.3090963718E+03    0.3113925548E+03
          91    0.2340069370E+03   -0.1881367920E+03
          92    0.2847324890E+03    0.2524700246E+03
          93    0.2850638837E+03    0.2407718288E+03
          94    0.2829239898E+03    0.2394964983E+03
          95    0.2128601047E+03    0.8356738578E+02
          96    0.1357065589E+03    0.8943185908E+02
          97    0.1353547363E+03    0.8619388891E+02
          98    0.2810827452E+03    0.2524219123E+03
          99    0.2843653247E+03    0.2503535950E+03
         100    0.2582232731E+03   -0.2191439482E+03
