The coordinates (x,y) of 2D-vertices arranged in clockwise direction
Task :    1
Hull    1
   -0.2147000000E+00   -0.1037239553E+00
    0.0000000000E+00    0.0000000000E+00
    0.1081000000E+00    0.4794091876E-01
    0.2777000000E+00    0.3918180380E-01
    0.8105000000E+00   -0.2667331185E-01
    0.9054000000E+00   -0.1570773028E+00
    0.9397000000E+00   -0.4152534300E+00
    0.1000000000E+01   -0.9783000000E+00
Hull    2
    0.3635000000E+00    0.5595237726E-01
    0.3914000000E+00    0.6240341870E-01
    0.4413000000E+00    0.6352834766E-01
    0.1408400000E+01    0.6315612360E-01
    0.1558900000E+01   -0.1157969261E-01
    0.8142000000E+00   -0.1379141056E+00
    0.7288000000E+00   -0.1118645323E+00
    0.4007000000E+00    0.3882061740E-03
