     Index              y_true              y_pred        descriptor_1
         1    0.1850000000E+02    0.2647357480E+02    0.9605463000E+00
         2    0.8872000000E+02    0.6874386944E+02    0.1115102500E+00
         3    0.2045000000E+02    0.2451909828E+02    0.9998036800E+00
         4    0.2067000000E+02    0.2543068345E+02    0.9814936900E+00
         5    0.5301000000E+02    0.5683263705E+02    0.3507578300E+00
         6    0.2548000000E+02    0.3708050384E+02    0.7474968000E+00
         7    0.2817000000E+02    0.2454863943E+02    0.9992103200E+00
         8    0.6524000000E+02    0.5956252745E+02    0.2959255800E+00
         9    0.4537000000E+02    0.3702425587E+02    0.7486265900E+00
        10    0.1845000000E+02    0.4213874385E+02    0.6458976000E+00
        11    0.5090000000E+02    0.5227858058E+02    0.4422300600E+00
        12    0.1790000000E+02    0.2865023277E+02    0.9168262100E+00
        13    0.4216000000E+02    0.2431844986E+02    0.1003833880E+01
        14    0.1464000000E+02    0.2508252295E+02    0.9884868000E+00
        15    0.2796000000E+02    0.2573903340E+02    0.9753002100E+00
        16    0.3187000000E+02    0.2567761165E+02    0.9765339200E+00
        17    0.3120000000E+02    0.2865559823E+02    0.9167184400E+00
        18    0.2551000000E+02    0.2311441845E+02    0.1028017910E+01
        19    0.1790000000E+02    0.1612445572E+02    0.1168417460E+01
        20    0.3007000000E+02    0.2514730627E+02    0.9871855700E+00
        21    0.2681000000E+02    0.2784413265E+02    0.9330174400E+00
        22    0.2622000000E+02    0.3592038437E+02    0.7707988200E+00
        23    0.3682000000E+02    0.6667265270E+02    0.1531124600E+00
        24    0.5646000000E+02    0.7016204034E+02    0.8302504000E-01
        25    0.6900000000E+02    0.7349212900E+02    0.1613728000E-01
        26    0.7520000000E+02    0.7172914323E+02    0.5154840000E-01
        27    0.6942000000E+02    0.7465458842E+02   -0.7211740000E-02
        28    0.7737000000E+02    0.6306857853E+02    0.2255034600E+00
        29    0.6383000000E+02    0.5074708330E+02    0.4729915300E+00
        30    0.4307000000E+02    0.5443006067E+02    0.3990156900E+00
        31    0.5060000000E+01    0.1231878769E+02    0.1244857650E+01
        32    0.2680000000E+02    0.3449536587E+02    0.7994215700E+00
        33    0.9080000000E+02    0.8501178182E+02   -0.2152450800E+00
        34    0.7420000000E+02    0.4705013642E+02    0.5472479600E+00
        35    0.6029000000E+02    0.4513082889E+02    0.5857989400E+00
        36    0.4460000000E+02    0.3024956277E+02    0.8847022600E+00
