Model_ID, [(c_i,i=0,n)_j,j=1,ntask]
           1    0.3311444475E+03    0.2306212626E+03    0.1969490120E+03
           2    0.3212555947E+03    0.2266271153E+03    0.1791638302E+03
           3    0.3256393852E+03    0.2279332335E+03    0.1828505133E+03
           4    0.3268442123E+03    0.2293583481E+03    0.1910032571E+03
           5    0.3217258992E+03    0.2210266930E+03    0.1536799555E+03
           6    0.3245810615E+03    0.2267004322E+03    0.1817281488E+03
           7    0.3225616445E+03    0.2278817041E+03    0.1747313567E+03
           8    0.3182189027E+03    0.2243422372E+03    0.1552580788E+03
           9    0.3180424136E+03    0.2226486519E+03   -0.1563978160E+03
          10    0.3185346240E+03    0.2269108497E+03    0.1623319944E+03
          11    0.3182498959E+03    0.2265944869E+03    0.1611664622E+03
          12    0.3216358439E+03    0.2278482910E+03    0.1710008183E+03
          13    0.3286233773E+03    0.2265640052E+03    0.1821148343E+03
          14    0.3243215722E+03    0.2226770213E+03   -0.1665823749E+03
          15    0.3292769390E+03    0.2272095810E+03    0.1843629407E+03
          16    0.3188671293E+03    0.2260671869E+03    0.1669776134E+03
          17    0.3176806706E+03    0.2243031842E+03   -0.1594982083E+03
          18    0.3181494481E+03    0.2252818042E+03    0.1640062200E+03
          19    0.3177207490E+03    0.2242049274E+03    0.1598545179E+03
          20    0.3174594400E+03    0.2239240214E+03   -0.1587859339E+03
          21    0.3183736782E+03    0.2252028879E+03    0.1647665846E+03
          22    0.3185958490E+03    0.2265043949E+03    0.1690479771E+03
          23    0.3177376493E+03    0.2240861112E+03    0.1601043270E+03
          24    0.3196591419E+03    0.2263533209E+03   -0.1676168869E+03
          25    0.3176374312E+03    0.2237854450E+03    0.1585608824E+03
          26    0.3184556666E+03    0.2253469844E+03   -0.1656573130E+03
          27    0.3186455513E+03    0.2266269926E+03   -0.1698151611E+03
          28    0.3144706441E+03    0.2267544581E+03    0.1589195607E+03
          29    0.3182951858E+03    0.2270112278E+03   -0.1697684300E+03
          30    0.3177936354E+03    0.2266485626E+03    0.1668132566E+03
          31    0.3168868301E+03    0.2235873408E+03   -0.1555237025E+03
          32    0.3175020921E+03    0.2263212895E+03    0.1655611471E+03
          33    0.3166453340E+03    0.2233243877E+03    0.1545459792E+03
          34    0.3192678338E+03    0.2241917738E+03    0.1561360692E+03
          35    0.3164687536E+03    0.2257438051E+03    0.1623589963E+03
          36    0.3215015882E+03    0.2200180074E+03   -0.1516338776E+03
          37    0.3245014803E+03    0.2247481615E+03    0.1147570372E+03
          38    0.3287458429E+03    0.2222572641E+03    0.5610640790E+02
          39    0.3238948774E+03    0.2245623445E+03   -0.1707887405E+03
          40    0.3208074311E+03    0.2195086484E+03    0.1509081369E+03
          41    0.3155001559E+03    0.2192839210E+03    0.1354949719E+03
          42    0.3235066714E+03    0.2242115651E+03    0.1692965904E+03
          43    0.3280924475E+03    0.2199386351E+03    0.5710700344E+02
          44    0.3115897568E+03    0.2221580413E+03    0.1408631234E+03
          45    0.3044800720E+03    0.2241599723E+03    0.1552408975E+03
          46    0.3166510482E+03    0.2248361911E+03    0.1583440329E+03
          47    0.3238577972E+03    0.2146661101E+03    0.6903862184E+02
          48    0.3247400418E+03    0.2240884126E+03   -0.1732156608E+03
          49    0.3253538808E+03    0.2132711821E+03    0.6736491948E+02
          50    0.3227909336E+03    0.2253007112E+03   -0.1667845794E+03
          51    0.3157158006E+03    0.2236181439E+03    0.1521345216E+03
          52    0.3153379442E+03    0.2213127359E+03   -0.1449703074E+03
          53    0.3158038789E+03    0.2209044958E+03   -0.1458662285E+03
          54    0.3180672860E+03    0.2241032597E+03   -0.1624407611E+03
          55    0.3226790613E+03    0.2247719742E+03   -0.1652717031E+03
          56    0.3182458736E+03    0.2231044625E+03   -0.1635484671E+03
          57    0.3163731344E+03    0.2215221853E+03    0.1480408137E+03
          58    0.3223213463E+03    0.2244366403E+03   -0.1639065293E+03
          59    0.3147726716E+03    0.2236756621E+03   -0.1547830238E+03
          60    0.3140612315E+03    0.2225469590E+03    0.1505406051E+03
          61    0.3157366291E+03    0.2246674416E+03    0.1552047066E+03
          62    0.3128842789E+03    0.2192847965E+03    0.1347388610E+03
          63    0.3155949104E+03    0.2204085208E+03   -0.1438756078E+03
          64    0.3107793886E+03    0.2167683933E+03    0.1252363706E+03
          65    0.2903837768E+03    0.1821350869E+03    0.2138868585E+03
          66    0.3227830753E+03    0.2147060815E+03    0.6698891619E+02
          67    0.3148549045E+03    0.2208487982E+03   -0.1423755039E+03
          68    0.3230685982E+03    0.2149261716E+03    0.6741449485E+02
          69    0.3283009129E+03    0.2198410529E+03    0.5987245514E+02
          70    0.3243724379E+03    0.2134022783E+03    0.6558912389E+02
          71    0.3246662458E+03    0.2136116813E+03    0.6600404822E+02
          72    0.3095782140E+03    0.2218788505E+03    0.1570406201E+03
          73    0.3133309913E+03    0.2209015708E+03    0.1461444675E+03
          74    0.3075968163E+03   -0.2278171940E+03   -0.1022645414E+03
          75    0.3239916772E+03    0.2100899823E+03    0.6797720121E+02
          76    0.3292503286E+03    0.2179932211E+03    0.9704169501E+02
          77    0.3170215956E+03    0.2190653509E+03   -0.1484219129E+03
          78    0.3113963180E+03    0.2192643228E+03    0.1323693424E+03
          79    0.3294389310E+03    0.2221519190E+03    0.6069380557E+02
          80    0.3267831061E+03    0.2200585709E+03    0.5752386733E+02
          81    0.3145312572E+03    0.2197488654E+03   -0.1387752256E+03
          82    0.3178784901E+03    0.2219570766E+03    0.1466830757E+03
          83    0.3137589558E+03    0.2194097785E+03   -0.1367338615E+03
          84    0.3231086989E+03    0.2235816029E+03   -0.1650249661E+03
          85    0.3188706854E+03    0.2199483768E+03    0.1474136014E+03
          86    0.3314018341E+03    0.2235482808E+03    0.8981010614E+02
          87    0.2840832916E+03    0.1973589215E+03    0.4850614766E+03
          88    0.3151280397E+03    0.2199386936E+03   -0.1400077216E+03
          89    0.3202892486E+03    0.2205343980E+03   -0.1483758609E+03
          90    0.3122117343E+03    0.2197271830E+03    0.1350189981E+03
          91    0.3142320484E+03    0.2201651287E+03    0.1462909187E+03
          92    0.3148343229E+03    0.2192402126E+03   -0.1389904725E+03
          93    0.3167098401E+03    0.2164034372E+03   -0.1404578021E+03
          94    0.3243472589E+03    0.2163272213E+03    0.6637876399E+02
          95    0.3211816483E+03    0.2090438100E+03    0.7235422470E+02
          96    0.3079087001E+03    0.2139924070E+03    0.1149290782E+03
          97    0.3227421749E+03    0.2109465309E+03    0.7454909294E+02
          98    0.3107512161E+03    0.2170472134E+03    0.1305027939E+03
          99    0.3277591086E+03    0.2178852504E+03    0.5414776060E+02
         100    0.3181888446E+03    0.2096785035E+03    0.8976508620E+02
