Model_ID, [(c_i,i=0,n)_j,j=1,ntask]
           1    0.2831421616E+03    0.1942866072E+03
           2    0.2692310003E+03   -0.2114006875E+03
           3    0.3089743690E+03   -0.1977045404E+03
           4    0.2574061785E+03   -0.1409794643E+03
           5    0.1282547757E+03    0.1021858971E+03
           6    0.1280712404E+03    0.1212797743E+03
           7    0.2994793297E+03    0.1886222652E+03
           8    0.2809114149E+03    0.1875992484E+03
           9    0.2828772591E+03    0.1813951736E+03
          10    0.2762614979E+03   -0.1768739227E+03
          11    0.3026601603E+03   -0.1927655249E+03
          12    0.2738286503E+03    0.1808949078E+03
          13    0.3148643330E+03   -0.1980514059E+03
          14    0.2963735292E+03   -0.2182990981E+03
          15    0.2696101896E+03   -0.1486164071E+03
          16    0.3054521132E+03   -0.1880406896E+03
          17    0.2689850146E+03   -0.1877416386E+03
          18    0.3037785526E+03   -0.2210078067E+03
          19    0.2887805670E+03    0.1784278998E+03
          20    0.3173477390E+03   -0.1882427199E+03
          21    0.3013226910E+03   -0.2092406863E+03
          22    0.2990026899E+03   -0.2170468128E+03
          23    0.3010605849E+03   -0.1932458174E+03
          24    0.1543002630E+03    0.1339659774E+03
          25    0.2215367171E+03    0.9352044335E+02
          26    0.2262135914E+03    0.9902287987E+02
          27    0.3118504805E+03   -0.1889672829E+03
          28    0.3718459041E+03    0.3122086703E+03
          29    0.2448996922E+03    0.1174733133E+03
          30    0.2772740789E+03   -0.1721270322E+03
          31    0.2698056749E+03   -0.1181511351E+03
          32    0.3127734922E+03   -0.1919303962E+03
          33    0.1333276604E+03    0.1277659995E+03
          34    0.2916738744E+03   -0.1815853826E+03
          35    0.2711289132E+03    0.1256523860E+03
          36    0.3827548954E+03   -0.2893631207E+03
          37    0.2930547872E+03   -0.1913183168E+03
          38    0.3050972328E+03   -0.1973586114E+03
          39    0.2977353207E+03   -0.1836348273E+03
          40    0.2870413047E+03    0.2197944820E+03
          41    0.3480144212E+03   -0.2409315233E+03
          42    0.2818494835E+03   -0.1787130582E+03
          43    0.3663354198E+03   -0.2020582402E+03
          44    0.2811880224E+03   -0.2072636535E+03
          45    0.2945037188E+03   -0.1776915925E+03
          46    0.2857900688E+03   -0.1687680509E+03
          47    0.1532647431E+03    0.1377087609E+03
          48    0.9878801102E+02    0.9901251773E+02
          49    0.2445480352E+03    0.1007675736E+03
          50    0.2862299449E+03    0.2095505524E+03
          51    0.1447381691E+03    0.1392613064E+03
          52    0.2764395298E+03    0.1556772282E+03
          53    0.3216710248E+03   -0.2156466619E+03
          54    0.2806198749E+03    0.1762121057E+03
          55    0.2775314428E+03    0.1997509221E+03
          56    0.2878063169E+03   -0.2228670776E+03
          57    0.2702890331E+03   -0.1950627278E+03
          58    0.3666485416E+03    0.2464719519E+03
          59    0.2853050680E+03   -0.1832201216E+03
          60    0.2934163057E+03   -0.1872878216E+03
          61    0.3755538627E+03   -0.2716068076E+03
          62    0.3686150400E+03   -0.2802706166E+03
          63    0.1395408045E+03   -0.1393688640E+03
          64    0.2627640199E+03    0.2021631457E+03
          65    0.2908784272E+03   -0.1768092027E+03
          66    0.3433718655E+03   -0.1412577764E+03
          67    0.3768638491E+03   -0.2630354294E+03
          68    0.2719624846E+03    0.1753436084E+03
          69    0.2635636210E+03   -0.2017715363E+03
          70    0.3433351869E+03    0.3069481726E+03
          71    0.1188141340E+03   -0.1227562031E+03
          72    0.2629713947E+03    0.2004101752E+03
          73    0.2764761753E+03   -0.1660002939E+03
          74    0.2942284527E+03   -0.2125349376E+03
          75    0.1129485017E+03    0.1072710143E+03
          76    0.2875483899E+03   -0.2204038119E+03
          77    0.1884605807E+03    0.1178725001E+03
          78    0.1642282960E+03    0.1571686571E+03
          79    0.2901812946E+03   -0.1818216509E+03
          80    0.2865390379E+03   -0.2213571361E+03
          81    0.2996194145E+03   -0.1926103520E+03
          82    0.2963046998E+03    0.1789112274E+03
          83    0.2515967163E+03    0.1064620943E+03
          84    0.3082000787E+03    0.1543395740E+03
          85    0.3426971270E+03   -0.2254885399E+03
          86    0.3792286555E+03    0.2643293105E+03
          87    0.3649063826E+03   -0.2142894539E+03
          88    0.3731099100E+03   -0.2534244117E+03
          89    0.1162456196E+03    0.1263177536E+03
          90    0.3601986757E+03   -0.2156507059E+03
          91    0.2931863518E+03    0.2109852443E+03
          92    0.3063846361E+03   -0.1819092356E+03
          93    0.3756336197E+03   -0.8270801980E+02
          94    0.2853938262E+03    0.1700693215E+03
          95    0.1289238557E+03    0.9945321733E+02
          96    0.3180843945E+03   -0.2181334544E+03
          97    0.2493904134E+03    0.1035979280E+03
          98    0.2824839302E+03   -0.1797852607E+03
          99    0.3190310019E+03    0.1699688103E+03
         100    0.3035898464E+03   -0.1949418527E+03
