        Rank        RMSE       MaxAE  Feature_ID
           1    3.833041    9.872385  (       1)
           2    3.887214    9.006742  (       2)
           3    3.983850    9.650520  (       3)
           4    4.015174   10.185713  (       4)
           5    4.015174   10.171215  (       5)
           6    4.015899   10.080153  (       6)
           7    4.018077   10.566841  (       7)
           8    4.018819    9.994830  (       8)
           9    4.023189   10.903642  (       9)
          10    4.040280   10.462227  (      10)
          11    4.058090   10.773918  (      11)
          12    4.068335   10.339629  (      12)
          13    4.072365   10.885444  (      13)
          14    4.081826   12.003457  (      14)
          15    4.115295   11.353611  (      15)
          16    4.115696   11.049122  (      16)
          17    4.119193   10.283171  (      17)
          18    4.132178    8.514913  (      18)
          19    4.141192   10.325539  (      19)
          20    4.145177   12.075632  (      20)
          21    4.145927   11.177511  (      21)
          22    4.146652   11.516238  (      22)
          23    4.150507   11.592257  (      23)
          24    4.158273    9.036534  (      24)
          25    4.159959   11.205865  (      25)
          26    4.166662   10.093072  (      26)
          27    4.168396   10.217616  (      27)
          28    4.170397   11.520289  (      28)
          29    4.170410   11.510390  (      29)
          30    4.172360   13.678033  (      30)
          31    4.174384   10.120562  (      31)
          32    4.177282   11.603147  (      32)
          33    4.177411   10.059952  (      33)
          34    4.177542   10.786727  (      34)
          35    4.180569   12.148703  (      35)
          36    4.181207   11.511328  (      36)
          37    4.181314   12.119944  (      37)
          38    4.181547   12.168200  (      38)
          39    4.182180   11.489448  (      39)
          40    4.183916   11.516379  (      40)
          41    4.185288   11.483830  (      41)
          42    4.185401   11.664338  (      42)
          43    4.186160   10.595270  (      43)
          44    4.186444   11.273143  (      44)
          45    4.188470   10.421996  (      45)
          46    4.189985   10.853049  (      46)
          47    4.190549   10.188575  (      47)
          48    4.191516   10.197996  (      48)
          49    4.193749    8.398565  (      49)
          50    4.193868   10.059426  (      50)
          51    4.194901   11.132001  (      51)
          52    4.195192   11.516597  (      52)
          53    4.195380   11.560244  (      53)
          54    4.197343   11.568096  (      54)
          55    4.197546   11.260274  (      55)
          56    4.198039   11.886230  (      56)
          57    4.198313   11.271176  (      57)
          58    4.198634   11.114309  (      58)
          59    4.199318   11.149556  (      59)
          60    4.199771    9.630921  (      60)
          61    4.204095   11.525466  (      61)
          62    4.208555   11.505110  (      62)
          63    4.209664   11.507802  (      63)
          64    4.211827   11.466853  (      64)
          65    4.211880   11.976671  (      65)
          66    4.214034   10.930586  (      66)
          67    4.214587   11.461029  (      67)
          68    4.217158   11.928393  (      68)
          69    4.218531   11.223853  (      69)
          70    4.218593   12.318935  (      70)
          71    4.219268   11.504948  (      71)
          72    4.219968   11.439574  (      72)
          73    4.221375   11.509092  (      73)
          74    4.221564   11.437158  (      74)
          75    4.224457   11.451941  (      75)
          76    4.225487   12.313538  (      76)
          77    4.225963   12.313131  (      77)
          78    4.226481   12.312686  (      78)
          79    4.227426   11.489593  (      79)
          80    4.229160   11.439629  (      80)
          81    4.229970   11.606933  (      81)
          82    4.231150   11.490177  (      82)
          83    4.231868    8.448203  (      83)
          84    4.234208   12.306506  (      84)
          85    4.235227   10.472717  (      85)
          86    4.236642    9.820611  (      86)
          87    4.237791   11.884809  (      87)
          88    4.240499   11.578399  (      88)
          89    4.243010   11.518588  (      89)
          90    4.244054    9.618396  (      90)
          91    4.245147   10.471466  (      91)
          92    4.245512   11.745292  (      92)
          93    4.246463   11.456473  (      93)
          94    4.246512   10.481299  (      94)
          95    4.248561   11.360834  (      95)
          96    4.249248   11.413757  (      96)
          97    4.249519   11.589340  (      97)
          98    4.250290   10.858585  (      98)
          99    4.251023   11.506383  (      99)
         100    4.251067   11.080538  (     100)
