Model_ID, [(c_i,i=0,n)_j,j=1,ntask]
           1    0.1658420751E+02   -0.6162391554E+02
           2    0.3550553650E+02    0.3412785603E+02
           3    0.1911497630E+02    0.3277626752E+02
           4    0.5630362126E+02    0.1049681709E+03
           5    0.1693054840E+02    0.6226976108E+02
           6    0.5869188120E+02   -0.1075383469E+03
           7    0.5794793226E+02    0.6487729574E+02
           8    0.6753706562E+02   -0.6096107464E+02
           9    0.6714321196E+02    0.4885728749E+02
          10    0.5772866590E+02    0.1017015017E+03
          11    0.1722349151E+02   -0.3844849641E+02
          12    0.5805076211E+02   -0.8689201897E+02
          13    0.1664871257E+02    0.5978134926E+02
          14    0.5667965834E+02    0.1160790098E+03
          15    0.5640465556E+02    0.3620821026E+03
          16    0.5785016916E+02    0.7872917832E+02
          17    0.1544775477E+02    0.4747719608E+02
          18    0.5859472343E+02   -0.5388223804E+02
          19    0.5561720466E+02   -0.8238049489E+02
          20    0.5684425061E+02    0.5958429679E+02
          21    0.5274540419E+02   -0.3082360531E+02
          22    0.1905026434E+02    0.5960966352E+02
          23    0.1548874873E+02    0.4752607930E+02
          24    0.6806517604E+02    0.6279295167E+02
          25    0.5708456728E+02   -0.5933645744E+02
          26    0.4276234336E+02    0.3746737533E+02
          27    0.5712156291E+02   -0.5133928728E+02
          28    0.5546916388E+02    0.7594575208E+02
          29    0.5502868129E+02    0.7466551687E+02
          30    0.5843377847E+02   -0.7688365573E+02
          31    0.5756144932E+02    0.5981786189E+02
          32    0.5506427372E+02   -0.6208337145E+02
          33    0.5880243538E+02    0.6898776180E+02
          34    0.5645549636E+02   -0.3538458964E+02
          35    0.5976474011E+02    0.8980648236E+02
          36    0.5742681144E+02    0.6014396092E+02
          37    0.4322400021E+02    0.4154432274E+02
          38    0.5608629583E+02   -0.3186726574E+02
          39    0.4856458460E+02    0.5241564575E+02
          40    0.3384467769E+02    0.2984549013E+02
          41    0.5684708567E+02    0.3345878497E+02
          42    0.3619253231E+02   -0.3439988139E+02
          43    0.5767963315E+02   -0.2886960772E+02
          44    0.5549270117E+02    0.7567255444E+02
          45    0.4907558935E+02   -0.5316610831E+02
          46    0.5966447297E+02    0.7706191434E+02
          47    0.5972668496E+02   -0.6454099737E+02
          48    0.4734707136E+02   -0.4964287723E+02
          49    0.5709311960E+02   -0.1027056271E+03
          50    0.5791054111E+02   -0.8998978252E+02
          51    0.6379099332E+02    0.1336348463E+03
          52    0.6076482451E+02   -0.6666630434E+02
          53    0.5209819927E+02    0.3046816833E+02
          54    0.4531246326E+02    0.8034419444E+02
          55    0.3924861446E+02    0.1014489450E+03
          56    0.6091445475E+02   -0.8402803923E+02
          57    0.5730111454E+02    0.1082515265E+03
          58    0.5812566263E+02    0.3242750911E+03
          59    0.5610535144E+02    0.1489107498E+03
          60    0.5526101087E+02   -0.3093446409E+02
          61    0.6028878376E+02    0.3760115538E+02
          62    0.6025029645E+02   -0.5670904145E+02
          63    0.5605457633E+02    0.2665982646E+02
          64    0.6088130067E+02    0.6673414676E+02
          65    0.5489873801E+02    0.2994211753E+02
          66    0.5688594564E+02   -0.3967034970E+02
          67    0.5513902875E+02    0.1764639834E+03
          68    0.5701034180E+02   -0.3232984804E+02
          69    0.5663285990E+02    0.3497866993E+02
          70    0.5567605937E+02   -0.2285709570E+02
          71    0.5655914004E+02   -0.8335755412E+02
          72    0.6128334552E+02    0.4996416960E+02
          73    0.5710057755E+02    0.1293348689E+03
          74    0.3441309457E+02    0.3287596178E+02
          75    0.6091715565E+02   -0.9869710548E+02
          76    0.1192284330E+02   -0.7235015896E+02
          77    0.6098526646E+02    0.6622890438E+02
          78    0.5990391550E+02    0.2038135334E+03
          79    0.4262316725E+02    0.2930425811E+02
          80    0.5789857825E+02    0.6084647939E+02
          81    0.6867247800E+02   -0.6333468523E+02
          82    0.3422516194E+02    0.3043658200E+02
          83    0.5696523518E+02    0.2229684195E+03
          84    0.1705949497E+02    0.5989862175E+02
          85    0.5768563759E+02    0.3444515915E+02
          86    0.5656165157E+02   -0.2826771614E+02
          87    0.5934850955E+02    0.1047380449E+03
          88    0.6013902007E+02    0.4305603718E+02
          89    0.5232781232E+02    0.3773842154E+02
          90    0.6283242186E+02   -0.3362598118E+02
          91    0.5962271581E+02    0.1748148929E+03
          92    0.5921592981E+02    0.6753252491E+02
          93    0.6110523397E+02   -0.6631282669E+02
          94    0.6008639225E+02   -0.1128010665E+03
          95    0.5753709755E+02   -0.2508112089E+02
          96    0.2887275152E+02    0.7790663284E+02
          97    0.6054661127E+02   -0.5646865263E+02
          98    0.5623443609E+02   -0.4839282082E+02
          99    0.5835171032E+02   -0.1079406607E+03
         100    0.5724570249E+02    0.7706137820E+02
