      rank       #data_overlap        size_overlap          feature_ID
         1                  37             0.28304   (       1)
         2                  38             0.21411   (       2)
         3                  38             0.28304   (       3)
         4                  38             0.52533   (       4)
         5                  39             0.21411   (       5)
         6                  39             0.26750   (       6)
         7                  39             0.28304   (       7)
         8                  40             0.21411   (       8)
         9                  40             0.21411   (       9)
        10                  40             0.21411   (      10)
        11                  40             0.28304   (      11)
        12                  40             0.28304   (      12)
        13                  40             0.28304   (      13)
        14                  40             0.28304   (      14)
        15                  40             0.28304   (      15)
        16                  40             0.28304   (      16)
        17                  40             0.28493   (      17)
        18                  40             0.34523   (      18)
        19                  40             0.34523   (      19)
        20                  40             0.34523   (      20)
        21                  40             0.47711   (      21)
        22                  41             0.28302   (      22)
        23                  41             0.28304   (      23)
        24                  41             0.28304   (      24)
        25                  41             0.28304   (      25)
        26                  41             0.39984   (      26)
        27                  41             0.47711   (      27)
        28                  41             0.49397   (      28)
        29                  42             0.32485   (      29)
        30                  42             0.33688   (      30)
        31                  42             0.34523   (      31)
        32                  42             0.34523   (      32)
        33                  42             0.34523   (      33)
        34                  42             0.41551   (      34)
        35                  42             0.47705   (      35)
        36                  42             0.47711   (      36)
        37                  42             0.47711   (      37)
        38                  42             0.49397   (      38)
        39                  42             0.50427   (      39)
        40                  42             0.89760   (      40)
        41                  42             0.89760   (      41)
        42                  42             0.94143   (      42)
        43                  42             0.94143   (      43)
        44                  43             0.29566   (      46)
        45                  43             0.30905   (      47)
        46                  43             0.33688   (      48)
        47                  43             0.33688   (      49)
        48                  43             0.34344   (      50)
        49                  43             0.37228   (      51)
        50                  43             0.49397   (      52)
        51                  43             0.49397   (      53)
        52                  43             0.51682   (      54)
        53                  43             0.51682   (      55)
        54                  43             0.59767   (      56)
        55                  43             0.61122   (      57)
        56                  43             0.61122   (      58)
        57                  43             0.61122   (      59)
        58                  43             0.61122   (      60)
        59                  43             0.61122   (      61)
        60                  43             0.64982   (      62)
        61                  43             0.89760   (      63)
        62                  43             0.89760   (      64)
        63                  43             0.94143   (      65)
        64                  43             1.00000   (      69)
        65                  43             1.00000   (      70)
        66                  43             1.00000   (      71)
        67                  43             1.00000   (      72)
        68                  43             1.00000   (      73)
        69                  44             0.28682   (      74)
        70                  44             0.33372   (      75)
        71                  44             0.37228   (      76)
        72                  44             0.37228   (      77)
        73                  44             0.47860   (      78)
        74                  44             0.48417   (      79)
        75                  44             0.51659   (      80)
        76                  44             0.51682   (      81)
        77                  44             0.52986   (      82)
        78                  44             0.56029   (      83)
        79                  44             0.61122   (      84)
        80                  44             0.61122   (      85)
        81                  44             0.61122   (      86)
        82                  44             0.61122   (      87)
        83                  44             0.61122   (      88)
        84                  44             0.61122   (      89)
        85                  44             0.61122   (      90)
        86                  44             0.61122   (      91)
        87                  44             0.61122   (      92)
        88                  44             0.61122   (      93)
        89                  44             0.63186   (      94)
        90                  44             0.69852   (      95)
        91                  44             0.85131   (      96)
        92                  44             0.89421   (      97)
        93                  44             0.89760   (      98)
        94                  44             0.89760   (      99)
        95                  44             0.89760   (     100)
        96                  44             0.94143   (     101)
        97                  44             0.94143   (     102)
        98                  44             0.94143   (     103)
        99                  44             0.94143   (     104)
       100                  44             0.94143   (     105)
