      rank       #data_overlap        size_overlap          feature_ID
         1                  16             0.10717   (      59    1022)
         2                  16             0.19786   (     163    1546)
         3                  17             0.09651   (      50    1005)
         4                  17             0.10101   (      61    1022)
         5                  17             0.10128   (      50    1022)
         6                  17             0.10505   (      90    1022)
         7                  17             0.10537   (      86    1022)
         8                  17             0.10543   (      91    1022)
         9                  17             0.10631   (      60    1022)
        10                  17             0.10631   (      93    1022)
        11                  17             0.10631   (      58    1022)
        12                  17             0.10631   (      57    1022)
        13                  17             0.10631   (      89    1022)
        14                  17             0.10631   (      85    1022)
        15                  17             0.10631   (      84    1022)
        16                  17             0.10758   (      88    1022)
        17                  17             0.10807   (       5    1749)
        18                  17             0.11316   (      92    1022)
        19                  17             0.11886   (     268    1546)
        20                  17             0.12567   (       5    1964)
        21                  17             0.12727   (       6    1680)
        22                  17             0.13146   (     876    1546)
        23                  17             0.13146   (     881    1546)
        24                  17             0.14059   (     274    1022)
        25                  17             0.15508   (     166    1546)
        26                  17             0.17284   (     274    1005)
        27                  17             0.22591   (     846    1546)
        28                  17             0.22591   (     835    1546)
        29                  17             0.22591   (     847    1546)
        30                  17             0.22591   (     792    1546)
        31                  17             0.22591   (     793    1546)
        32                  17             0.22591   (     794    1546)
        33                  17             0.22591   (     808    1546)
        34                  17             0.22591   (     810    1546)
        35                  17             0.22591   (     813    1546)
        36                  17             0.22591   (     819    1546)
        37                  18             0.07268   (      10    1749)
        38                  18             0.07268   (       9    1749)
        39                  18             0.07341   (       6    1664)
        40                  18             0.07341   (       6    1668)
        41                  18             0.07341   (       6    1673)
        42                  18             0.07544   (       9    1964)
        43                  18             0.07632   (      10    1964)
        44                  18             0.07854   (       6    1675)
        45                  18             0.07861   (       6    1677)
        46                  18             0.08019   (       6    1661)
        47                  18             0.08019   (       6    1669)
        48                  18             0.08348   (       8    1749)
        49                  18             0.08504   (       2    1749)
        50                  18             0.08886   (       6    1960)
        51                  18             0.08902   (       6    1958)
        52                  18             0.09188   (       6    1959)
        53                  18             0.09430   (       6     438)
        54                  18             0.09430   (       6    1087)
        55                  18             0.09482   (       6    1674)
        56                  18             0.09660   (       6    1676)
        57                  18             0.10101   (      61    1081)
        58                  18             0.10190   (      59    1081)
        59                  18             0.10326   (      61    1073)
        60                  18             0.10345   (       6    1741)
        61                  18             0.10411   (      59    1073)
        62                  18             0.10631   (     175    1022)
        63                  18             0.10638   (       8    1964)
        64                  18             0.10807   (       2    1964)
        65                  18             0.10902   (     289    1022)
        66                  18             0.11547   (     445    1546)
        67                  18             0.11755   (       6    1745)
        68                  18             0.11780   (      14    1749)
        69                  18             0.11831   (      12    1749)
        70                  18             0.11831   (      13    1749)
        71                  18             0.11876   (      22    1749)
        72                  18             0.11876   (       6    1746)
        73                  18             0.11876   (       6    1748)
        74                  18             0.11876   (       6    1749)
        75                  18             0.11876   (       6    1750)
        76                  18             0.11876   (       6    1751)
        77                  18             0.11876   (      15    1749)
        78                  18             0.11876   (      25    1749)
        79                  18             0.11876   (      16    1749)
        80                  18             0.11876   (      11    1749)
        81                  18             0.11876   (       3    1749)
        82                  18             0.11876   (       6    1738)
        83                  18             0.11876   (       6    1740)
        84                  18             0.11876   (       6    1742)
        85                  18             0.11883   (       6    1753)
        86                  18             0.12327   (       6    1210)
        87                  18             0.12815   (      34    1005)
        88                  18             0.12930   (      87    1022)
        89                  18             0.12938   (      61    1082)
        90                  18             0.14167   (     267    1546)
        91                  18             0.19225   (     175    1005)
        92                  18             0.19787   (     289    1005)
        93                  18             0.19886   (     287    1546)
        94                  18             0.20597   (     442    1546)
        95                  18             0.23675   (     856    1546)
        96                  18             0.23675   (     862    1546)
        97                  19             0.10878   (      50    1216)
        98                  19             0.10959   (      50    1075)
        99                  19             0.11487   (      34    1022)
       100                  19             0.18350   (    1546    1851)
