Model_ID, [(c_i,i=0,n)_j,j=1,ntask]
           1    0.2001809044E+03    0.1177716166E+03
           2    0.2148802198E+03    0.1073336857E+03
           3    0.2359413203E+03    0.1138763162E+03
           4    0.1727592637E+03    0.1082065021E+03
           5    0.1973413571E+03    0.1159957614E+03
           6    0.2241305223E+03    0.9553562111E+02
           7    0.2122789494E+03    0.1436110203E+03
           8    0.1575042135E+03    0.1014954792E+03
           9    0.1879129318E+03    0.1332553931E+03
          10    0.2310275754E+03    0.1158774307E+03
          11    0.1583982614E+03    0.1210912537E+03
          12    0.2288096196E+03    0.1281011231E+03
          13    0.1721776932E+03    0.9095396685E+02
          14    0.2107330628E+03    0.9839062003E+02
          15    0.2297638891E+03    0.1038073588E+03
          16    0.2169972204E+03    0.9595043576E+02
          17    0.2213032738E+03    0.1169033567E+03
          18    0.3042625716E+03    0.8640049006E+02
          19    0.2102162478E+03    0.1015887167E+03
          20    0.1725245804E+03    0.9887141175E+02
          21    0.1946544307E+03    0.1054704854E+03
          22    0.1976874142E+03    0.1065474751E+03
          23    0.1576827384E+03    0.1106774891E+03
          24    0.1846587956E+03    0.1205110374E+03
          25    0.2550765989E+03    0.1479830102E+03
          26    0.2679204150E+03    0.1202851902E+03
          27    0.2722258727E+03    0.1217142286E+03
          28    0.2063528441E+03    0.1288690855E+03
          29    0.1846326834E+03    0.1008499931E+03
          30    0.2955361515E+03    0.1343868482E+03
          31    0.3148262962E+03    0.1660059507E+03
          32    0.2007457371E+03    0.1186572161E+03
          33    0.2627794598E+03    0.1234773897E+03
          34    0.2249484441E+03    0.1057080317E+03
          35    0.2110664648E+03    0.1117621674E+03
          36    0.2251612173E+03    0.1225836070E+03
          37    0.1583475288E+03    0.9333286108E+02
          38    0.1940142054E+03    0.9914616617E+02
          39    0.1965763459E+03    0.8972798647E+02
          40    0.1890506022E+03    0.9469988621E+02
          41    0.1975183139E+03    0.1172423704E+03
          42    0.2188386574E+03    0.1258160802E+03
          43    0.2673800412E+03    0.1245199013E+03
          44    0.2209862136E+03    0.9595813741E+02
          45    0.1651749437E+03    0.9414699795E+02
          46    0.2343435709E+03    0.1117011635E+03
          47    0.2203888016E+03    0.8785475702E+02
          48    0.2099513486E+03    0.1103599896E+03
          49    0.2143691787E+03    0.1016575645E+03
          50    0.2854041938E+03    0.2216153591E+03
          51    0.3194117682E+03   -0.1337779623E+03
          52    0.2857841494E+03   -0.2211852152E+03
          53    0.3083104210E+03    0.1632784737E+03
          54    0.2467163546E+03    0.1054788619E+03
          55    0.2275484471E+03    0.1161658486E+03
          56    0.2059379809E+03    0.1027723200E+03
          57    0.2785025560E+03    0.7910452328E+02
          58    0.3156707746E+03    0.9092204192E+02
          59    0.1947742828E+03    0.1210097339E+03
          60    0.2885437031E+03   -0.2132692122E+03
          61    0.2275097910E+03    0.9331600522E+02
          62    0.2133482251E+03    0.8855365635E+02
          63    0.1824998369E+03    0.1104327709E+03
          64    0.2541975258E+03    0.8197752638E+02
          65    0.2578110011E+03    0.7516492945E+02
          66    0.2549901271E+03    0.1415385183E+03
          67    0.2713212050E+03    0.1089616618E+03
          68    0.2582415947E+03    0.1094225526E+03
          69    0.2531771822E+03    0.1122929375E+03
          70    0.2828947970E+03    0.1860017274E+03
          71    0.1727452265E+03    0.8388553370E+02
          72    0.2085966155E+03    0.1076123909E+03
          73    0.2165824599E+03    0.1034643995E+03
          74    0.1878270547E+03    0.1284002514E+03
          75    0.2566687568E+03    0.1565425599E+03
          76    0.2208964706E+03    0.1067764357E+03
          77    0.3310794855E+03    0.9000860256E+02
          78    0.2868033699E+03    0.7451584225E+02
          79    0.3161552166E+03   -0.1426350205E+03
          80    0.2007962294E+03    0.1076358480E+03
          81    0.2279949151E+03    0.1071012167E+03
          82    0.2838355343E+03    0.2229927999E+03
          83    0.2062460135E+03    0.1167003779E+03
          84    0.3053414554E+03   -0.2388841618E+03
          85    0.1187839588E+03    0.1153126581E+03
          86    0.2234318941E+03    0.9734519090E+02
          87    0.2009903785E+03    0.1044356317E+03
          88    0.2950081480E+03    0.8001121639E+02
          89    0.2650057508E+03    0.7922494779E+02
          90    0.2442976436E+03    0.1279467643E+03
          91    0.2218063225E+03    0.9839042848E+02
          92    0.2848849698E+03    0.1807521455E+03
          93    0.2873419952E+03    0.8349076341E+02
          94    0.1838135583E+03    0.1172164992E+03
          95    0.2983753940E+03    0.1884533006E+03
          96    0.3000797666E+03    0.1863227791E+03
          97    0.2983639105E+03    0.1884589155E+03
          98    0.2087020989E+03    0.1170809895E+03
          99    0.2032237637E+03    0.9254769582E+02
         100    0.2521708768E+03    0.1356125504E+03
