        Rank        RMSE       MaxAE  Feature_ID
           1   22.653516   60.256788  (     415   10051)
           2   23.202417   53.618873  (     415   10142)
           3   23.443716   60.611579  (    1124   10142)
           4   23.475543   60.520323  (    1154   10142)
           5   23.620318   56.407603  (    3391   11079)
           6   23.629130   58.542832  (    3391   10926)
           7   23.641544   59.582287  (    3391   12701)
           8   23.737515   63.552250  (    1056   10142)
           9   23.738439   63.553569  (    1057   10142)
          10   23.792667   58.885228  (    1124   10051)
          11   23.794787   64.335229  (    1040   10142)
          12   23.815158   59.039350  (    1154   10051)
          13   23.868300   64.447145  (    1100   10142)
          14   23.964178   60.195857  (    3391   14066)
          15   23.975004   58.595177  (    3391   16119)
          16   23.983219   60.543586  (    3391   13379)
          17   24.001347   59.886849  (    3391   14123)
          18   24.005963   60.589464  (    3391   13431)
          19   24.006976   58.488189  (    3391   16357)
          20   24.008488   60.034447  (    3391   14033)
          21   24.023404   60.837154  (     545   10142)
          22   24.054584   66.406197  (    3391   10849)
          23   24.094733   61.620604  (    1390   10142)
          24   24.126552   61.265101  (     587   10142)
          25   24.135926   62.547010  (     545   10051)
          26   24.144786   61.010032  (    3391   13549)
          27   24.159026   58.866621  (    3391   15247)
          28   24.167568   60.890402  (    3391   13820)
          29   24.185076   61.751084  (    1481   10142)
          30   24.191850   60.771072  (    3391   14031)
          31   24.220515   57.678340  (    3391   12677)
          32   24.221064   66.263277  (    1835   12514)
          33   24.240922   62.983181  (     587   10051)
          34   24.256192   49.034794  (    3391   11128)
          35   24.279597   61.439388  (     603   10142)
          36   24.296167   63.790732  (     804   10051)
          37   24.308606   60.108594  (    1014   10051)
          38   24.341840   59.459849  (     935   10051)
          39   24.353339   61.197734  (    3391   14209)
          40   24.375724   60.617691  (    1139   10051)
          41   24.382293   48.212477  (    3391   12338)
          42   24.384122   61.245739  (    3391   14285)
          43   24.412858   60.748853  (    3391   18655)
          44   24.423367   60.739773  (    1620   10142)
          45   24.426515   62.102373  (     917   10051)
          46   24.478374   63.570484  (    3391   10911)
          47   24.482235   47.637160  (    3391   11710)
          48   24.485336   61.624967  (    3391   13707)
          49   24.511133   62.525507  (    3391   11094)
          50   24.516729   64.041368  (    1231   10051)
          51   24.517367   60.814090  (    3391   13832)
          52   24.519871   61.798749  (    3391   13887)
          53   24.524965   66.319187  (    1478   10051)
          54   24.528082   60.882558  (    1721   10142)
          55   24.529279   60.884163  (    1723   10142)
          56   24.534741   61.614880  (    3391   13595)
          57   24.542436   47.527944  (    3391   11878)
          58   24.546599   63.196997  (     603   10051)
          59   24.572908   61.452224  (    1055   10051)
          60   24.582198   45.537831  (    1026   18815)
          61   24.602643   61.966931  (    3391   13927)
          62   24.643950   61.078966  (    1056   10051)
          63   24.644835   61.080280  (    1057   10051)
          64   24.685668   60.719263  (    1905   10142)
          65   24.688255   59.050888  (    1390   10051)
          66   24.696978   60.320561  (    3391   18540)
          67   24.699054   61.920300  (    1167   10051)
          68   24.700904   62.200203  (     804   10142)
          69   24.718794   62.498814  (    3391   11058)
          70   24.728771   60.694772  (    2012   10142)
          71   24.754033   62.780337  (    3391   17307)
          72   24.754824   60.283456  (    1877   10142)
          73   24.765309   69.216660  (    1060   10051)
          74   24.766493   60.867719  (    3391   14125)
          75   24.777080   59.181265  (    1481   10051)
          76   24.777977   53.450483  (    1014   10142)
          77   24.780194   51.411009  (    3391   11109)
          78   24.781479   60.858269  (    2015   10142)
          79   24.782576   60.859832  (    2016   10142)
          80   24.785850   55.144067  (     935   10142)
          81   24.795369   51.512704  (    3391   11060)
          82   24.796547   47.874342  (    3391   13202)
          83   24.817077   60.829878  (    2116   10142)
          84   24.818091   60.831397  (    2118   10142)
          85   24.822321   47.930774  (    3391   13267)
          86   24.827212   47.570632  (    3391   14113)
          87   24.834471   61.901776  (    1040   10051)
          88   24.837734   59.443379  (    2984   10142)
          89   24.841766   60.720122  (    2229   10142)
          90   24.843666   61.601819  (    1971   10142)
          91   24.847680   60.546752  (     917   10142)
          92   24.849398   60.423710  (    1997   10142)
          93   24.857328   63.526095  (    3391   12432)
          94   24.858872   54.656948  (    1139   10142)
          95   24.861493   58.408435  (    1620   10051)
          96   24.878345   60.741514  (    2117   10142)
          97   24.886987   47.741928  (    3391   13771)
          98   24.897457   64.560831  (     415   10104)
          99   24.900403   47.824936  (    3391   13753)
         100   24.903876   62.013165  (    1100   10051)
