        Rank        RMSE       MaxAE  Feature_ID
           1   12.642717   32.689653  (       1)
           2   12.707870   25.656035  (       2)
           3   12.707979   27.106950  (       3)
           4   12.725860   32.550010  (       4)
           5   12.772010   25.636679  (       5)
           6   12.784047   25.210001  (       6)
           7   12.787524   26.151666  (       7)
           8   12.790642   32.619732  (       8)
           9   12.791480   26.127927  (       9)
          10   12.804833   32.637869  (      10)
          11   12.805577   33.857341  (      11)
          12   12.812406   23.525110  (      13)
          13   12.812406   32.166987  (      12)
          14   12.828145   34.020494  (      14)
          15   12.838487   34.554812  (      15)
          16   12.848467   28.851800  (      16)
          17   12.879629   32.378916  (      17)
          18   12.881191   25.190180  (      18)
          19   12.885293   32.699679  (      19)
          20   12.886500   25.321034  (      20)
          21   12.909372   32.047789  (      21)
          22   12.915775   25.096977  (      22)
          23   12.918837   28.786834  (      23)
          24   12.920099   32.653113  (      24)
          25   12.923333   32.171818  (      25)
          26   12.929738   32.251005  (      26)
          27   12.930271   26.767386  (      27)
          28   12.930410   25.431743  (      28)
          29   12.945285   25.053534  (      29)
          30   12.946700   28.028467  (      30)
          31   12.947128   33.281988  (      31)
          32   12.955126   25.164657  (      32)
          33   12.964675   34.060056  (      33)
          34   12.964682   24.979819  (      34)
          35   12.966055   33.934822  (      35)
          36   12.968798   32.055932  (      36)
          37   12.973954   27.279894  (      37)
          38   12.976967   25.174443  (      38)
          39   12.982038   25.016197  (      39)
          40   12.982596   25.012252  (      40)
          41   12.983244   25.008325  (      41)
          42   12.987001   27.301766  (      42)
          43   12.988445   28.346990  (      43)
          44   12.991032   29.518171  (      44)
          45   12.997734   31.354316  (      45)
          46   12.999509   33.446956  (      46)
          47   13.000285   28.545918  (      47)
          48   13.001621   32.746140  (      48)
          49   13.001803   25.044810  (      49)
          50   13.009085   32.112815  (      50)
          51   13.010425   32.114061  (      51)
          52   13.017554   32.813878  (      52)
          53   13.024389   31.132604  (      53)
          54   13.027405   24.973162  (      54)
          55   13.029838   33.503007  (      55)
          56   13.032351   28.136937  (      56)
          57   13.034523   26.613970  (      57)
          58   13.034726   30.749247  (      58)
          59   13.036229   32.755541  (      59)
          60   13.038137   32.268734  (      60)
          61   13.038287   29.368724  (      61)
          62   13.039383   28.257297  (      62)
          63   13.039925   29.017613  (      63)
          64   13.041024   33.424256  (      64)
          65   13.046609   24.634465  (      65)
          66   13.054922   34.119896  (      66)
          67   13.057270   28.872972  (      67)
          68   13.057983   25.325883  (      68)
          69   13.061093   29.113138  (      69)
          70   13.069177   26.361285  (      70)
          71   13.072095   27.026957  (      71)
          72   13.073469   31.909255  (      72)
          73   13.075657   29.923793  (      73)
          74   13.076603   34.242267  (      74)
          75   13.079379   24.936284  (      75)
          76   13.081119   33.211663  (      76)
          77   13.082128   26.588053  (      77)
          78   13.082833   29.853027  (      78)
          79   13.091103   25.748429  (      79)
          80   13.091976   31.566617  (      80)
          81   13.099079   25.409417  (      81)
          82   13.102098   26.116108  (      82)
          83   13.104628   32.311348  (      83)
          84   13.110033   31.625944  (      84)
          85   13.115800   26.120677  (      85)
          86   13.116883   30.621017  (      86)
          87   13.117102   30.586880  (      87)
          88   13.119524   26.484049  (      88)
          89   13.126226   26.852741  (      89)
          90   13.126792   30.834783  (      90)
          91   13.136182   30.798105  (      91)
          92   13.138675   28.616678  (      92)
          93   13.139292   31.880948  (      93)
          94   13.140405   25.918609  (      94)
          95   13.142030   25.405888  (      95)
          96   13.142464   27.409929  (      96)
          97   13.145960   30.652306  (      97)
          98   13.147901   32.165444  (      98)
          99   13.148134   31.869146  (      99)
         100   13.151617   26.821514  (     100)
