Model_ID, [(c_i,i=0,n)_j,j=1,ntask]
           1    0.3054137505E+02   -0.3135039632E+02
           2    0.5476794437E+01    0.2016001268E+02
           3    0.4136966647E+01   -0.1357835323E+02
           4    0.1885913330E+02    0.2045095737E+02
           5    0.1902433579E+02   -0.1960067912E+02
           6    0.3212516271E+02   -0.3432486922E+02
           7    0.1918836950E+02    0.2084696689E+02
           8    0.2324557899E+02    0.2870317584E+02
           9    0.5731347587E+01    0.4388847870E+02
          10   -0.4085460364E+01   -0.4522626240E+02
          11    0.2242371974E+02   -0.2946416662E+02
          12    0.2262233110E+02    0.2776134078E+02
          13    0.5787756116E+01    0.2357443714E+02
          14    0.4965878007E+01   -0.2071413571E+02
          15    0.1340633454E+02    0.2244894137E+02
          16    0.1848685606E+02   -0.2112393512E+02
          17    0.1361150958E+02    0.2103464757E+02
          18   -0.2812414249E+01    0.4300164496E+02
          19    0.1898196590E+02   -0.1923953082E+02
          20    0.6351303046E+01    0.2878629166E+02
          21    0.4405692121E+01    0.3128020654E+02
          22    0.1473766899E+02    0.1957182705E+02
          23    0.4352581011E+01    0.3139503913E+02
          24    0.1745665774E+02    0.1898870141E+02
          25    0.1763168157E+02   -0.1821519019E+02
          26    0.4379487987E+01    0.3135052118E+02
          27    0.4839806915E+01    0.3056387881E+02
          28    0.3916500972E+01    0.3188009165E+02
          29    0.4510444323E+01    0.1998548344E+02
          30    0.4412010393E+01    0.3128549385E+02
          31    0.3997194885E+01    0.2836283853E+02
          32    0.1889232569E+02   -0.1956634276E+02
          33    0.1740783713E+02    0.1888319177E+02
          34    0.4763497147E+01    0.3055285551E+02
          35    0.1762736743E+02   -0.1805558035E+02
          36    0.3650261692E+01   -0.2754432363E+02
          37    0.6161610616E+01    0.4382545399E+02
          38    0.2835407939E+02   -0.3045865494E+02
          39    0.4699886046E+01    0.3075611174E+02
          40    0.2915883641E+01    0.1422636372E+02
          41    0.1735778652E+02    0.1877115333E+02
          42    0.4193272392E+01    0.2024708771E+02
          43    0.3842701239E+01    0.2023620222E+02
          44    0.2248279869E+02   -0.2580418101E+02
          45    0.4639177733E+01   -0.9598413362E+01
          46    0.4030598196E+01    0.2040378744E+02
          47    0.3754855248E+01   -0.9586258400E+01
          48    0.6031904648E+01   -0.4688933380E+02
          49    0.3138837335E+01   -0.1361214199E+02
          50    0.3865013415E+01    0.2776378456E+02
          51    0.5042268242E+01    0.3008027365E+02
          52    0.1136503448E+02    0.1477688491E+02
          53    0.6018498035E+01    0.7947375194E+02
          54    0.1942588773E+02   -0.1592877481E+02
          55    0.4196300093E+01    0.2023012887E+02
          56    0.3657044520E+01    0.2068461626E+02
          57    0.1837649738E+02    0.1946527513E+02
          58    0.4636149505E+01   -0.3269314128E+02
          59    0.5959628847E+01    0.5584762820E+02
          60    0.3291942963E+01    0.1831426210E+02
          61    0.4385582078E+01    0.2002982462E+02
          62    0.3899130991E+01    0.2032162223E+02
          63    0.2699898983E+02   -0.2764057373E+02
          64    0.3041294087E+01   -0.1122770652E+02
          65    0.4447965496E+01    0.1989825343E+02
          66    0.1702406275E+02   -0.1947058027E+02
          67    0.4209203362E+01    0.2993147850E+02
          68    0.4214529785E+01    0.3137101877E+02
          69    0.1589718246E+02    0.2139148171E+02
          70    0.3809247708E+01    0.3630298285E+02
          71    0.1358816357E+02    0.1829615017E+02
          72    0.4670042271E+01   -0.2964449398E+02
          73    0.4964784458E+01    0.3063527197E+02
          74    0.4908770786E+01    0.3026895595E+02
          75    0.4341999486E+01   -0.2249152403E+02
          76    0.4378817653E+01    0.2001408711E+02
          77    0.6219244005E+01    0.2879254335E+02
          78    0.4954954250E+01    0.2870704108E+02
          79    0.4435060891E+01    0.3512199795E+02
          80    0.4397934459E+01    0.2916276503E+02
          81    0.4757768734E+01    0.2907080030E+02
          82    0.4411960251E+01    0.3516723742E+02
          83    0.2774160563E+01    0.1041070005E+02
          84    0.1426381481E+02    0.1802472776E+02
          85    0.4696843556E+01    0.1585267403E+02
          86    0.3274229762E+01    0.1299432131E+02
          87    0.5020889922E+01    0.2867087664E+02
          88    0.4065939418E+01    0.2003895520E+02
          89    0.4927766328E+01    0.1937778228E+02
          90    0.1920243002E+02    0.2801542429E+02
          91    0.5755257648E+01    0.4626246715E+02
          92    0.1801406551E+02    0.1953566725E+02
          93    0.4014149596E+01    0.2039689952E+02
          94    0.3794802436E+01    0.2053587591E+02
          95    0.3025345855E+01    0.3447019467E+02
          96    0.4160563519E+01    0.3153169300E+02
          97   -0.1718774131E+01   -0.4155218788E+02
          98    0.4074404607E+01    0.2027347484E+02
          99    0.6543076540E+01    0.5491187667E+02
         100    0.1750640802E+02   -0.1816581426E+02
