      rank       #data_overlap        size_overlap          feature_ID
         1                  40             0.29737   (       1)
         2                  40             0.34457   (       2)
         3                  40             0.50542   (       3)
         4                  40             0.65594   (       4)
         5                  41             0.34457   (       5)
         6                  41             0.34457   (       6)
         7                  41             0.34457   (       7)
         8                  41             0.34457   (       8)
         9                  41             0.34457   (       9)
        10                  41             0.34457   (      10)
        11                  41             0.50542   (      11)
        12                  41             0.50542   (      12)
        13                  41             0.63756   (      13)
        14                  41             0.65018   (      14)
        15                  41             0.67153   (      15)
        16                  42             0.34457   (      16)
        17                  42             0.34457   (      17)
        18                  42             0.50527   (      18)
        19                  42             0.50542   (      19)
        20                  42             0.50542   (      20)
        21                  42             0.56474   (      21)
        22                  42             0.58662   (      22)
        23                  43             0.28798   (      23)
        24                  43             0.33263   (      24)
        25                  43             0.35158   (      25)
        26                  43             0.58662   (      26)
        27                  43             0.58662   (      27)
        28                  43             0.70865   (      28)
        29                  43             0.91754   (      29)
        30                  44             0.30373   (      30)
        31                  44             0.35061   (      31)
        32                  44             0.36957   (      32)
        33                  44             0.43536   (      33)
        34                  44             0.54872   (      34)
        35                  44             0.55862   (      35)
        36                  44             0.58662   (      36)
        37                  44             0.58662   (      37)
        38                  44             0.58662   (      38)
        39                  44             0.58662   (      39)
        40                  44             0.58662   (      40)
        41                  44             0.58662   (      41)
        42                  44             0.58662   (      42)
        43                  44             0.58662   (      43)
        44                  44             0.58662   (      44)
        45                  44             0.58662   (      45)
        46                  44             0.58662   (      46)
        47                  44             0.58662   (      47)
        48                  44             0.58662   (      48)
        49                  44             0.58662   (      49)
        50                  44             0.85277   (      50)
        51                  44             0.91754   (      51)
        52                  44             0.91754   (      52)
        53                  44             0.91754   (      53)
        54                  44             0.91754   (      54)
        55                  44             0.96997   (      55)
        56                  44             1.00000   (      56)
        57                  44             1.00000   (      57)
        58                  44             1.00000   (      58)
        59                  44             1.00000   (      59)
        60                  44             1.00000   (      60)
        61                  44             1.00000   (      61)
        62                  44             1.00000   (      62)
        63                  44             1.00000   (      63)
        64                  45             0.28804   (      64)
        65                  45             0.29893   (      65)
        66                  45             0.30329   (      66)
        67                  45             0.31290   (      67)
        68                  45             0.31587   (      68)
        69                  45             0.35061   (      69)
        70                  45             0.36957   (      70)
        71                  45             0.53647   (      71)
        72                  45             0.58649   (      72)
        73                  45             0.58649   (      73)
        74                  45             0.58662   (      74)
        75                  45             0.58662   (      75)
        76                  45             0.58666   (      76)
        77                  45             0.61464   (      77)
        78                  45             0.62628   (      78)
        79                  45             0.64101   (      79)
        80                  45             0.76514   (      80)
        81                  45             0.91754   (      81)
        82                  45             0.91754   (      82)
        83                  45             0.91754   (      83)
        84                  45             0.91754   (      84)
        85                  45             0.91754   (      85)
        86                  45             0.91754   (      86)
        87                  45             0.91754   (      87)
        88                  45             0.91754   (      88)
        89                  45             0.96997   (      89)
        90                  45             0.96997   (      90)
        91                  45             0.96997   (      91)
        92                  45             1.00000   (      92)
        93                  45             1.00000   (      93)
        94                  45             1.00000   (      94)
        95                  45             1.00000   (      95)
        96                  45             1.00000   (      96)
        97                  45             1.00000   (      97)
        98                  45             1.00000   (      98)
        99                  45             1.00000   (      99)
       100                  45             1.00000   (     100)
