Model_ID, [(c_i,i=0,n)_j,j=1,ntask]
           1    0.5887454042E+02   -0.7459225002E+02
           2    0.3336272870E+02   -0.1653519779E+03
           3    0.9756468989E+02   -0.1035820586E+03
           4    0.6014228395E+02    0.8568877895E+02
           5    0.5714104494E+02    0.5825871796E+02
           6    0.5649187791E+02   -0.6082341848E+02
           7    0.4207922850E+02   -0.1322981084E+03
           8    0.3840256682E+02    0.1047968290E+03
           9    0.3068914250E+02   -0.1961548418E+03
          10    0.5488045234E+02   -0.6741029352E+02
          11    0.5746597512E+02   -0.4697476080E+02
          12    0.3227946408E+02   -0.1465219224E+03
          13    0.3322204942E+02    0.5467054254E+03
          14    0.3695035612E+02   -0.6450560169E+02
          15    0.2067386888E+02    0.3282054809E+03
          16    0.3567553605E+02   -0.1425061321E+03
          17    0.3566826846E+02   -0.1423824442E+03
          18    0.3791230934E+02   -0.6247506345E+02
          19    0.3782156471E+02   -0.1024958730E+03
          20    0.5251900731E+02   -0.8129428443E+02
          21    0.5611431559E+02   -0.4145085448E+02
          22    0.6788239875E+02    0.6597807888E+02
          23    0.5793089379E+02    0.7436609856E+02
          24    0.5757691309E+02   -0.7372785556E+02
          25    0.3618402782E+02    0.1231674511E+03
          26    0.5891260648E+02   -0.6499771518E+02
          27    0.5718738004E+02   -0.7283234169E+02
          28    0.3496796504E+02   -0.4484370046E+02
          29    0.5300178013E+02    0.5795700556E+02
          30    0.4270759847E+02   -0.7922122802E+02
          31    0.3724404985E+02    0.1433405923E+03
          32    0.6224772858E+02   -0.1054624232E+03
          33    0.3726693559E+02   -0.1432303442E+03
          34    0.3726828517E+02   -0.1432237902E+03
          35    0.3726963512E+02   -0.1432172287E+03
          36    0.3729264101E+02   -0.1431045167E+03
          37    0.3606578180E+02   -0.7118334159E+02
          38    0.3561851038E+02    0.1468377358E+03
          39    0.7279627965E+02    0.8801060322E+02
          40    0.3593317896E+02   -0.1247043186E+03
          41    0.5964623595E+02    0.8312337233E+02
          42    0.2848617438E+02    0.3017752818E+03
          43    0.4950708364E+02   -0.5660138324E+02
          44    0.5494883379E+02    0.3669121599E+02
          45    0.2904868413E+02    0.1727035414E+03
          46    0.5944998099E+02   -0.6579908490E+02
          47    0.5014003829E+02   -0.6674721927E+02
          48    0.3790299548E+02   -0.1271469113E+03
          49    0.3485151925E+02   -0.3933063782E+02
          50    0.4198277462E+02   -0.9900429127E+02
          51    0.5095911102E+02   -0.6676886134E+02
          52    0.4309969724E+02   -0.9455989689E+02
          53    0.4025252347E+02    0.6525211757E+02
          54    0.3413293219E+02   -0.7021719499E+02
          55    0.5121832948E+02    0.6717517194E+02
          56    0.3827837595E+02    0.1072375643E+03
          57    0.3042434615E+02   -0.1878294985E+03
          58    0.3326143253E+02    0.1749254820E+03
          59    0.3829455269E+02   -0.1071808229E+03
          60    0.3829550596E+02   -0.1071774555E+03
          61    0.3829645942E+02   -0.1071740849E+03
          62    0.3444161070E+02   -0.4387030930E+02
          63    0.3831269688E+02   -0.1071162822E+03
          64    0.5498579119E+02   -0.7008612399E+02
          65    0.4139882905E+02   -0.1554803786E+03
          66    0.4106273029E+02    0.7437426441E+02
          67    0.8016861310E+02    0.6669647064E+02
          68    0.5209766948E+02   -0.6879758484E+02
          69    0.3449508021E+02   -0.5851944960E+02
          70    0.5146267120E+02    0.6736808348E+02
          71    0.3151575013E+02    0.1780600015E+03
          72    0.3165938484E+02   -0.1693281831E+03
          73    0.5603643288E+02   -0.7101882885E+02
          74    0.3413692668E+02   -0.1436791130E+03
          75    0.5389447123E+02    0.6794467288E+02
          76    0.3799694713E+02   -0.7675257974E+02
          77    0.7997292980E+02    0.6604322715E+02
          78    0.5275422927E+02    0.6719360524E+02
          79    0.3717381346E+02   -0.1010805043E+03
          80    0.3167699671E+02   -0.1121437508E+03
          81    0.3364139401E+02    0.1460900546E+03
          82    0.3585507841E+02    0.1726032171E+03
          83    0.3982558882E+02    0.1011200118E+03
          84    0.3982653891E+02    0.1011154130E+03
          85    0.3982748908E+02    0.1011108116E+03
          86    0.5783202656E+02   -0.8367220376E+02
          87    0.3728063501E+02   -0.7702576499E+02
          88    0.2981425484E+02   -0.9822391438E+02
          89    0.3230066715E+02   -0.4840195391E+02
          90    0.4469290172E+02    0.8454376157E+02
          91    0.3267773398E+02   -0.7089017976E+02
          92    0.3954915861E+02    0.4319276162E+03
          93    0.3955051124E+02   -0.4319211579E+03
          94    0.2185623606E+02    0.1746187159E+04
          95    0.5007590719E+02    0.7092051604E+02
          96    0.2592981165E+02    0.8306140496E+03
          97    0.2732021558E+02   -0.1248461622E+03
          98    0.3669111126E+02   -0.6777481109E+02
          99    0.4091884388E+02   -0.1588812917E+03
         100    0.3245564428E+02   -0.1017495664E+03
