        Rank        RMSE       MaxAE  Feature_ID
           1   11.035038   27.514059  (       1)
           2   11.195638   26.735279  (       2)
           3   11.196472   30.290469  (       3)
           4   11.211071   26.352657  (       4)
           5   11.214502   27.911595  (       5)
           6   11.220458   26.899187  (       6)
           7   11.238787   30.463171  (       7)
           8   11.269980   27.774986  (       8)
           9   11.280196   36.962011  (       9)
          10   11.304317   26.803161  (      10)
          11   11.313026   25.970278  (      11)
          12   11.321036   27.072623  (      12)
          13   11.360538   26.454088  (      13)
          14   11.405813   36.568111  (      14)
          15   11.411191   26.706430  (      15)
          16   11.462966   25.678900  (      16)
          17   11.470569   26.866784  (      17)
          18   11.473817   26.128088  (      18)
          19   11.490996   27.632855  (      19)
          20   11.492297   27.637405  (      20)
          21   11.493991   36.015672  (      21)
          22   11.505192   37.046124  (      22)
          23   11.510804   36.066077  (      23)
          24   11.512673   27.622287  (      24)
          25   11.513592   27.128310  (      25)
          26   11.524180   35.808489  (      26)
          27   11.524652   35.811935  (      27)
          28   11.525439   35.814788  (      28)
          29   11.543948   27.261397  (      29)
          30   11.551764   34.645935  (      30)
          31   11.552313   25.243211  (      31)
          32   11.566209   24.915285  (      32)
          33   11.566355   26.509109  (      33)
          34   11.578819   31.047293  (      34)
          35   11.579974   34.799590  (      35)
          36   11.587084   32.812849  (      36)
          37   11.591960   41.221494  (      37)
          38   11.593488   31.757846  (      38)
          39   11.596191   32.909738  (      39)
          40   11.597609   26.335135  (      40)
          41   11.609042   29.693417  (      41)
          42   11.609530   32.489926  (      42)
          43   11.610821   30.345543  (      43)
          44   11.611899   30.240791  (      44)
          45   11.625000   26.095332  (      45)
          46   11.625519   40.951865  (      46)
          47   11.636326   35.444838  (      47)
          48   11.636749   35.448265  (      48)
          49   11.637479   35.451112  (      49)
          50   11.637505   27.233617  (      50)
          51   11.638241   34.054536  (      51)
          52   11.639701   29.932080  (      52)
          53   11.640389   28.205773  (      53)
          54   11.643916   34.891475  (      54)
          55   11.645755   29.358460  (      55)
          56   11.650343   27.434251  (      56)
          57   11.658399   39.206847  (      57)
          58   11.661670   34.353193  (      58)
          59   11.664159   30.055539  (      59)
          60   11.664614   27.443424  (      60)
          61   11.665858   34.261493  (      61)
          62   11.666556   31.282119  (      62)
          63   11.668135   28.310195  (      63)
          64   11.668871   30.049476  (      64)
          65   11.671556   32.029884  (      65)
          66   11.672140   33.389801  (      66)
          67   11.675345   35.201268  (      67)
          68   11.675610   25.962670  (      68)
          69   11.675832   25.150633  (      69)
          70   11.676617   30.052766  (      70)
          71   11.677595   35.003725  (      71)
          72   11.687507   31.383559  (      72)
          73   11.692078   34.442166  (      73)
          74   11.694411   32.152118  (      74)
          75   11.697591   37.452384  (      75)
          76   11.701271   29.645511  (      76)
          77   11.702963   33.718727  (      77)
          78   11.703658   34.065191  (      78)
          79   11.705107   28.695308  (      79)
          80   11.706061   28.137270  (      80)
          81   11.707211   30.785506  (      81)
          82   11.707654   31.283574  (      82)
          83   11.708428   32.562367  (      83)
          84   11.708809   27.516339  (      84)
          85   11.710279   32.097169  (      85)
          86   11.714152   33.613800  (      86)
          87   11.714975   33.616066  (      87)
          88   11.715586   28.679831  (      88)
          89   11.716179   33.617652  (      89)
          90   11.717487   32.105304  (      90)
          91   11.718944   29.679917  (      91)
          92   11.719013   33.298464  (      92)
          93   11.719164   33.780976  (      93)
          94   11.722408   34.880959  (      94)
          95   11.722837   35.208348  (      95)
          96   11.727573   39.023404  (      96)
          97   11.727753   31.564893  (      97)
          98   11.727940   39.358890  (      98)
          99   11.728246   34.128829  (      99)
         100   11.730089   29.935291  (     100)
