      rank       #data_overlap        size_overlap          feature_ID
         1                  17             0.08529   (     109     872)
         2                  17             0.08563   (     109     330)
         3                  17             0.08563   (     184     330)
         4                  17             0.08772   (     109     873)
         5                  17             0.08856   (     109     892)
         6                  17             0.09556   (     186     496)
         7                  17             0.09556   (     186     505)
         8                  18             0.07014   (     311     496)
         9                  18             0.07173   (     109     857)
        10                  18             0.07757   (     310     496)
        11                  18             0.07921   (     109     496)
        12                  18             0.07973   (     308     328)
        13                  18             0.08169   (     109     876)
        14                  18             0.08512   (     108     892)
        15                  18             0.08524   (     184     872)
        16                  18             0.08529   (     109     880)
        17                  18             0.08529   (     109     889)
        18                  18             0.08529   (     109     883)
        19                  18             0.08529   (      17     109)
        20                  18             0.08563   (     306     330)
        21                  18             0.08563   (     108     330)
        22                  18             0.08563   (      12     330)
        23                  18             0.08563   (     307     330)
        24                  18             0.08600   (     108     500)
        25                  18             0.08754   (     109     494)
        26                  18             0.08754   (     109     497)
        27                  18             0.08754   (     109     499)
        28                  18             0.08772   (      18     109)
        29                  18             0.08772   (      40     109)
        30                  18             0.08772   (     109     869)
        31                  18             0.08772   (     109     870)
        32                  18             0.08772   (     109     881)
        33                  18             0.08772   (     109     884)
        34                  18             0.08772   (     109     887)
        35                  18             0.08782   (     184     500)
        36                  18             0.08842   (     108     499)
        37                  18             0.08855   (     184     497)
        38                  18             0.08855   (     184     494)
        39                  18             0.08904   (     109     505)
        40                  18             0.09062   (     328     475)
        41                  18             0.09132   (     109     891)
        42                  18             0.09134   (     109     893)
        43                  18             0.09146   (     186     330)
        44                  18             0.09146   (     312     330)
        45                  18             0.09157   (     310     505)
        46                  18             0.09200   (     311     505)
        47                  18             0.09256   (     109     335)
        48                  18             0.09314   (     108     335)
        49                  18             0.09537   (     185     505)
        50                  18             0.09551   (     312     496)
        51                  18             0.09556   (     186     502)
        52                  18             0.09556   (     186     504)
        53                  18             0.09556   (      10     186)
        54                  19             0.07348   (     476     496)
        55                  19             0.07736   (     308     500)
        56                  19             0.07753   (     475     496)
        57                  19             0.07817   (     310     873)
        58                  19             0.07877   (     475     494)
        59                  19             0.07966   (     108     328)
        60                  19             0.07967   (     108     487)
        61                  19             0.08032   (     309     328)
        62                  19             0.08495   (     310     502)
        63                  19             0.08512   (     108     889)
        64                  19             0.08512   (     108     883)
        65                  19             0.08512   (     108     872)
        66                  19             0.08512   (     108     880)
        67                  19             0.08527   (     307     892)
        68                  19             0.08535   (     311     502)
        69                  19             0.08536   (     306     872)
        70                  19             0.08615   (     307     500)
        71                  19             0.08624   (     306     500)
        72                  19             0.08705   (     108     891)
        73                  19             0.08709   (     310     504)
        74                  19             0.08727   (     308     505)
        75                  19             0.08754   (     108     881)
        76                  19             0.08754   (     108     887)
        77                  19             0.08754   (     108     873)
        78                  19             0.08754   (     108     884)
        79                  19             0.08754   (     109     493)
        80                  19             0.08754   (     109     498)
        81                  19             0.08770   (     307     873)
        82                  19             0.08772   (      39     109)
        83                  19             0.08779   (     306     873)
        84                  19             0.08842   (     108     868)
        85                  19             0.08842   (     108     494)
        86                  19             0.08842   (     108     498)
        87                  19             0.08842   (     108     493)
        88                  19             0.08842   (     108     495)
        89                  19             0.08855   (       9     184)
        90                  19             0.08858   (     307     499)
        91                  19             0.08867   (     306     499)
        92                  19             0.08867   (     306     497)
        93                  19             0.08867   (     306     494)
        94                  19             0.08879   (      56     328)
        95                  19             0.09003   (     306     335)
        96                  19             0.09554   (     478     496)
        97                  19             0.09554   (     478     505)
        98                  19             0.09564   (     477     505)
        99                  19             0.14979   (     864     895)
       100                  19             0.18725   (     542     567)
