        Rank        RMSE       MaxAE  Feature_ID
           1   41.405680  122.919797  (       1)
           2   41.559072  118.919919  (       2)
           3   41.597577  128.127140  (       3)
           4   41.599782  111.330949  (       4)
           5   41.671654  125.895975  (       5)
           6   41.752190  113.662748  (       6)
           7   41.989566   94.289340  (       7)
           8   42.283440  121.416986  (       8)
           9   42.367139   99.966166  (       9)
          10   42.577287  123.408702  (      10)
          11   42.654074  109.861318  (      11)
          12   42.838322   95.307173  (      12)
          13   42.855580  103.225264  (      13)
          14   42.905316  100.253447  (      14)
          15   42.909481  104.288683  (      15)
          16   43.032192  100.396601  (      16)
          17   43.160524   96.151832  (      17)
          18   43.202261  106.716313  (      18)
          19   43.209355   96.189412  (      19)
          20   43.289982  100.834763  (      20)
          21   43.316410  126.667585  (      21)
          22   43.319464  106.941514  (      22)
          23   43.336038   87.887507  (      23)
          24   43.377853  121.557032  (      24)
          25   43.384643   87.781823  (      25)
          26   43.460396  125.315249  (      26)
          27   43.516471   95.695303  (      27)
          28   43.538585  121.872841  (      28)
          29   43.539335  102.529699  (      29)
          30   43.631119   96.880988  (      30)
          31   43.643103  109.269565  (      31)
          32   43.652938  126.481866  (      32)
          33   43.655857  102.568969  (      33)
          34   43.660092  114.694921  (      34)
          35   43.693574   99.462600  (      35)
          36   43.704535  103.166558  (      36)
          37   43.721300  117.750968  (      37)
          38   43.725725   94.867054  (      38)
          39   43.735867  118.396901  (      39)
          40   43.746295  110.760436  (      40)
          41   43.829818   96.547113  (      41)
          42   43.834519   96.757854  (      42)
          43   43.923988  119.116581  (      43)
          44   43.927890  111.673374  (      44)
          45   43.936293  119.864895  (      45)
          46   43.953186   97.990942  (      46)
          47   43.958576  110.449942  (      47)
          48   43.979851  138.011269  (      48)
          49   43.980357   99.874800  (      49)
          50   44.027683   99.085416  (      50)
          51   44.043098  104.281497  (      51)
          52   44.063100   92.802348  (      52)
          53   44.064059  103.897399  (      53)
          54   44.098758   98.032047  (      54)
          55   44.116296   90.042740  (      55)
          56   44.159490  108.627150  (      56)
          57   44.177451  111.415679  (      57)
          58   44.202399  100.350307  (      58)
          59   44.202681  132.592662  (      59)
          60   44.220240  115.856401  (      60)
          61   44.220445  118.204122  (      61)
          62   44.271356  102.682489  (      62)
          63   44.289300   97.282435  (      63)
          64   44.361641  102.882702  (      64)
          65   44.368609   88.221516  (      65)
          66   44.384718  113.361878  (      66)
          67   44.391108   87.204712  (      67)
          68   44.394561  113.593795  (      68)
          69   44.427773   99.223851  (      69)
          70   44.430648  117.548898  (      70)
          71   44.442166  108.032172  (      71)
          72   44.444509  114.454506  (      72)
          73   44.455241   92.136084  (      73)
          74   44.506434   98.330456  (      74)
          75   44.509525  134.921040  (      75)
          76   44.535446   97.607044  (      76)
          77   44.580863  111.264858  (      77)
          78   44.588473   98.716713  (      78)
          79   44.596906   95.046346  (      79)
          80   44.605185   97.146663  (      80)
          81   44.616927  108.081556  (      81)
          82   44.621063  103.891772  (      82)
          83   44.630261  126.843657  (      83)
          84   44.630675  102.154537  (      84)
          85   44.637212   96.449717  (      85)
          86   44.640855  100.782020  (      86)
          87   44.642399  108.457253  (      87)
          88   44.648214  120.473454  (      88)
          89   44.662714  100.549816  (      89)
          90   44.667097  113.232095  (      90)
          91   44.667577   97.435563  (      91)
          92   44.676536  116.079477  (      92)
          93   44.687666  108.697245  (      93)
          94   44.700415  126.963251  (      94)
          95   44.703419  100.218273  (      95)
          96   44.707232   97.527821  (      96)
          97   44.715972   90.373742  (      97)
          98   44.717163  101.460854  (      98)
          99   44.720346  106.582510  (      99)
         100   44.722633  108.910842  (     100)
