     Index              y_true              y_pred        descriptor_1        descriptor_2
         1    0.3200000000E+01    0.2412171979E+01    0.1000000000E+01    0.0000000000E+00
         2    0.1850000000E+02    0.1245969150E+02    0.6446000000E+00    0.0000000000E+00
         3    0.8872000000E+02    0.8195786722E+02   -0.1813683520E+01    0.0000000000E+00
         4    0.2045000000E+02    0.1594546325E+02    0.5213015800E+00    0.0000000000E+00
         5    0.2078000000E+02    0.3204968465E+02   -0.4833556000E-01    0.0000000000E+00
         6    0.5301000000E+02    0.5047459751E+02   -0.7000600000E+00    0.0000000000E+00
         7    0.2817000000E+02    0.3530656888E+02   -0.5076952000E-01   -0.3690843208E-02
         8    0.6524000000E+02    0.5723629177E+02   -0.7206298800E+00   -0.7154794414E-02
         9    0.4537000000E+02    0.4673214697E+02   -0.5676823600E+00    0.0000000000E+00
        10    0.1845000000E+02    0.1833049444E+02    0.3468079600E+00    0.2949921530E-02
        11    0.3615000000E+02    0.4486390941E+02   -0.5354711200E+00    0.1108608549E-02
        12    0.1790000000E+02    0.2815185513E+02   -0.1508751900E+00    0.7868595250E-02
        13    0.1464000000E+02    0.3056734865E+02   -0.3711878000E+00    0.1228288068E-01
        14    0.2796000000E+02    0.2438064134E+02    0.6197299000E-01    0.5268138228E-02
        15    0.3187000000E+02    0.2683084313E+02    0.2477671000E-01    0.3648945419E-02
        16    0.3120000000E+02    0.2476380363E+02    0.3400136000E-01    0.5740046011E-02
        17    0.2551000000E+02    0.2553604522E+02    0.1906125000E-01    0.5335000990E-02
        18    0.1790000000E+02    0.2306970923E+02    0.1289625600E+00    0.4593276921E-02
        19    0.3007000000E+02    0.2399735822E+02   -0.6368460000E-02    0.7948644245E-02
        20    0.2681000000E+02    0.2787461300E+02    0.5257939000E-01    0.1530603318E-02
        21    0.5646000000E+02    0.7196487854E+02   -0.1460212380E+01    0.0000000000E+00
        22    0.6900000000E+02    0.6780932765E+02   -0.1313222590E+01    0.0000000000E+00
        23    0.7520000000E+02    0.7854467226E+02   -0.1692952280E+01    0.0000000000E+00
        24    0.8285000000E+02    0.8297620798E+02   -0.1426700970E+01   -0.1384466152E-01
        25    0.6942000000E+02    0.7724203157E+02   -0.2232079360E+01    0.1915340291E-01
        26    0.7737000000E+02    0.7367897108E+02   -0.2225433960E+01    0.2306086925E-01
        27    0.6383000000E+02    0.5552937162E+02   -0.1009373120E+01    0.4271719328E-02
        28    0.4307000000E+02    0.4003977047E+02   -0.1880644500E+01    0.5072031159E-01
        29    0.2720000000E+02    0.2791943823E+02   -0.3943200000E-01    0.4490190989E-02
        30    0.6276000000E+02    0.5602871188E+02   -0.1051970920E+01    0.5087833965E-02
        31    0.5060000000E+01    0.5488663154E+01   -0.1173936000E-01    0.2955200676E-01
        32    0.2680000000E+02    0.3096842369E+02   -0.1008929000E-01    0.0000000000E+00
        33    0.9080000000E+02    0.8973839944E+02   -0.1295985600E+01   -0.2595151424E-01
        34    0.6660000000E+02    0.5466709435E+02   -0.1051952480E+01    0.6663579440E-02
        35    0.5100000000E+02    0.4200132279E+02   -0.4067731200E+00    0.2104198422E-03
        36    0.6511000000E+02    0.6689161015E+02   -0.9174838400E+00   -0.1188986623E-01
