      rank       #data_overlap        size_overlap          feature_ID
         1                  39             0.33390   (       1)
         2                  40             0.33390   (       2)
         3                  40             0.90080   (       3)
         4                  41             0.33390   (       4)
         5                  41             0.33390   (       5)
         6                  41             0.39083   (       6)
         7                  41             0.50486   (       7)
         8                  41             0.50486   (       8)
         9                  41             0.50486   (       9)
        10                  41             0.50486   (      10)
        11                  41             0.54458   (      11)
        12                  41             0.56590   (      12)
        13                  41             0.56590   (      13)
        14                  41             0.90221   (      14)
        15                  42             0.30055   (      15)
        16                  42             0.33390   (      16)
        17                  42             0.33390   (      17)
        18                  42             0.33390   (      18)
        19                  42             0.34054   (      19)
        20                  42             0.35755   (      20)
        21                  42             0.47477   (      21)
        22                  42             0.50470   (      22)
        23                  42             0.50486   (      23)
        24                  42             0.50486   (      24)
        25                  42             0.56590   (      25)
        26                  42             0.57111   (      26)
        27                  42             0.66185   (      27)
        28                  42             0.90221   (      28)
        29                  42             0.90221   (      29)
        30                  43             0.29328   (      30)
        31                  43             0.41857   (      31)
        32                  43             0.56116   (      32)
        33                  43             0.56590   (      33)
        34                  43             0.56590   (      34)
        35                  43             0.56590   (      35)
        36                  43             0.56590   (      36)
        37                  43             0.56590   (      37)
        38                  43             0.56590   (      38)
        39                  43             0.56590   (      39)
        40                  43             0.56590   (      40)
        41                  43             0.56590   (      41)
        42                  43             0.56590   (      42)
        43                  43             0.56590   (      43)
        44                  43             0.56590   (      44)
        45                  43             0.59910   (      45)
        46                  43             0.62754   (      46)
        47                  43             0.63473   (      47)
        48                  43             0.90221   (      48)
        49                  43             0.90221   (      49)
        50                  43             0.90221   (      50)
        51                  43             0.90221   (      51)
        52                  43             0.90221   (      52)
        53                  43             0.90221   (      53)
        54                  44             0.30884   (      58)
        55                  44             0.33290   (      59)
        56                  44             0.34054   (      60)
        57                  44             0.34711   (      61)
        58                  44             0.35755   (      62)
        59                  44             0.53669   (      63)
        60                  44             0.56590   (      64)
        61                  44             0.56590   (      65)
        62                  44             0.56593   (      66)
        63                  44             0.58153   (      67)
        64                  44             0.66060   (      68)
        65                  44             0.73974   (      69)
        66                  44             0.82860   (      70)
        67                  44             0.87211   (      71)
        68                  44             0.90221   (      72)
        69                  44             0.90221   (      73)
        70                  44             1.00000   (      87)
        71                  44             1.00000   (      88)
        72                  45             0.30055   (      89)
        73                  45             0.30772   (      90)
        74                  45             0.30892   (      91)
        75                  45             0.34054   (      92)
        76                  45             0.34054   (      93)
        77                  45             0.35755   (      94)
        78                  45             0.35755   (      95)
        79                  45             0.58103   (      96)
        80                  45             0.58103   (      97)
        81                  45             0.58103   (      98)
        82                  45             0.61758   (      99)
        83                  45             0.64517   (     100)
        84                  45             0.66133   (     101)
        85                  45             0.72611   (     102)
        86                  45             0.73974   (     103)
        87                  45             0.73974   (     104)
        88                  45             0.73974   (     105)
        89                  45             0.79986   (     106)
        90                  45             0.83491   (     107)
        91                  45             0.85212   (     108)
        92                  45             0.90221   (     109)
        93                  45             0.90221   (     110)
        94                  45             0.90221   (     111)
        95                  45             0.90221   (     112)
        96                  45             0.90221   (     113)
        97                  45             0.90221   (     114)
        98                  45             0.90221   (     115)
        99                  45             0.90646   (     116)
       100                  45             0.93021   (     117)
