Materials	feature1	feature2	feature3	feature4	feature5	feature6	feature7	feature8	feature9	feature10	feature11	feature12	feature13	feature14	feature15	feature16	feature17	feature18	feature19	feature20	feature21	feature22	feature23	feature24
sample1_group1	0.0000	0.0000	0.0000	0.0000	0.0000	0.0000	0.0000	0.0000	0.0000	0.0000	0.0000	0.0000	0.0000	0.0000	0.0000	0.0000	0.0000	0.0000	0.0000	0.0000	1.0000	1.0000	0.9780	1.0000
sample2_group1	0.0000	0.0000	0.0000	0.0000	0.0000	0.0000	0.0000	0.0000	0.0000	0.0000	0.0000	0.0000	0.0000	0.0000	0.2442	0.0000	0.0000	0.1777	0.0000	0.5116	0.9425	0.5608	0.9402	1.0000
sample3_group1	0.0000	0.0000	0.0000	0.0000	0.0000	0.0000	0.0000	0.0000	0.0000	0.0000	0.0000	0.0000	0.0000	0.0000	0.7907	0.0000	0.7326	0.3805	0.0000	0.6942	0.1967	0.3635	0.3873	0.4762
sample4_group1	0.0000	0.0000	0.0000	1.0000	0.0000	0.0000	0.0000	0.0000	0.0000	0.0000	0.0000	0.0000	0.0000	0.0000	0.1221	0.0144	0.4535	0.2280	0.0000	0.0987	0.9682	0.9178	0.9816	0.9998
sample5_group1	0.0000	0.0000	0.0000	0.0000	1.0000	0.0000	0.0000	0.0000	0.0000	0.0000	0.0000	0.0000	0.0000	0.0000	0.3953	0.0133	0.3605	0.4366	0.0000	0.4617	0.9480	0.8039	1.0000	0.9998
sample6_group1	0.0000	0.0000	0.0000	0.0000	0.0000	1.0000	0.0000	0.0000	0.0000	0.0000	0.0000	0.0000	0.0000	0.0000	0.4942	0.0047	0.3372	1.0000	0.0000	0.6677	0.9036	0.6514	0.9521	0.9999
sample7_group1	0.0000	0.0000	0.0000	0.0000	0.0000	0.0000	0.0000	0.0000	0.0000	0.0000	0.0000	0.0000	0.0000	0.0000	0.1919	0.3148	0.7326	0.0949	0.3807	0.1832	0.7253	0.7336	0.7774	0.0944
sample8_group1	0.0000	0.0000	0.0000	0.0000	0.0000	0.0000	0.0000	0.0000	0.0000	0.0000	0.0000	0.0000	0.0000	0.0000	0.4128	1.0000	0.0000	0.2217	0.1777	0.6367	0.9098	0.3253	0.9288	0.5620
sample9_group1	0.0000	0.0000	0.0000	0.0000	0.0000	0.0000	0.0000	0.0000	0.0000	0.0000	0.0000	0.0000	0.0000	0.0000	0.5291	0.2949	0.7326	0.2787	0.2335	0.6120	0.2725	0.2768	0.4291	0.3796
sample10_group1	0.0000	0.0000	0.0000	0.0000	0.0000	0.0000	0.0000	0.0000	0.0000	0.0000	0.0000	0.0000	0.0000	0.0000	0.6628	0.9731	0.7326	0.3294	0.2030	0.6511	0.1622	0.5501	0.4739	0.2762
sample11_group1	0.0000	0.0000	0.0000	0.0000	0.0000	0.0000	0.0000	0.0000	0.0000	0.0000	0.0000	0.0000	0.0000	0.0000	0.3895	0.3427	0.7326	0.2724	0.3807	0.5729	0.1051	0.8326	0.1384	0.4244
sample12_group1	0.0000	0.0000	0.0000	0.0000	0.0000	0.0000	0.0000	0.0000	0.0000	0.0000	0.0000	0.0000	0.0000	0.0000	0.5523	0.2753	1.0000	0.2724	0.2208	0.6783	0.5524	0.3850	0.7075	0.3801
sample13_group1	0.0000	0.0000	0.3333	0.0000	0.0000	0.0000	0.0000	0.0000	0.0000	0.0000	0.0000	0.0000	0.0000	0.0000	0.3663	0.3360	0.6395	0.2762	0.3934	0.5428	0.7416	0.5008	0.8666	0.4564
sample14_group1	0.0000	0.0000	0.6667	0.0000	0.0000	0.0000	0.0000	0.0000	0.0000	0.0000	0.0000	0.0000	0.0000	0.0000	0.5000	0.3146	0.6395	0.3738	0.4543	0.5734	0.7365	0.4973	0.8485	0.5356
sample15_group1	0.0000	0.0000	1.0000	0.0000	0.0000	0.0000	0.0000	0.0000	0.0000	0.0000	0.0000	0.0000	0.0000	0.0000	0.6105	0.2602	0.6395	0.4727	0.3934	0.6143	0.7952	0.4939	0.8614	0.5005
sample16_group1	0.0000	0.0000	0.0000	0.0000	0.2500	0.0000	0.0000	0.0000	0.0000	0.0000	0.0000	0.0000	0.0000	0.0000	0.3023	0.2373	0.3605	0.2420	0.2589	0.4908	0.8432	0.6468	0.8832	0.6486
sample17_group1	0.0000	0.0000	0.0000	0.0000	0.0000	0.0000	0.0000	0.2500	0.0000	0.0000	0.0000	0.0000	0.0000	0.0000	0.4419	0.4777	0.3605	0.2863	0.4365	0.6033	0.8098	0.4610	0.8739	0.3630
sample18_group1	0.0000	0.0000	0.0000	0.0000	0.0000	0.0000	0.0000	0.5000	0.0000	0.0000	0.0000	0.0000	0.0000	0.0000	0.6279	0.5013	0.3605	0.3966	0.5051	0.7296	0.8193	0.4759	0.8730	0.2019
sample19_group1	0.0000	0.0000	0.0000	0.0000	0.0000	0.0000	0.0000	0.0000	0.0000	0.0000	0.0000	0.0000	0.0000	0.0000	0.8081	0.0184	0.7326	0.3738	0.0254	0.7722	0.1619	0.0688	0.3637	0.4913
sample20_group1	1.0000	0.0000	0.0000	0.0000	0.0000	0.0000	0.0000	0.0000	0.0000	0.0000	0.0000	0.0000	0.0000	0.0000	0.7965	0.1480	0.7326	0.4372	0.2284	0.7170	0.1220	0.3116	0.3266	0.4803
sample21_group1	0.0000	1.0000	0.0000	0.0000	0.0000	0.0000	0.0000	0.0000	0.0000	0.0000	0.0000	0.0000	0.0000	0.0000	0.7965	0.2540	0.7326	0.4892	0.4365	0.8188	0.0463	0.4129	0.3654	0.5573
sample22_group1	0.0000	0.0000	0.0000	0.0000	0.0000	0.0000	0.0000	0.0000	0.0000	0.0000	0.0000	0.0000	0.0000	0.0000	0.7965	0.2515	0.7326	0.4245	0.1777	0.7146	0.0000	0.3249	0.4333	0.7536
sample23_group1	0.0000	0.0000	0.0000	0.0000	0.0000	0.0000	0.0000	0.0000	0.0000	0.0000	0.0000	0.0000	0.0000	0.0000	0.8023	0.0089	1.0000	0.3776	0.0127	0.7378	0.1419	0.3788	0.4151	0.2326
sample24_group1	0.0000	0.0000	0.0000	0.0000	0.0000	0.0000	0.0000	0.0000	0.0000	0.0000	0.0000	0.0000	0.0000	0.0000	0.8198	0.0060	1.0000	0.3738	0.0152	0.7620	0.3782	0.0000	0.5868	0.3840
sample25_group1	0.0000	0.0000	0.3333	0.0000	0.0000	0.0000	0.0000	0.0000	0.0000	0.0000	0.0000	0.0000	0.0000	0.0000	0.7791	0.2070	0.7326	0.4283	0.1904	0.6769	0.5504	0.4083	0.6175	0.5640
sample26_group1	0.0000	0.0000	1.0000	0.0000	0.0000	0.0000	0.0000	0.0000	0.0000	0.0000	0.0000	0.0000	0.0000	0.0000	0.7267	0.1367	0.7326	0.5234	0.1904	0.6617	0.8906	0.5887	0.9326	0.6671
sample27_group1	0.0000	0.0000	0.0000	0.0000	0.0000	0.0000	1.0000	0.0000	0.0000	0.0000	0.0000	0.0000	0.0000	0.0000	0.7674	0.0232	0.7326	0.3928	0.0279	0.6440	0.3458	0.2324	0.6537	0.7343
sample28_group1	0.0000	0.0000	0.0000	0.0000	0.0000	0.2500	0.0000	0.0000	0.0000	0.0000	0.0000	0.0000	0.0000	0.0000	0.3198	0.5270	0.3372	0.3840	0.8223	0.5440	0.8761	0.6021	0.9108	0.4304
sample29_group1	0.0000	0.0000	0.6667	0.0000	0.0000	0.0000	0.0000	0.0000	0.0000	0.0000	0.0000	0.0000	0.0000	0.0000	0.7558	0.0965	0.7326	0.4752	0.2208	0.6697	0.7992	0.4457	0.8560	0.6862
sample30_group1	0.0000	0.0000	0.0000	0.0000	0.0000	0.0000	0.0000	0.0000	0.0000	0.0000	0.0000	0.0000	0.0000	0.0000	0.4012	0.3664	0.7326	0.2280	0.4112	0.4453	0.4288	0.8701	0.1630	0.0000
sample31_group1	0.0000	0.0000	0.0000	0.0000	0.0000	0.0000	0.0000	0.0000	0.0000	1.0000	0.0000	0.0000	0.0000	0.0000	0.3023	0.2563	0.4070	0.2787	0.2386	0.6584	0.8460	0.3597	0.8472	0.4304
sample32_group1	0.0000	0.0000	0.0000	0.0000	0.0000	0.0000	0.0000	0.0000	0.0000	0.0000	0.0000	0.0000	1.0000	0.0000	0.5814	0.2778	0.0000	0.3561	0.5025	0.9758	0.8623	0.0096	0.9110	0.4783
sample33_group1	0.0000	0.0000	0.0000	0.0000	0.0000	0.0000	0.0000	0.0000	0.0000	0.0000	0.0000	0.0000	0.0000	0.0000	0.6570	0.2593	0.7326	0.3738	0.3122	0.6530	0.1494	0.1101	0.0000	0.7114
sample34_group1	0.0000	0.0000	0.0000	0.0000	0.0000	0.0000	0.0000	0.0000	0.0000	0.0000	0.0000	0.0000	0.0000	0.0000	0.5058	0.2815	1.0000	0.2825	0.2284	0.5711	0.3112	0.1288	0.1506	0.3572
sample35_group1	0.0000	0.0000	0.0000	0.0000	0.0000	0.0000	0.0000	0.0000	0.0000	0.0000	0.0000	0.0000	0.0000	0.0000	0.3953	0.2303	1.0000	0.2280	0.1878	0.5523	0.6464	0.3112	0.7233	0.5488
sample36_group1	0.0000	0.0000	0.3333	0.0000	0.2500	0.0000	0.0000	0.0000	0.0000	0.0000	0.0000	0.0000	0.0000	0.0000	0.4128	0.2993	0.6395	0.3409	0.3909	0.5292	0.7035	0.4950	0.8543	0.5732
sample1_group2	0.0000	0.0000	0.0000	0.0000	0.0000	0.0000	0.0000	0.0000	0.0000	0.0000	0.0000	0.0000	0.0000	0.0000	0.8779	0.0053	0.0000	0.3556	0.0000	1.0000	0.8642	0.0268	0.9119	0.2412
sample2_group2	0.0000	0.0000	0.0000	0.0000	0.0000	0.0000	0.0000	1.0000	0.0000	0.0000	0.0000	0.0000	0.0000	0.0000	1.0000	0.0107	0.3605	0.6144	0.0000	0.9477	0.8467	0.5345	0.8652	0.7074
sample3_group2	0.0000	0.0000	0.0000	0.0000	0.0000	0.0000	0.0000	0.0000	0.0000	0.0000	0.0000	0.0000	0.0000	0.0000	0.0930	0.3091	0.0000	0.0886	0.2056	0.2694	0.9476	0.6119	0.9485	0.1139
sample4_group2	0.0000	0.0000	0.0000	0.0000	0.0000	0.0000	0.0000	0.0000	0.0000	0.0000	0.0000	0.0000	0.0000	0.0000	0.1919	0.1972	0.0000	0.1330	0.1777	0.3960	0.9453	0.5986	0.9418	0.1338
sample5_group2	0.0000	0.0000	0.0000	0.0000	0.0000	0.0000	0.0000	0.0000	0.0000	0.0000	0.0000	0.0000	0.0000	0.0000	0.1570	0.6928	0.0000	0.0886	0.3553	0.2694	0.9476	0.6119	0.9485	0.1139
sample6_group2	0.0000	0.0000	0.0000	0.0000	0.0000	0.0000	0.0000	0.0000	0.0000	0.0000	0.0000	0.0000	0.0000	0.0000	0.3953	0.1705	0.0000	0.1773	0.4112	0.5189	0.8819	0.1071	0.9167	0.0290
sample7_group2	0.0000	0.0000	0.0000	0.0000	0.0000	0.0000	0.0000	0.0000	0.0000	0.0000	0.0000	0.0000	0.0000	0.0000	0.3663	0.5382	0.7326	0.1900	0.4396	0.3564	0.3470	0.4317	0.4110	0.0825
sample8_group2	0.0000	0.0000	0.0000	0.0000	0.0000	0.0000	0.0000	0.0000	0.0000	0.0000	1.0000	0.0000	0.0000	0.0000	0.3953	0.3570	0.7326	0.2725	0.3815	0.6750	0.7037	0.5022	0.7691	0.4225
sample9_group2	0.0000	0.0000	0.0000	0.0000	0.0000	0.0000	0.0000	0.7500	0.0000	0.0000	0.0000	0.0000	0.0000	0.0000	0.9012	0.1119	0.7326	0.6005	0.0571	0.8976	0.3929	0.7729	0.1142	0.2054
sample10_group2	0.0000	0.0000	0.0000	0.0000	0.0000	0.0000	0.0000	0.0000	0.5000	0.0000	0.0000	0.0000	0.0000	0.0000	0.4651	0.8153	0.3372	0.4283	1.0000	0.6767	0.8437	0.4040	0.8957	0.2339
sample11_group2	0.0000	0.0000	0.0000	0.0000	0.0000	0.0000	0.0000	0.0000	0.0000	0.0000	0.0000	0.0000	0.0000	0.0000	0.5698	0.2718	0.0000	0.2661	0.2056	0.7567	0.8890	0.2026	0.9216	0.4001
sample12_group2	0.0000	0.0000	0.0000	0.0000	0.0000	0.0000	0.0000	0.0000	0.0000	0.0000	0.0000	0.0000	0.0000	0.0000	0.7209	0.1599	0.0000	0.3117	0.1777	0.8814	0.8772	0.1087	0.9132	0.2945
sample13_group2	0.0000	0.0000	0.0000	0.0000	0.0000	0.0000	0.0000	0.0000	0.0000	0.0000	0.0000	0.0000	0.0000	0.0000	0.5174	0.2878	0.7326	0.3675	0.4391	0.6267	0.4671	0.2893	0.3314	0.5316
sample14_group2	0.0000	0.0000	0.0000	0.0000	0.0000	0.0000	0.0000	0.0000	0.0000	0.0000	0.0000	0.0000	0.0000	0.0000	0.3023	0.2345	1.0000	0.2255	0.4772	0.5900	0.8228	0.5668	0.8704	0.5709
sample15_group2	0.0000	0.0000	0.0000	0.0000	0.0000	0.0000	0.0000	0.0000	0.0000	0.0000	0.0000	1.0000	0.0000	0.0000	0.3895	0.3411	0.9651	0.2699	0.3680	0.6024	0.5269	0.8069	0.5271	0.4178
sample16_group2	0.0000	0.0000	0.0000	0.0000	0.0000	0.0000	0.0000	0.0000	1.0000	0.0000	0.0000	0.0000	0.0000	0.0000	0.9419	0.5276	0.7326	0.7794	0.9213	0.9068	0.5229	0.0718	0.6489	0.1277
sample17_group2	0.0000	0.0000	0.0000	0.0000	0.0000	0.0000	0.0000	0.0000	0.5000	0.0000	0.0000	0.0000	0.0000	0.0000	0.8721	0.5116	0.7326	0.5792	0.7995	0.8016	0.5854	0.3177	0.4888	0.2332
sample18_group2	0.0000	0.0000	0.0000	0.0000	0.0000	0.0000	0.0000	0.0000	0.0000	0.0000	0.0000	0.0000	0.0000	0.0000	0.2616	0.5755	0.7326	0.1839	0.5266	0.3257	0.4284	0.8745	0.1618	0.0067
sample19_group2	0.0000	0.0000	0.0000	0.0000	0.0000	0.0000	0.0000	0.0000	0.0000	0.0000	0.0000	0.0000	0.0000	0.0000	0.4419	0.3997	1.0000	0.2375	0.2198	0.4387	0.4496	0.3178	0.3073	0.3980
sample20_group2	0.0000	0.0000	0.0000	0.0000	0.0000	0.0000	0.0000	0.0000	0.0000	0.0000	0.0000	0.0000	0.0000	0.0000	0.5465	0.3464	0.7326	0.3172	0.2066	0.7048	0.4128	0.8043	0.1346	0.6127
sample21_group2	0.0000	0.0000	0.0000	0.0000	0.0000	0.0000	0.0000	0.0000	0.0000	0.0000	0.0000	0.0000	0.0000	0.0000	0.3256	0.4423	0.7326	0.2283	0.4708	0.4468	0.4224	0.8543	0.1496	0.1164
sample22_group2	0.0000	0.0000	0.0000	0.0000	0.0000	0.0000	0.0000	0.0000	0.0000	0.0000	0.0000	0.0000	0.0000	0.0000	0.3314	0.3144	1.0000	0.1809	0.3010	0.4760	0.8158	0.6009	0.8623	0.0830
sample23_group2	0.0000	0.0000	0.0000	0.0000	0.0000	0.0000	0.0000	0.0000	0.0000	0.0000	0.0000	1.0000	0.0000	0.0000	0.2849	0.4370	0.9651	0.2255	0.4594	0.4829	0.5794	0.8324	0.5301	0.3168
sample24_group2	0.0000	0.0000	0.0000	0.0000	0.0000	0.0000	0.0000	0.0000	0.0000	0.0000	0.0000	0.0000	0.0000	0.0000	0.6802	0.1492	0.7326	0.3231	0.0279	0.7239	0.4376	0.0807	0.4120	0.5270
sample25_group2	0.0000	0.0000	0.0000	0.0000	0.0000	0.0000	0.0000	0.0000	0.0000	0.0000	0.0000	0.0000	0.0000	0.0000	0.5523	0.2771	0.7326	0.2724	0.2208	0.6929	0.6840	0.1742	0.7308	0.3772
sample26_group2	0.0000	0.0000	0.0000	0.0000	0.0000	0.0000	0.0000	0.0000	0.0000	0.0000	0.0000	0.0000	0.0000	0.0000	0.3837	0.2291	1.0000	0.2315	0.1980	0.5149	0.5817	0.3403	0.4399	0.5603
sample27_group2	0.0000	0.0000	0.0000	0.0000	0.0000	0.0000	0.0000	0.0000	0.5000	0.0000	0.0000	0.0000	0.0000	0.0000	0.5988	0.7461	0.7326	0.4778	0.9518	0.7274	0.6161	0.3147	0.6647	0.1626
sample28_group2	0.0000	0.0000	0.0000	0.0000	0.0000	0.0000	0.0000	0.0000	0.0000	0.0000	0.0000	0.0000	0.0000	0.0000	0.5174	0.1705	1.0000	0.3269	0.1832	0.6889	0.3658	0.1032	0.1602	0.4041
sample29_group2	0.0000	0.0000	0.0000	0.0000	0.0000	0.0000	0.0000	0.0000	0.0000	0.0000	0.0000	0.0000	0.0000	0.0000	0.3140	0.3144	1.0000	0.1875	0.3122	0.3950	0.6138	0.3896	0.3153	0.0724
sample30_group2	0.0000	0.0000	0.0000	0.0000	0.0000	0.0000	0.0000	0.0000	0.0000	0.0000	0.0000	0.0000	0.0000	0.0000	0.3256	0.3144	1.0000	0.1837	0.3020	0.4326	0.7182	0.3537	0.7639	0.0827
