      rank       #data_overlap        size_overlap          feature_ID
         1                  39             0.46301   (       1)
         2                  39             1.00000   (       2)
         3                  41             1.00000   (       3)
         4                  42             0.26385   (       4)
         5                  42             0.37321   (       5)
         6                  42             0.37590   (       6)
         7                  42             0.63976   (       7)
         8                  42             0.71641   (       8)
         9                  42             1.00000   (       9)
        10                  43             0.33145   (      10)
        11                  43             0.35828   (      11)
        12                  43             0.35828   (      12)
        13                  43             0.42253   (      13)
        14                  43             0.44841   (      14)
        15                  43             0.48683   (      15)
        16                  43             0.48683   (      16)
        17                  43             0.56352   (      17)
        18                  43             0.61924   (      18)
        19                  43             0.65532   (      19)
        20                  43             0.67258   (      20)
        21                  43             0.67258   (      21)
        22                  43             0.67920   (      22)
        23                  43             0.71641   (      23)
        24                  43             1.00000   (      24)
        25                  43             1.00000   (      25)
        26                  43             1.00000   (      26)
        27                  43             1.00000   (      27)
        28                  43             1.00000   (      28)
        29                  43             1.00000   (      29)
        30                  43             1.00000   (      30)
        31                  44             0.35828   (      31)
        32                  44             0.35828   (      32)
        33                  44             0.35828   (      33)
        34                  44             0.35828   (      34)
        35                  44             0.35828   (      35)
        36                  44             0.35828   (      36)
        37                  44             0.35828   (      37)
        38                  44             0.35828   (      38)
        39                  44             0.44841   (      39)
        40                  44             0.44841   (      40)
        41                  44             0.44841   (      41)
        42                  44             0.44841   (      42)
        43                  44             0.44841   (      43)
        44                  44             0.44841   (      44)
        45                  44             0.48683   (      45)
        46                  44             0.49270   (      46)
        47                  44             0.53611   (      47)
        48                  44             0.57147   (      48)
        49                  44             0.67258   (      49)
        50                  44             0.67258   (      50)
        51                  44             0.67258   (      51)
        52                  44             0.67258   (      52)
        53                  44             0.67258   (      53)
        54                  44             0.67258   (      54)
        55                  44             0.67258   (      55)
        56                  44             0.67258   (      56)
        57                  44             0.67258   (      57)
        58                  44             0.67258   (      58)
        59                  44             0.67258   (      59)
        60                  44             0.67258   (      60)
        61                  44             0.67258   (      61)
        62                  44             0.67258   (      62)
        63                  44             0.67258   (      63)
        64                  44             0.67258   (      64)
        65                  44             0.67258   (      65)
        66                  44             0.68053   (      66)
        67                  44             0.68072   (      67)
        68                  44             0.68365   (      68)
        69                  44             0.69123   (      69)
        70                  44             0.89358   (      70)
        71                  44             0.95315   (      71)
        72                  44             0.96617   (      72)
        73                  44             0.96645   (      73)
        74                  44             0.96645   (      74)
        75                  44             0.96645   (      75)
        76                  44             0.96645   (      76)
        77                  44             0.96645   (      77)
        78                  44             0.96645   (      78)
        79                  44             1.00000   (      79)
        80                  44             1.00000   (      80)
        81                  44             1.00000   (      81)
        82                  44             1.00000   (      82)
        83                  44             1.00000   (      83)
        84                  44             1.00000   (      84)
        85                  44             1.00000   (      85)
        86                  44             1.00000   (      86)
        87                  44             1.00000   (      87)
        88                  44             1.00000   (      88)
        89                  44             1.00000   (      89)
        90                  44             1.00000   (      90)
        91                  44             1.00000   (      91)
        92                  44             1.00000   (      92)
        93                  44             1.00000   (      93)
        94                  44             1.00000   (      94)
        95                  44             1.00000   (      95)
        96                  44             1.00000   (      96)
        97                  44             1.00000   (      97)
        98                  44             1.00000   (      98)
        99                  44             1.00000   (      99)
       100                  44             1.00000   (     100)
