        Rank        RMSE       MaxAE  Feature_ID
           1   24.235888   52.409514  (      19   10388)
           2   26.051098   72.423259  (     458   10463)
           3   26.122971   55.150347  (      19   10938)
           4   26.411653   86.000988  (     719   10060)
           5   26.454686   67.886263  (     270   11361)
           6   26.492441   59.894927  (      19   11152)
           7   26.609336  103.897389  (       9   11580)
           8   26.646978   64.238009  (     785   10463)
           9   26.685319   64.486246  (    1683   11361)
          10   26.717657   57.200836  (     100   10463)
          11   26.758325   85.413897  (    3886   15200)
          12   26.812692   67.819809  (     270   10463)
          13   26.859751  103.091490  (       9   12506)
          14   26.891003   67.591216  (     284   12444)
          15   26.917829   76.690869  (     785   11760)
          16   26.932329   79.179495  (     270   14444)
          17   26.936728   58.484292  (       1   10001)
          18   26.949987   55.725798  (      19   10579)
          19   26.960744   59.121259  (       1   10002)
          20   26.976868   60.416088  (      19   13340)
          21   26.987736   62.684924  (     458   17440)
          22   26.992004   82.973173  (    2156   17367)
          23   27.012468   53.924000  (      19   10632)
          24   27.020724  102.804920  (       1   10004)
          25   27.025352  103.378107  (       9   12737)
          26   27.051832   53.381762  (      19   11342)
          27   27.071368   52.693231  (     155   10388)
          28   27.085503   54.210238  (      19   12738)
          29   27.087594   53.318899  (      19   10463)
          30   27.089075  103.444387  (       9   12986)
          31   27.104299   54.269393  (      19   15751)
          32   27.131518   73.245706  (    9550   14839)
          33   27.156154   83.070326  (    2320   10119)
          34   27.161216   53.774865  (      19   11280)
          35   27.165176   55.543120  (      19   10613)
          36   27.174547  105.325067  (       9   11895)
          37   27.174721   84.677216  (     719   10520)
          38   27.180295   72.821439  (    2241   17584)
          39   27.183141   79.105700  (    2320   11316)
          40   27.201556   54.311327  (      19   11295)
          41   27.209360   54.031048  (      19   11324)
          42   27.219740   88.694380  (       1   10003)
          43   27.223562  103.476021  (       9   13448)
          44   27.228240   68.224655  (     719   10488)
          45   27.230659   57.866317  (     270   17440)
          46   27.260004   61.636127  (      19   12682)
          47   27.263011   54.302112  (      19   11237)
          48   27.268928   53.888217  (      19   11767)
          49   27.269021   54.448740  (      19   11361)
          50   27.270042   67.851878  (    6510   12444)
          51   27.284155   53.743941  (      57   13557)
          52   27.284196   53.737599  (      56   13557)
          53   27.286171   70.754330  (      19   10060)
          54   27.289842   74.118931  (     704   11280)
          55   27.297599   54.206736  (      19   11465)
          56   27.299697   54.457238  (      19   11571)
          57   27.303609   53.958050  (      19   11379)
          58   27.313920   71.816994  (      19   11170)
          59   27.322263   54.893041  (      19   11775)
          60   27.333099   54.037905  (      19   11281)
          61   27.339993   62.765942  (     458   18836)
          62   27.340346   68.028409  (     441   11128)
          63   27.343497   79.865124  (     704   10632)
          64   27.360107   79.557500  (     704   12738)
          65   27.374241   77.389391  (    1236   16288)
          66   27.390869   54.246054  (      19   10867)
          67   27.391283   54.382953  (      19   11621)
          68   27.396246  103.748544  (       9   13837)
          69   27.396263   54.243081  (      19   10859)
          70   27.401682   54.543645  (      19   11291)
          71   27.401870   54.239682  (      19   10848)
          72   27.405628   54.106153  (      19   11675)
          73   27.416025   65.021621  (      19   13504)
          74   27.416672   79.502403  (     704   15751)
          75   27.417049   79.077045  (    3886   12760)
          76   27.418577   81.858948  (    3886   12310)
          77   27.423752   76.948032  (     704   11324)
          78   27.424596   64.159626  (     458   17916)
          79   27.432390   64.535432  (     458   18701)
          80   27.435662   62.547865  (      19   14444)
          81   27.437427   75.329586  (       1   10063)
          82   27.441921   54.765316  (      19   10520)
          83   27.442393   72.335005  (     231   12310)
          84   27.458285   72.595100  (     704   11760)
          85   27.461978   63.041971  (      84   11895)
          86   27.465613   65.668043  (     458   19305)
          87   27.466446   54.642712  (      19   11719)
          88   27.477547   71.851998  (     804   17569)
          89   27.483350   99.007597  (      40   11580)
          90   27.489807   57.447920  (       1   10061)
          91   27.495751   65.068653  (      19   11236)
          92   27.498297   77.388949  (     765   18126)
          93   27.502811   79.432706  (     704   11295)
          94   27.506030   84.824883  (     804   11151)
          95   27.510830   58.371664  (     270   18836)
          96   27.514383   53.209262  (      19   13593)
          97   27.524540   64.349202  (      19   10002)
          98   27.524783   75.272227  (     785   13504)
          99   27.526152   66.777383  (     441   11564)
         100   27.542005  109.501798  (       8   11580)
