Model_ID, [(c_i,i=0,n)_j,j=1,ntask]
           1    0.6176481976E+02   -0.5794047638E+02    0.1105874087E+03
           2    0.6744824593E+02   -0.6934654209E+02    0.1028145225E+03
           3    0.7088511014E+02   -0.7616194836E+02   -0.6090857534E+02
           4    0.7196546922E+02    0.7629002499E+02   -0.6943514599E+02
           5    0.7674074652E+02   -0.8501177084E+02    0.9980949496E+02
           6    0.6462584410E+02   -0.6451597341E+02   -0.2811065047E+02
           7    0.7154645536E+02    0.7514966499E+02    0.5831981322E+02
           8    0.7141750178E+02    0.7522817606E+02    0.5891950143E+02
           9    0.6652551070E+02   -0.6876944386E+02   -0.5269556456E+02
          10    0.7133137688E+02    0.7572759203E+02    0.5951747159E+02
          11    0.6278950146E+02   -0.6027219924E+02    0.1026004792E+03
          12    0.6263431106E+02   -0.6192303750E+02    0.1190885740E+03
          13    0.6341123445E+02   -0.6236011478E+02   -0.3164528344E+02
          14    0.7167872275E+02    0.7601100931E+02   -0.7008257667E+02
          15    0.6408193515E+02   -0.6331309503E+02    0.3061144747E+02
          16    0.6965027824E+02   -0.7552130056E+02   -0.6851153000E+02
          17    0.5727068451E+02    0.5819799228E+02    0.1152668828E+03
          18    0.6166641297E+02   -0.5952860249E+02    0.1088391510E+03
          19    0.7158104784E+02    0.7553011641E+02    0.5798638774E+02
          20    0.6171578686E+02   -0.6247281851E+02   -0.5409176609E+02
          21    0.6091424843E+02   -0.5490230872E+02    0.1155575739E+03
          22    0.6218500870E+02   -0.6288047813E+02    0.5423779360E+02
          23    0.6259308827E+02   -0.6341942957E+02    0.5323007474E+02
          24    0.7735799778E+02   -0.8825313850E+02    0.1079515360E+03
          25    0.6312463975E+02   -0.6431348929E+02    0.5065540394E+02
          26    0.7538427589E+02   -0.7681301228E+02   -0.1316147595E+03
          27    0.7176493753E+02    0.7612451544E+02   -0.5707091397E+02
          28    0.6538469927E+02   -0.6432855219E+02   -0.9099494628E+02
          29    0.7146383062E+02    0.7566656300E+02    0.5841612335E+02
          30    0.7175441081E+02    0.7573986635E+02    0.5748522123E+02
          31    0.7589508171E+02   -0.8530915068E+02   -0.1029483546E+03
          32    0.7372398161E+02    0.7949999052E+02    0.1342210341E+03
          33    0.7125297189E+02    0.7483674587E+02    0.5881349755E+02
          34    0.7091159388E+02   -0.7493821348E+02   -0.5892951453E+02
          35    0.7541596225E+02   -0.7733944733E+02   -0.8819451585E+02
          36    0.7058424045E+02   -0.7453466736E+02   -0.5974724836E+02
          37    0.7112225459E+02    0.7491813782E+02    0.5943181839E+02
          38    0.7011965972E+02   -0.7194037414E+02   -0.5961160244E+02
          39    0.7244327145E+02    0.7793919781E+02    0.3852929061E+02
          40    0.7129696023E+02    0.7570189733E+02    0.5864659264E+02
          41    0.7065562106E+02   -0.7455357911E+02   -0.5934192587E+02
          42    0.7585959399E+02   -0.7807642863E+02    0.8333631638E+02
          43    0.7527281992E+02   -0.7695323378E+02   -0.1192889812E+03
          44    0.7102961535E+02    0.7545580118E+02    0.6020471258E+02
          45    0.7222894695E+02   -0.2562007660E+02    0.1169990328E+03
          46    0.7087272649E+02   -0.7731597826E+02   -0.7601306489E+02
          47    0.7623018506E+02   -0.7727372641E+02    0.1603862721E+03
          48    0.6463023733E+02   -0.6732655227E+02   -0.6498797820E+02
          49    0.7072459403E+02   -0.7456715616E+02   -0.5893824715E+02
          50    0.6706882812E+02   -0.7074615819E+02   -0.2446659817E+02
          51    0.7062395078E+02   -0.7485766329E+02   -0.6736253149E+02
          52    0.7406242756E+02    0.7944105921E+02    0.4093757176E+02
          53    0.7038392840E+02   -0.7413261125E+02   -0.5976369199E+02
          54    0.7081282077E+02    0.7711526491E+02   -0.7586975231E+02
          55    0.6564391877E+02   -0.6937235716E+02    0.5171918004E+02
          56    0.6785833394E+02   -0.7164714197E+02   -0.7732636363E+02
          57    0.7836561299E+02   -0.7613276669E+02    0.2781312556E+02
          58    0.6536474229E+02   -0.6901923825E+02    0.5242514494E+02
          59    0.7048339413E+02   -0.7549422724E+02   -0.6111366045E+02
          60    0.7470833665E+02   -0.7647158547E+02    0.1472943007E+03
          61    0.6706008468E+02   -0.7001735731E+02   -0.2785312095E+02
          62    0.7540601636E+02   -0.7499899422E+02   -0.1595352091E+03
          63    0.7344216111E+02    0.7904389684E+02    0.1142450995E+03
          64    0.6716852779E+02   -0.7160101744E+02   -0.3936738183E+02
          65    0.6721956755E+02   -0.7166210828E+02    0.3924954018E+02
          66    0.7047995480E+02   -0.7371855329E+02   -0.3913321339E+02
          67    0.7578943241E+02   -0.7840357163E+02    0.8495543746E+02
          68    0.6790206788E+02    0.6256467431E+02    0.1032988817E+03
          69    0.6791231095E+02   -0.6257472441E+02    0.1033057845E+03
          70    0.7464333150E+02   -0.8450541223E+02   -0.9009565507E+02
          71    0.6924542230E+02    0.7316075774E+02    0.3416062624E+02
          72    0.6906912372E+02   -0.7675751655E+02   -0.3501774517E+02
          73    0.6499054874E+02   -0.6310835380E+02    0.5866476404E+02
          74    0.7830387294E+02   -0.8168096767E+02   -0.1206617695E+03
          75    0.6698338459E+02   -0.7092300080E+02   -0.4753769537E+02
          76    0.6512964300E+02   -0.6658424020E+02   -0.4582644600E+02
          77    0.7062473364E+02   -0.7699907880E+02   -0.7341951436E+02
          78    0.7267745964E+02   -0.7015823494E+02    0.3254624211E+02
          79    0.6581290088E+02   -0.6845303741E+02   -0.1874190522E+02
          80    0.7483993087E+02   -0.7332677456E+02    0.9308373007E+02
          81    0.6643044247E+02   -0.7064495250E+02    0.4075211180E+02
          82    0.7022562842E+02   -0.7378392836E+02    0.5675228430E+02
          83    0.6953184144E+02   -0.7610761206E+02    0.5967109932E+02
          84    0.7246554533E+02   -0.7849150411E+02   -0.4408399678E+02
          85    0.6776125628E+02   -0.7170647167E+02    0.2315375683E+02
          86    0.6988231691E+02   -0.7654005221E+02    0.5881143093E+02
          87    0.6251368128E+02   -0.6004098863E+02    0.1039270744E+03
          88    0.6787103881E+02   -0.7548368750E+02   -0.3756821827E+02
          89    0.7784378032E+02   -0.7496162997E+02    0.2912082392E+02
          90    0.6557259776E+02   -0.6812041883E+02   -0.1892883837E+02
          91    0.7128493644E+02    0.7522214996E+02    0.5850501685E+02
          92    0.6807263698E+02   -0.7015490592E+02    0.4380894832E+02
          93    0.7009943849E+02   -0.7386861883E+02    0.5736475173E+02
          94    0.7000457850E+02   -0.7119212293E+02    0.4376882150E+02
          95    0.7891249363E+02   -0.8223778071E+02   -0.1395102615E+03
          96    0.6785305713E+02   -0.7083630165E+02   -0.3811060867E+02
          97    0.7533379741E+02   -0.7790159014E+02   -0.8996425520E+02
          98    0.7425990298E+02   -0.8407056007E+02   -0.9255842286E+02
          99    0.6668549936E+02   -0.7082391068E+02    0.2686183205E+02
         100    0.6441790674E+02   -0.6427042751E+02    0.1964691467E+02
