     Index              y_true              y_pred        descriptor_1        descriptor_2
         1    0.1000000000E+00    0.3571693849E+01    0.0000000000E+00    0.0000000000E+00
         2    0.2600000000E+01    0.3877697539E+01   -0.3515220000E-01    0.0000000000E+00
         3    0.4090000000E+02    0.2952900392E+02   -0.2981848200E+01    0.0000000000E+00
         4    0.4660000000E+01    0.9542015439E+01   -0.6858412000E+00    0.0000000000E+00
         5    0.6650000000E+01    0.1111485693E+02   -0.8665215000E+00    0.0000000000E+00
         6    0.1316000000E+02    0.1239913698E+02   -0.1014053280E+01    0.0000000000E+00
         7    0.3140000000E+01    0.5263410051E+01   -0.1244382400E+00    0.2741766683E-02
         8    0.6070000000E+01    0.3483990061E+01    0.1007498000E-01    0.0000000000E+00
         9    0.4360000000E+01   -0.6707173676E+00    0.6440560000E-01   -0.1659004366E-01
        10    0.1337000000E+02    0.9637221882E+01   -0.1410816000E+01   -0.2800839791E-01
        11    0.4660000000E+01    0.6788077594E+01   -0.4894215000E+00   -0.4704656470E-02
        12    0.1128000000E+02    0.1035462090E+02   -0.8788788000E+00   -0.3910355973E-02
        13    0.6140000000E+01    0.5078454411E+01   -0.2448724800E+00   -0.2815723351E-02
        14    0.5980000000E+01    0.4845343156E+01   -0.1736018000E+00   -0.1070508312E-02
        15    0.4390000000E+01    0.4403675775E+01   -0.1271240000E+00   -0.1237560420E-02
        16    0.3600000000E+01    0.4793845526E+01   -0.5017138000E-01    0.3539045535E-02
        17    0.7350000000E+01    0.5764959561E+01   -0.6466681000E-01    0.7346313300E-02
        18    0.4060000000E+01    0.6279862402E+01   -0.3088131800E+00    0.8974420506E-04
        19    0.4810000000E+01    0.7223933552E+01   -0.7230706600E+00   -0.1190565528E-01
        20    0.1002000000E+02    0.1223906862E+02   -0.3094893120E+01   -0.8234296897E-01
        21    0.2305000000E+02    0.2788552614E+02   -0.2793053550E+01    0.0000000000E+00
        22    0.2977000000E+02    0.2983126999E+02   -0.3016571040E+01    0.0000000000E+00
        23    0.3366000000E+02    0.3216138894E+02   -0.3138793540E+01    0.5705333466E-02
        24    0.2492000000E+02    0.3009666869E+02   -0.3526367520E+01   -0.1880106098E-01
        25    0.2638000000E+02    0.2845817259E+02   -0.3572629560E+01   -0.2799879743E-01
        26    0.2218000000E+02    0.2363579679E+02   -0.2388377650E+01   -0.3275793211E-02
        27    0.1262000000E+02    0.1111796113E+02   -0.2850572670E+01   -0.7781113994E-01
        28    0.2455000000E+02    0.2266701432E+02   -0.2262978250E+01   -0.2722306420E-02
        29    0.1040000000E+01    0.2400595923E+01   -0.8002289100E+00   -0.3666625660E-01
        30    0.4200000000E+00   -0.7580489339E+00    0.4973795700E+00    0.0000000000E+00
        31    0.3850000000E+02    0.3784000853E+02   -0.2917589280E+01    0.3997010681E-01
        32    0.2347000000E+02    0.2681607690E+02   -0.2103344820E+01    0.2223511899E-01
        33    0.1576000000E+02    0.1225130996E+02   -0.1104828160E+01   -0.4226788684E-02
        34    0.2613000000E+02    0.2014804020E+02   -0.1837431570E+01    0.2619376619E-02
        35    0.2213000000E+02    0.2401448886E+02   -0.1638498400E+01    0.2784488549E-01
        36    0.9540000000E+01    0.7333579187E+01   -0.7108734200E+00   -0.1093314903E-01
