        Rank        RMSE       MaxAE  Feature_ID
           1   22.462289   60.081546  (     313   10389)
           2   22.553946   54.418406  (     313   10006)
           3   22.560901   62.242054  (    9384   10224)
           4   22.588910   66.892122  (    3560   10224)
           5   22.653639   66.297165  (    3560   10217)
           6   22.676338   60.045238  (    7454   10006)
           7   22.825247   64.966736  (    3560   10107)
           8   22.879400   67.899456  (    3999   10224)
           9   22.911044   60.729597  (     313   10839)
          10   22.919419   70.584881  (    8193   10224)
          11   22.954391   67.331438  (    3999   10217)
          12   22.965371   61.960917  (    9384   10217)
          13   23.016284   58.368995  (     313   11487)
          14   23.077679   65.552075  (    3560   10236)
          15   23.096612   63.291687  (    1763   10224)
          16   23.101465   65.129185  (    6068   10224)
          17   23.102764   64.991525  (    3560   10205)
          18   23.136769   55.012167  (      31   11487)
          19   23.148778   66.051450  (    3999   10107)
          20   23.194892   71.689813  (    8193   10205)
          21   23.204618   70.697338  (    8193   10217)
          22   23.215635   65.727812  (    3560   10306)
          23   23.220448   65.837872  (    6186   10224)
          24   23.236357   65.624857  (    3560   10271)
          25   23.284604   64.644368  (    6068   10217)
          26   23.289884   65.909582  (    3999   10205)
          27   23.307803   71.511543  (      23   10001)
          28   23.322794   68.986686  (    4836   10224)
          29   23.324148   62.879181  (    1763   10217)
          30   23.377933   64.016442  (    3194   10005)
          31   23.390728   66.633946  (    3999   10236)
          32   23.407406   65.369642  (    6186   10217)
          33   23.411785   68.450436  (    4836   10217)
          34   23.413600   66.626610  (    3560   10463)
          35   23.427954   54.840404  (    6704   10006)
          36   23.430131   61.706014  (     899   10922)
          37   23.448323   71.047365  (    8193   10236)
          38   23.455167   73.198372  (       4   10001)
          39   23.461071   54.647564  (    7168   10006)
          40   23.481273   66.157594  (    3560   10429)
          41   23.520337   61.153712  (    6704   10389)
          42   23.524107   66.803372  (    3999   10306)
          43   23.526660   66.885663  (    6941   10224)
          44   23.526797   54.567606  (     574   10006)
          45   23.538059   54.616501  (     563   10006)
          46   23.546421   66.703774  (    3999   10271)
          47   23.565114   63.370994  (    3194   10002)
          48   23.575336   70.993714  (    8193   10306)
          49   23.586902   60.947495  (    7168   10389)
          50   23.587975   58.381286  (     313   11323)
          51   23.609096   66.643481  (    3560   10439)
          52   23.623740   67.407132  (    7998   15726)
          53   23.625977   62.003334  (      16   11487)
          54   23.632412   67.226328  (    4836   10107)
          55   23.641145   63.034752  (    3194   10004)
          56   23.645066   66.924676  (    4836   10205)
          57   23.646440   63.048566  (    3560   10450)
          58   23.661029   49.146604  (     611   14612)
          59   23.679234   63.559744  (    6068   10107)
          60   23.690353   66.516881  (    7998   11103)
          61   23.707106   57.581509  (      13   11487)
          62   23.716473   71.035983  (    8193   10271)
          63   23.721776   66.444485  (    6941   10217)
          64   23.766238   64.012398  (    1763   11971)
          65   23.771692   68.356106  (    3560   11971)
          66   23.783109   67.226723  (    3999   10429)
          67   23.784484   61.020121  (    6704   10839)
          68   23.794178   62.004639  (    3560   10187)
          69   23.813477   64.317704  (    6186   10107)
          70   23.830988   68.282696  (    7295   10622)
          71   23.833338   61.544541  (    1629   10109)
          72   23.835922   70.889773  (    8193   10429)
          73   23.837215   67.853101  (    3999   10463)
          74   23.864085   60.803696  (    7168   10839)
          75   23.865242   67.809512  (    4836   10236)
          76   23.869334   70.790101  (    8193   10439)
          77   23.891955   71.461269  (    8193   10107)
          78   23.893514   64.003050  (    3194   10012)
          79   23.893975   58.015467  (    1629   10043)
          80   23.897512   75.993605  (       1   10001)
          81   23.905919   67.212818  (    3560   11245)
          82   23.906010   63.954777  (    3194   10008)
          83   23.907809   54.638721  (    8648   10006)
          84   23.909051   67.715136  (    3999   10439)
          85   23.924496   54.454148  (    9162   10006)
          86   23.924961   64.133995  (    6068   10236)
          87   23.926574   67.160248  (    3560   11023)
          88   23.949018   60.355482  (     574   10839)
          89   23.950058   60.270408  (     563   10839)
          90   23.952367   66.168280  (    9384   10570)
          91   23.953459   50.123470  (    2842   10041)
          92   23.966592   73.862315  (    3669   10066)
          93   23.975339   66.891913  (    9985   10224)
          94   23.985755   68.017697  (    8528   10224)
          95   23.986877   65.870729  (     355   11971)
          96   23.989494   62.233790  (    1763   10107)
          97   23.992238   67.971185  (    4836   10306)
          98   23.992767   64.207021  (    3999   10450)
          99   23.992903   64.286638  (    3194   10020)
         100   23.998293   61.409580  (      74   11487)
