Model_ID, [(c_i,i=0,n)_j,j=1,ntask]
           1    0.2189203718E+03    0.1111912665E+03
           2    0.1947688929E+03   -0.1271029922E+03
           3    0.1691702725E+03    0.2088297198E+03
           4    0.2191521105E+03    0.1129591525E+03
           5    0.2244167723E+03   -0.1277935252E+03
           6    0.1938521097E+03    0.1281442938E+03
           7    0.1383213232E+03    0.1239646703E+03
           8    0.2167810335E+03    0.1139116706E+03
           9    0.2179814719E+03    0.1194923309E+03
          10    0.1944551166E+03    0.1279372880E+03
          11    0.2167056479E+03    0.1133789106E+03
          12    0.2235998114E+03   -0.1275392689E+03
          13    0.2170159479E+03    0.1103839531E+03
          14    0.2256132848E+03    0.1253568911E+03
          15    0.2274721599E+03    0.1321911634E+03
          16    0.2265493632E+03    0.1251575413E+03
          17    0.2385257950E+03   -0.1156339758E+03
          18    0.2166740068E+03    0.1124891672E+03
          19    0.2118083444E+03   -0.1172713827E+03
          20    0.2117902858E+03    0.1172672230E+03
          21    0.2169701351E+03   -0.1095705603E+03
          22    0.2051257531E+03    0.1442707754E+03
          23    0.2204425728E+03    0.1121365771E+03
          24    0.2127681183E+03   -0.1232089525E+03
          25    0.1726306306E+03    0.1845706221E+03
          26    0.1477134531E+03    0.1288352777E+03
          27    0.2179139357E+03   -0.1177698609E+03
          28    0.2267334394E+03    0.1283817726E+03
          29    0.2123445085E+03    0.1138857874E+03
          30    0.2236271433E+03   -0.1023355493E+03
          31    0.2238440572E+03   -0.9978077730E+02
          32    0.2254483935E+03    0.9397138562E+02
          33    0.1375660637E+03    0.1363382921E+03
          34    0.1986875633E+03   -0.1235754992E+03
          35    0.2167218268E+03    0.1114226707E+03
          36    0.2237970245E+03   -0.1020500966E+03
          37    0.2406300086E+03   -0.1120714772E+03
          38    0.2169997007E+03    0.1085922581E+03
          39    0.1845077497E+03    0.1872075834E+03
          40    0.2258760348E+03   -0.1302624429E+03
          41    0.2173839889E+03    0.1114827084E+03
          42    0.1919196547E+03    0.1278620387E+03
          43    0.2028101166E+03   -0.1461489092E+03
          44    0.1920830282E+03    0.1268332167E+03
          45    0.2756791361E+03    0.1870839093E+03
          46    0.2885216056E+03    0.1964281116E+03
          47    0.1920225475E+03    0.1268759018E+03
          48    0.2799152706E+03    0.1935184290E+03
          49    0.1921155814E+03    0.1288849423E+03
          50    0.1919631230E+03    0.1269166527E+03
          51    0.1426606655E+03    0.1275398452E+03
          52    0.2251555981E+03   -0.1063787398E+03
          53    0.2168052165E+03    0.1105365871E+03
          54    0.1844611590E+03    0.1697527370E+03
          55    0.1937700561E+03   -0.1308393781E+03
          56    0.2232458521E+03   -0.1240712983E+03
          57    0.2019518642E+03    0.1443334608E+03
          58    0.2227187760E+03    0.1274828919E+03
          59    0.1489768740E+03    0.1184836852E+03
          60    0.2278100545E+03   -0.1219258757E+03
          61    0.1844696158E+03    0.8352786809E+02
          62    0.2223603383E+03    0.1452996367E+03
          63    0.2871316595E+03    0.1963160490E+03
          64    0.2223905740E+03    0.1262986584E+03
          65    0.2242126503E+03    0.1339581931E+03
          66    0.2287631917E+03    0.1260260291E+03
          67    0.2224623943E+03    0.1261883518E+03
          68    0.2031815071E+03    0.1047488959E+03
          69    0.2231844332E+03   -0.1247259966E+03
          70    0.2225346835E+03    0.1260763807E+03
          71    0.2904350795E+03    0.2027044724E+03
          72    0.1761412740E+03    0.7431604685E+02
          73    0.1922795949E+03    0.1256277660E+03
          74    0.2237481548E+03    0.1270405062E+03
          75    0.2629544033E+03    0.1990812736E+03
          76    0.2317299584E+03   -0.1259906642E+03
          77    0.1936953726E+03    0.8219292342E+02
          78    0.2199363791E+03    0.1520483942E+03
          79    0.2890496569E+03    0.2029732735E+03
          80    0.2180981697E+03    0.1154522557E+03
          81    0.2233289868E+03    0.1561884896E+03
          82    0.2240447994E+03    0.1331622040E+03
          83    0.2790345896E+03    0.2377294791E+03
          84    0.2233989477E+03    0.1259046298E+03
          85    0.2750475547E+03    0.1851629168E+03
          86    0.2984387663E+03    0.2009271472E+03
          87    0.2234688778E+03    0.1257975266E+03
          88    0.2241206380E+03    0.1330339529E+03
          89    0.2241726710E+03   -0.1243583213E+03
          90    0.2235392668E+03    0.1256887593E+03
          91    0.2241969631E+03    0.1329037755E+03
          92    0.1744982347E+03    0.5965943545E+03
          93    0.2745606686E+03    0.1848809837E+03
          94    0.1322630573E+03    0.1411296503E+03
          95    0.1902443750E+03    0.1541320619E+03
          96    0.2270255975E+03   -0.1326122855E+03
          97    0.2048354933E+03   -0.1590328750E+03
          98    0.2233072457E+03   -0.1336640407E+03
          99    0.2235693179E+03    0.1300152929E+03
         100    0.2228707396E+03   -0.1052935071E+03
