Model_ID, [(c_i,i=0,n)_j,j=1,ntask]
           1    0.2247395955E+03   -0.9944344285E+02    0.1273780871E+04
           2    0.2208992176E+03   -0.9479412305E+02   -0.1349512921E+04
           3    0.2491034154E+03   -0.1270256100E+03   -0.6356945567E+03
           4    0.2297293400E+03    0.9677871783E+02   -0.6111047829E+03
           5    0.2283277249E+03    0.9820662834E+02    0.6135751539E+03
           6    0.2477587781E+03    0.1062876964E+03   -0.1540020909E+04
           7    0.2273314274E+03    0.9999550157E+02    0.6140047374E+03
           8    0.2297076087E+03   -0.9605273244E+02   -0.6102992798E+03
           9    0.2255122867E+03   -0.1007410452E+03    0.6918482222E+03
          10    0.2507910773E+03   -0.9777516625E+02   -0.6282489353E+03
          11    0.2283043315E+03   -0.9746961379E+02    0.6126000827E+03
          12    0.2479048584E+03   -0.1288415608E+03    0.6347088714E+03
          13    0.2229722666E+03   -0.9850588710E+02    0.1119318452E+04
          14    0.2257471536E+03    0.1007354060E+03    0.6147407237E+03
          15    0.2447262197E+03   -0.1263159967E+03   -0.5883706703E+03
          16    0.2299322169E+03    0.9896941405E+02   -0.6182907354E+03
          17    0.2261780783E+03    0.1007772616E+03   -0.6158987440E+03
          18    0.2277671104E+03   -0.9509714454E+02    0.1013122946E+04
          19    0.2273044500E+03   -0.9924061178E+02    0.6126649225E+03
          20    0.2480600683E+03   -0.1020185059E+03   -0.6372647153E+03
          21    0.2496408470E+03   -0.9919763006E+02    0.6284060288E+03
          22    0.2260690343E+03    0.1004034261E+03    0.6136559891E+03
          23    0.2298627795E+03    0.9851575752E+02   -0.6173099094E+03
          24    0.2260926667E+03    0.1004730739E+03    0.6135006997E+03
          25    0.2285047153E+03    0.1004202594E+03    0.6194109399E+03
          26    0.2261590832E+03   -0.1000577719E+03   -0.6162871500E+03
          27    0.2251659117E+03    0.1121160172E+03   -0.3527670297E+03
          28    0.2297773992E+03    0.9516208996E+02   -0.6101068863E+03
          29    0.2435630715E+03   -0.1280692095E+03    0.5881748591E+03
          30    0.2236096056E+03    0.1015079324E+03   -0.8949883375E+03
          31    0.2257222706E+03   -0.9997806814E+02    0.6134603811E+03
          32    0.2284350563E+03    0.9995833101E+02    0.6183403294E+03
          33    0.2283707856E+03    0.9656816856E+02    0.6121855418E+03
          34    0.2259083440E+03    0.1000714870E+03    0.6088985307E+03
          35    0.2292672075E+03    0.1086741592E+03   -0.1509420204E+04
          36    0.1985666564E+03   -0.1681187459E+03   -0.5635343262E+03
          37    0.2475768652E+03   -0.1018827832E+03    0.6324633293E+03
          38    0.2238569136E+03    0.1124500329E+03   -0.3372173702E+03
          39    0.2296868750E+03    0.1078631425E+03   -0.1512678666E+04
          40    0.2263086417E+03    0.1001310110E+03   -0.6087799472E+03
          41    0.2340357892E+03    0.1146376432E+03    0.1426372467E+04
          42    0.2260440534E+03   -0.9964915995E+02    0.6124132354E+03
          43    0.2298529781E+03    0.9773718562E+02   -0.6165289827E+03
          44    0.2210407908E+03   -0.9631307493E+02   -0.1350467890E+04
          45    0.2208994020E+03   -0.9651654641E+02   -0.1349220930E+04
          46    0.2260673861E+03   -0.9971782371E+02    0.6122305734E+03
          47    0.2229456305E+03    0.1025900713E+03   -0.8932989578E+03
          48    0.2478372473E+03   -0.1015372982E+03    0.6315172436E+03
          49    0.2344896164E+03    0.1137820173E+03    0.1428548247E+04
          50    0.2242051930E+03   -0.9853682787E+02   -0.1232064397E+04
          51    0.2257937152E+03    0.1005146093E+03    0.6016974882E+03
          52    0.2249676857E+03    0.1007769267E+03    0.5975034831E+03
          53    0.2303496530E+03    0.1189830339E+03    0.9730031308E+03
          54    0.2273661685E+03    0.9832137237E+02    0.6118185879E+03
          55    0.2223531400E+03    0.1032755877E+03    0.8942969922E+03
          56    0.2262276229E+03    0.9917256666E+02   -0.6171085907E+03
          57    0.2267285710E+03    0.1019322503E+03    0.6144997944E+03
          58    0.2615491396E+03    0.1658897048E+03   -0.7316193687E+03
          59    0.2274817914E+03    0.1022072827E+03    0.6170059836E+03
          60    0.2272409329E+03    0.9830423303E+02    0.6248991965E+03
          61    0.2212891172E+03    0.1049076876E+03    0.9680819802E+03
          62    0.2478642621E+03   -0.1015701233E+03    0.6298066801E+03
          63    0.2284235059E+03    0.9916854429E+02    0.6173900844E+03
          64    0.2434445344E+03   -0.1303546513E+03   -0.5410657221E+03
          65    0.2278792995E+03    0.9982101166E+02   -0.5573122411E+03
          66    0.2262835271E+03   -0.9937965992E+02   -0.6075802242E+03
          67    0.2350531665E+03    0.1164093877E+03    0.7810040426E+03
          68    0.2236843719E+03    0.1026079328E+03   -0.9059010592E+03
          69    0.2274101461E+03    0.1017324526E+03    0.6157163192E+03
          70    0.2629909333E+03   -0.8681343668E+02   -0.6590448191E+03
          71    0.1400945820E+03    0.9984941319E+02    0.1207528842E+04
          72    0.2480274323E+03   -0.1012497269E+03   -0.6266881870E+03
          73    0.2258779925E+03   -0.9928491449E+02    0.6060671072E+03
          74    0.2355153076E+03    0.1155374286E+03    0.7819755563E+03
          75    0.2257848268E+03    0.9905608239E+02    0.6126446125E+03
          76    0.2475943285E+03   -0.1016795808E+03    0.6207921699E+03
          77    0.2489502888E+03   -0.1008915680E+03    0.6225211217E+03
          78    0.2222676347E+03    0.1028076194E+03   -0.8884304522E+03
          79    0.1380389688E+03    0.9801010958E+02   -0.1621710988E+04
          80    0.2235615813E+03    0.1100312834E+03   -0.3128946550E+03
          81    0.2267522845E+03    0.1014427925E+03   -0.5601585202E+03
          82    0.2222800981E+03    0.1028453438E+03   -0.8881665257E+03
          83    0.2286178354E+03    0.1082970967E+03   -0.1511476858E+04
          84    0.2257687907E+03   -0.9976101825E+02    0.6005002435E+03
          85    0.2290369736E+03    0.1075048902E+03   -0.1514649238E+04
          86    0.2258882560E+03    0.1029727210E+03    0.6177554906E+03
          87    0.2269702921E+03    0.1014490331E+03   -0.5575100982E+03
          88    0.2256419453E+03   -0.1023827710E+03    0.6906257951E+03
          89    0.2254867985E+03   -0.1025976396E+03    0.6901352833E+03
          90    0.2442465056E+03   -0.1313098454E+03   -0.5942779632E+03
          91    0.2877475374E+03    0.1849958660E+03   -0.1417450342E+04
          92    0.1974011516E+03   -0.1605814857E+03   -0.6899427463E+03
          93    0.2036587145E+03    0.6202339423E+02   -0.6206071971E+03
          94    0.2299379844E+03    0.9678499723E+02   -0.6163741943E+03
          95    0.2489132520E+03    0.8605909657E+02   -0.4997624195E+03
          96    0.2427949332E+03   -0.1301512546E+03    0.5809546112E+03
          97    0.2261068699E+03    0.9873023925E+02    0.6116517445E+03
          98    0.2266952699E+03   -0.1011544114E+03    0.6125808685E+03
          99    0.2222183223E+03    0.1028044129E+03   -0.8836336725E+03
         100    0.2276867699E+03    0.1210867696E+03    0.1019893286E+04
