        Rank        RMSE       MaxAE  Feature_ID
           1    8.721664   23.462522  (       9   15713)
           2    8.783626   21.988289  (      25   13021)
           3    8.838774   19.033235  (      62   10930)
           4    8.869379   22.296461  (      25   16560)
           5    8.881783   23.530588  (       1   10001)
           6    8.887135   19.501646  (      62   11861)
           7    8.900305   18.755314  (      62   10521)
           8    8.910085   20.288627  (    4154   13021)
           9    8.913949   21.678427  (      62   12783)
          10    8.914045   23.254937  (       9   13754)
          11    8.915074   23.505898  (      62   10429)
          12    8.917176   21.637218  (    5860   13021)
          13    8.930920   25.800194  (       1   10006)
          14    8.931387   25.983226  (       1   10227)
          15    8.943022   21.209150  (      25   17989)
          16    8.947158   23.046631  (       1   10002)
          17    8.953214   21.460885  (      62   12168)
          18    8.957032   21.042470  (      25   17514)
          19    8.957035   22.018304  (    5860   16560)
          20    8.957278   22.051613  (     328   10974)
          21    8.974955   20.615936  (      62   17814)
          22    8.982662   23.257311  (       1   10003)
          23    8.983975   22.186603  (    7965   13021)
          24    8.984393   20.644436  (    9421   13138)
          25    8.986253   18.084285  (    2025   13021)
          26    8.990897   21.481787  (    9421   11688)
          27    8.991322   23.354997  (       1   10004)
          28    8.992670   20.312828  (      62   12999)
          29    8.993179   20.639355  (      62   18056)
          30    8.994296   22.720462  (       1   10005)
          31    8.994836   21.453209  (      62   11673)
          32    8.996905   20.638896  (      62   15658)
          33    8.997816   22.184915  (    2025   19908)
          34    8.998519   20.951040  (      62   11753)
          35    9.000094   20.213771  (    9421   10423)
          36    9.006549   24.908147  (       1   10035)
          37    9.007003   25.739055  (       1   10018)
          38    9.010683   21.695194  (      62   10084)
          39    9.011109   21.053444  (      62   15408)
          40    9.011190   21.468974  (      62   10118)
          41    9.012144   23.594749  (      62   10997)
          42    9.012163   25.693531  (       1   10014)
          43    9.012421   21.398731  (      62   11962)
          44    9.013213   25.681383  (       1   10015)
          45    9.019589   21.356993  (      62   15392)
          46    9.019971   20.963841  (      62   10138)
          47    9.020066   20.857768  (      62   10974)
          48    9.021329   25.708047  (       1   10008)
          49    9.022545   22.558352  (    7965   16560)
          50    9.023642   25.776436  (       1   10009)
          51    9.024073   22.066216  (    2052   19908)
          52    9.024365   21.122315  (      62   11485)
          53    9.027086   25.413575  (       1   10007)
          54    9.028055   21.997500  (      62   10184)
          55    9.031208   22.193536  (      62   11059)
          56    9.035175   18.215021  (    2052   13021)
          57    9.036662   21.645648  (      62   10094)
          58    9.038025   20.815922  (     328   15144)
          59    9.038744   25.506584  (    2078   17989)
          60    9.044319   21.656894  (      62   16396)
          61    9.046873   19.431164  (      62   10736)
          62    9.048786   22.861863  (       9   11659)
          63    9.053435   23.721621  (      62   11888)
          64    9.054712   20.318539  (      62   10339)
          65    9.055940   23.825848  (       1   10011)
          66    9.057937   25.680168  (    2078   17514)
          67    9.058432   21.413562  (      62   14753)
          68    9.061891   19.683621  (      62   10097)
          69    9.063350   22.030067  (      62   11009)
          70    9.064662   19.411436  (      62   10155)
          71    9.064728   22.747637  (       1   10016)
          72    9.065082   24.492440  (       9   13921)
          73    9.066080   21.977082  (      62   16978)
          74    9.068894   25.313396  (       1   10010)
          75    9.075064   24.843967  (       9   12844)
          76    9.077713   22.380239  (      62   11407)
          77    9.078277   24.790559  (       1   10023)
          78    9.080731   24.570901  (    2078   16560)
          79    9.082825   24.555047  (       1   10033)
          80    9.083933   19.910241  (      62   10340)
          81    9.084325   24.814702  (       1   10027)
          82    9.084371   23.336019  (       1   10012)
          83    9.085599   20.249969  (     328   10930)
          84    9.085741   21.550561  (      62   10327)
          85    9.086050   22.570210  (      62   10989)
          86    9.086071   19.510081  (      62   10089)
          87    9.087549   24.587055  (       1   10029)
          88    9.087656   19.048175  (    7360   13021)
          89    9.088183   20.394080  (      62   15975)
          90    9.088457   24.488821  (       1   10031)
          91    9.088600   24.749007  (       1   10025)
          92    9.088718   22.387395  (      62   10314)
          93    9.088771   19.220604  (     328   19257)
          94    9.089783   19.491345  (     328   18658)
          95    9.090832   23.065553  (       9   10097)
          96    9.091123   24.359601  (       9   12746)
          97    9.091480   23.541749  (       1   10019)
          98    9.091573   20.738712  (    4154   16560)
          99    9.093776   24.476435  (       9   14492)
         100    9.093956   23.132060  (       1   10013)
