Model_ID, [(c_i,i=0,n)_j,j=1,ntask]
           1    0.8125446388E+02    0.6061124330E+02
           2    0.2071299328E+02    0.6631913380E+02
           3    0.1957896561E+02    0.6242655728E+02
           4    0.2844628985E+02   -0.3722194400E+02
           5    0.1799974198E+02    0.6502102479E+02
           6    0.3209834721E+02    0.3219214392E+02
           7    0.3389732242E+02    0.2946895580E+02
           8    0.3268052176E+02   -0.3313138277E+02
           9    0.8557743836E+02    0.6300516433E+02
          10    0.7388576552E+02    0.3100327849E+02
          11    0.4437876400E+02   -0.3223425462E+02
          12    0.7033853001E+02   -0.5642890652E+02
          13    0.6992285645E+02   -0.3093797461E+02
          14    0.4346063126E+02    0.3444373010E+02
          15    0.5977151155E+02   -0.2097183028E+02
          16    0.3106966688E+02   -0.3430619062E+02
          17    0.1972645006E+02    0.6743865498E+02
          18    0.4810735682E+02   -0.2500665592E+02
          19    0.5026863718E+02    0.3233982746E+02
          20    0.8325349932E+02    0.6570471794E+02
          21    0.7049140993E+02    0.5665547508E+02
          22    0.4145096792E+02   -0.3989851610E+02
          23    0.4915975887E+02    0.3082660536E+02
          24    0.6908773562E+02   -0.2807611358E+02
          25    0.8759253164E+02   -0.7804909318E+02
          26    0.2931447046E+02   -0.3765621140E+02
          27    0.5380346459E+02   -0.3336129873E+02
          28    0.5857094495E+02    0.3298917205E+02
          29    0.4921222718E+02    0.3075449492E+02
          30    0.1931501526E+02    0.6139660042E+02
          31    0.3554157190E+02   -0.2806041348E+02
          32    0.7740387772E+02   -0.3461524152E+02
          33    0.6960776180E+02    0.5395510030E+02
          34    0.3118424275E+02   -0.3275774382E+02
          35    0.3671644873E+02   -0.2564976758E+02
          36    0.6434860797E+02   -0.3166605227E+02
          37    0.1787151463E+02    0.6394465454E+02
          38    0.5502335410E+02   -0.3471228320E+02
          39    0.6829577695E+02    0.5406349587E+02
          40    0.4700095216E+02    0.3539441940E+02
          41    0.7781712238E+02    0.5677424995E+02
          42    0.6798034049E+02   -0.4991200206E+02
          43    0.4551747195E+02   -0.3241570614E+02
          44    0.4098330604E+02    0.2454710028E+02
          45    0.4876164174E+02    0.2243047351E+02
          46    0.7086489990E+02   -0.3066835091E+02
          47    0.6501542968E+02   -0.4897967851E+02
          48    0.3585122986E+02   -0.2743132828E+02
          49    0.3424225555E+02    0.2967111670E+02
          50    0.9023498575E+02   -0.7574084252E+02
          51    0.2515777143E+02    0.5962246466E+02
          52    0.8628707631E+02    0.6911702594E+02
          53    0.2064492513E+02    0.6426880717E+02
          54    0.4566150771E+02   -0.2783648527E+02
          55    0.2158214852E+02   -0.5071390341E+02
          56    0.7152342273E+02   -0.3485896434E+02
          57    0.6859159676E+02   -0.5036340350E+02
          58    0.5356524094E+02   -0.3014295186E+02
          59    0.5026079350E+02    0.3320141330E+02
          60    0.5461639195E+02   -0.3444506706E+02
          61    0.4561580825E+02    0.3063229824E+02
          62    0.8067913088E+02    0.5716356576E+02
          63    0.5758567437E+02   -0.3107328172E+02
          64    0.4071037990E+02   -0.2702405618E+02
          65    0.6542425106E+02    0.5312000214E+02
          66    0.4430826405E+02    0.3079430586E+02
          67    0.3790327373E+02   -0.2448872834E+02
          68    0.6494871224E+02   -0.5222766615E+02
          69    0.6618266647E+02   -0.4809687256E+02
          70    0.4688688551E+02    0.3793952667E+02
          71    0.5761702055E+02   -0.3068268276E+02
          72    0.2275337746E+02   -0.5284839505E+02
          73    0.4915311481E+02    0.3248875200E+02
          74    0.6488828433E+02    0.5199548907E+02
          75    0.6904665344E+02   -0.5475187008E+02
          76    0.2210512245E+02   -0.3147979780E+02
          77    0.5279846921E+02    0.2924719346E+02
          78    0.2196815357E+02    0.6785790860E+02
          79    0.4931596310E+02    0.3147381305E+02
          80    0.6417063472E+02   -0.4759622534E+02
          81    0.6168244663E+02   -0.5727296975E+02
          82    0.6747991400E+02    0.5134570806E+02
          83    0.6661489629E+02    0.2703698874E+02
          84    0.6856768872E+02    0.5287928505E+02
          85    0.2969841351E+02   -0.2431162862E+02
          86    0.7227340115E+02   -0.2579426304E+02
          87    0.6533247620E+02   -0.5403092530E+02
          88    0.3959601536E+02   -0.2807307230E+02
          89    0.4349482852E+02   -0.3042945406E+02
          90    0.5119309398E+02    0.3807987462E+02
          91    0.6033169911E+02    0.5746580944E+02
          92    0.5309301953E+02    0.3112046714E+02
          93    0.1979747557E+02    0.7164710865E+02
          94    0.5008106804E+02    0.3396116850E+02
          95    0.7327711262E+02    0.5321076387E+02
          96    0.6534252658E+02   -0.2705671221E+02
          97    0.4907516869E+02    0.3442695863E+02
          98    0.6172410590E+02    0.5189591183E+02
          99    0.2285693955E+02   -0.3225405779E+02
         100    0.5722864199E+02   -0.2232314712E+02
