      rank       #data_overlap        size_overlap          feature_ID
         1                  14             0.06468   (      53    1507)
         2                  14             0.09053   (     117    1677)
         3                  14             0.09053   (     114    1677)
         4                  14             0.09917   (     111    1677)
         5                  14             0.09917   (     693    1675)
         6                  15             0.05080   (     235    1677)
         7                  15             0.05586   (     115    1329)
         8                  15             0.06570   (      53    1329)
         9                  15             0.07317   (     695    1675)
        10                  15             0.07317   (      52    1677)
        11                  15             0.07680   (      25    1677)
        12                  15             0.07680   (     446    1675)
        13                  15             0.10072   (     230    1677)
        14                  15             0.10072   (      53     653)
        15                  15             0.10072   (      53     647)
        16                  15             0.10072   (      53    1675)
        17                  15             0.10072   (     109    1677)
        18                  15             0.10072   (      53    1676)
        19                  15             0.10072   (      53    1677)
        20                  15             0.10072   (     108    1677)
        21                  15             0.10072   (     231    1677)
        22                  15             0.10072   (     232    1677)
        23                  15             0.10072   (     991    1675)
        24                  15             0.11362   (     115    1534)
        25                  15             0.11462   (      53    1787)
        26                  15             0.11858   (     115    1544)
        27                  15             0.13947   (      53    1843)
        28                  15             0.14467   (     115    1674)
        29                  15             0.14647   (      53    1859)
        30                  15             0.15074   (      84    1329)
        31                  15             0.15074   (      94    1329)
        32                  16             0.05586   (      26    1329)
        33                  16             0.05656   (      56    1329)
        34                  16             0.06574   (      53    1511)
        35                  16             0.06669   (      53    1778)
        36                  16             0.09010   (      53    1421)
        37                  16             0.10266   (      53    1471)
        38                  16             0.10522   (      26    1534)
        39                  16             0.10976   (      26    1544)
        40                  16             0.11642   (     233    1677)
        41                  16             0.11806   (     115    1676)
        42                  16             0.11806   (     228    1677)
        43                  16             0.11946   (      56    1534)
        44                  16             0.12329   (      56    1544)
        45                  16             0.12345   (      26    1674)
        46                  16             0.13285   (      53    1564)
        47                  16             0.13349   (      53    1544)
        48                  16             0.13522   (      53    1534)
        49                  16             0.13618   (      22    1534)
        50                  16             0.14162   (      53    1826)
        51                  16             0.14261   (      22    1544)
        52                  16             0.14460   (      53    1594)
        53                  16             0.14696   (      53    1875)
        54                  16             0.14708   (      56    1674)
        55                  16             0.15035   (      53    1674)
        56                  16             0.15071   (      56    1229)
        57                  16             0.15071   (     122    1118)
        58                  16             0.15071   (     692    1174)
        59                  16             0.15081   (      53    1855)
        60                  16             0.15303   (      89    1329)
        61                  16             0.15303   (     210    1329)
        62                  16             0.15303   (     202    1329)
        63                  16             0.15303   (     218    1329)
        64                  16             0.15303   (     172    1329)
        65                  16             0.15303   (     216    1329)
        66                  16             0.15303   (      86    1329)
        67                  16             0.15460   (      53    1861)
        68                  16             0.18384   (     695    1627)
        69                  16             0.18384   (     695    1628)
        70                  16             0.18384   (     705    1394)
        71                  16             0.18384   (     705    1395)
        72                  16             0.18991   (     111    1320)
        73                  16             0.18991   (     693    1318)
        74                  16             0.19477   (      84    1507)
        75                  16             0.19477   (      94    1507)
        76                  16             0.19713   (     692    1195)
        77                  16             0.20339   (     725    1854)
        78                  16             0.38463   (     919    1675)
        79                  16             0.38463   (     893    1675)
        80                  17             0.08045   (     116    1677)
        81                  17             0.08045   (     113    1677)
        82                  17             0.09882   (     115    1471)
        83                  17             0.10280   (     122    1677)
        84                  17             0.10280   (     692    1675)
        85                  17             0.11806   (     434    1677)
        86                  17             0.11806   (     115     653)
        87                  17             0.11806   (     115     647)
        88                  17             0.11806   (     115    1675)
        89                  17             0.11806   (     115    1677)
        90                  17             0.12415   (      26    1843)
        91                  17             0.12767   (      26    1859)
        92                  17             0.13227   (      27    1118)
        93                  17             0.13252   (     695    1298)
        94                  17             0.14413   (     115    1859)
        95                  17             0.15644   (      27    1198)
        96                  17             0.16185   (      22    1859)
        97                  17             0.16381   (     695    1358)
        98                  17             0.16677   (     117    1320)
        99                  17             0.17615   (     709    1394)
       100                  17             0.19409   (     115    1399)
