Model_ID, [(c_i,i=0,n)_j,j=1,ntask]
           1    0.3210637659E+03   -0.3173875082E+03    0.1702967248E+03
           2    0.3197244876E+03   -0.3102620639E+03    0.3280508743E+03
           3    0.3195391203E+03   -0.3097780624E+03    0.3295351878E+03
           4    0.3167785028E+03   -0.3306014359E+03    0.2303157740E+03
           5    0.3066343085E+03   -0.3164529753E+03   -0.1988766274E+03
           6    0.3086503651E+03   -0.3162733100E+03   -0.1867986602E+03
           7    0.3055058737E+03   -0.3469001071E+03   -0.7473393036E+02
           8    0.3063360858E+03   -0.3166556083E+03   -0.1998911646E+03
           9    0.3127951892E+03   -0.3207055632E+03   -0.1025817234E+04
          10    0.3224669545E+03   -0.3202348458E+03    0.1333033382E+03
          11    0.3225989402E+03   -0.3205155471E+03    0.1320739067E+03
          12    0.3064033274E+03   -0.3056223537E+03    0.1094738783E+03
          13    0.3257734215E+03   -0.3204862236E+03    0.3199075941E+03
          14    0.2832440951E+03   -0.2778284683E+03    0.1284931378E+03
          15    0.2876017113E+03   -0.3328135377E+03    0.5050939848E+02
          16    0.3201718292E+03   -0.3149265235E+03    0.1525598043E+03
          17    0.3129709435E+03   -0.3123357041E+03   -0.2072659377E+03
          18    0.3200032139E+03   -0.3147111619E+03    0.1522244679E+03
          19    0.3123672630E+03   -0.3220916705E+03   -0.2061769276E+03
          20    0.3198232694E+03   -0.3142854076E+03    0.1532897080E+03
          21    0.3118413009E+03   -0.2938407761E+03    0.1055192114E+03
          22    0.3242179103E+03   -0.3023519436E+03   -0.3123486805E+03
          23    0.3167579811E+03   -0.3256971355E+03    0.8574383618E+03
          24    0.3162882103E+03   -0.3133589366E+03   -0.1445297277E+03
          25    0.3198407107E+03   -0.3144914707E+03    0.1516108184E+03
          26    0.3108351451E+03   -0.3176226760E+03    0.1091976821E+04
          27    0.3072462351E+03   -0.3186625539E+03   -0.2005952882E+03
          28    0.3007740852E+03   -0.3084982291E+03   -0.2323263311E+03
          29    0.3216861850E+03   -0.3039958760E+03   -0.1971000360E+03
          30    0.3133554471E+03   -0.3286304812E+03   -0.8341383067E+03
          31    0.2840835593E+03   -0.3327778847E+03    0.8422105264E+02
          32    0.3067589593E+03   -0.3203047749E+03   -0.1911463103E+03
          33    0.3186310303E+03   -0.3116913961E+03   -0.1905296049E+03
          34    0.3151433466E+03   -0.2987872524E+03    0.9374893252E+02
          35    0.3087456637E+03   -0.3172929783E+03   -0.1840319717E+03
          36    0.3201496957E+03   -0.3152413870E+03   -0.1559033427E+03
          37    0.3202976036E+03   -0.3155547722E+03   -0.1544912953E+03
          38    0.3229758171E+03   -0.3180682769E+03    0.1744703881E+03
          39    0.3240319391E+03   -0.3234632605E+03   -0.1173078453E+03
          40    0.3237423508E+03   -0.3199066340E+03    0.1656119689E+03
          41    0.3224166658E+03   -0.3000388023E+03   -0.2449619384E+03
          42    0.3002841587E+03   -0.3086736992E+03   -0.2348229490E+03
          43    0.3106347053E+03   -0.3166080938E+03   -0.1353864666E+03
          44    0.3172847682E+03   -0.3275299312E+03   -0.5190305075E+03
          45    0.3225788815E+03   -0.3006116312E+03   -0.2421738531E+03
          46    0.3008921061E+03   -0.3057685672E+03   -0.1740216811E+03
          47    0.3087624506E+03   -0.3198547770E+03   -0.1793644236E+03
          48    0.3135997115E+03   -0.3117205141E+03    0.8172797010E+02
          49    0.3046807373E+03   -0.3176299864E+03   -0.1128439558E+03
          50    0.3176544645E+03   -0.3095147390E+03   -0.1780607368E+03
          51    0.2887044461E+03   -0.3651441376E+03   -0.1108093039E+03
          52    0.3059400922E+03   -0.3188711281E+03   -0.2075001152E+03
          53    0.3064473620E+03   -0.3205522797E+03   -0.1922536193E+03
          54    0.3069537296E+03   -0.3009641563E+03    0.1087537621E+03
          55    0.3082946150E+03   -0.3245306794E+03   -0.1771484402E+03
          56    0.2949074166E+03   -0.3176807133E+03   -0.8581545826E+02
          57    0.3174554626E+03   -0.3092734603E+03   -0.1778973110E+03
          58    0.2940411918E+03   -0.3169167289E+03   -0.8750713381E+02
          59    0.3138965019E+03   -0.3077617186E+03    0.8515480755E+02
          60    0.3141488798E+03   -0.2966146844E+03    0.9254809362E+02
          61    0.3172633162E+03   -0.3088270206E+03   -0.1791667151E+03
          62    0.3201873888E+03   -0.2924373600E+03   -0.2770565162E+03
          63    0.3093855136E+03   -0.3161661479E+03   -0.1500204031E+03
          64    0.3121745953E+03   -0.3294526454E+03   -0.6444584944E+03
          65    0.3198953456E+03   -0.3161389811E+03   -0.2159476425E+03
          66    0.3168791350E+03   -0.3262514929E+03   -0.4897960882E+03
          67    0.3210673026E+03   -0.3053071144E+03    0.1409614149E+03
          68    0.3057219950E+03   -0.3190570361E+03   -0.2081914190E+03
          69    0.3201208790E+03   -0.2922186943E+03   -0.2778274537E+03
          70    0.3003199111E+03   -0.3049014214E+03   -0.1361868331E+03
          71    0.3105163491E+03   -0.2954360281E+03    0.8546864710E+02
          72    0.3129991944E+03   -0.3219636974E+03   -0.1001610068E+04
          73    0.2900333715E+03   -0.3354268136E+03    0.7686947063E+02
          74    0.3168581640E+03   -0.3333691318E+03   -0.5234715542E+03
          75    0.3172709027E+03   -0.3090392864E+03   -0.1772788827E+03
          76    0.3216362388E+03   -0.3147576462E+03    0.1870106548E+03
          77    0.3077171410E+03   -0.3220270021E+03   -0.1436144247E+03
          78    0.3087139619E+03   -0.3164576620E+03   -0.1530829738E+03
          79    0.3129020964E+03   -0.3286907301E+03   -0.8372815109E+03
          80    0.3090578856E+03   -0.3214834940E+03   -0.1437555624E+03
          81    0.3152073150E+03   -0.3271370186E+03   -0.5226060212E+03
          82    0.3024777373E+03   -0.3088759596E+03   -0.2212490117E+03
          83    0.3185533916E+03   -0.3152218677E+03    0.2296003012E+03
          84    0.3214988438E+03   -0.3144108245E+03    0.1880787990E+03
          85    0.3168164223E+03   -0.3152031970E+03   -0.3740618574E+03
          86    0.3141992709E+03   -0.3143033261E+03    0.4071254536E+03
          87    0.3014283893E+03   -0.2986796157E+03   -0.1761867269E+03
          88    0.3041386548E+03   -0.3147363611E+03   -0.1180579493E+03
          89    0.3111334569E+03   -0.3107559579E+03    0.1360017266E+03
          90    0.3229084060E+03   -0.3182694005E+03    0.2339001246E+03
          91    0.3136440447E+03   -0.3313895362E+03   -0.2363921596E+03
          92    0.3083230665E+03   -0.3219739236E+03   -0.1470665623E+03
          93    0.3158322573E+03   -0.3188997860E+03   -0.1193140070E+03
          94    0.2863434700E+03   -0.2918901256E+03    0.7138487375E+02
          95    0.3164851426E+03   -0.3193840924E+03   -0.1834778370E+03
          96    0.2796775475E+03   -0.2838308644E+03   -0.7995493555E+02
          97    0.3168366083E+03   -0.3266898639E+03    0.8424662945E+03
          98    0.3151072692E+03   -0.2988025329E+03    0.9435886588E+02
          99    0.3187744040E+03   -0.3340475748E+03   -0.6524304522E+03
         100    0.3032964908E+03   -0.3073187668E+03    0.1011518157E+03
