Model_ID, [(c_i,i=0,n)_j,j=1,ntask]
           1    0.8616481829E+02   -0.3130723081E+02   -0.3003055837E+03
           2    0.8691117566E+02   -0.3162750407E+02    0.2722532911E+03
           3    0.6147688863E+02   -0.4833338071E+02    0.1115997776E+03
           4    0.8965976842E+02   -0.3331789460E+02    0.4284139417E+02
           5    0.8478270852E+02   -0.3093677609E+02    0.1068160758E+03
           6    0.6713219846E+02   -0.2486698244E+02   -0.1033777653E+03
           7    0.6677790776E+02   -0.2447996162E+02   -0.1099123818E+03
           8    0.8900844161E+02   -0.3259580908E+02   -0.4417906368E+02
           9    0.8614085703E+02   -0.3159283797E+02   -0.8033020096E+02
          10    0.3721160761E+02   -0.2664975842E+02   -0.2179200471E+03
          11    0.6942702777E+02   -0.4842866032E+02   -0.8896676956E+02
          12    0.6212814774E+02    0.4873844686E+02    0.1114348679E+03
          13    0.7653065900E+02   -0.2152763091E+02   -0.1446370711E+03
          14    0.7680192063E+02   -0.2110876390E+02   -0.1438289475E+03
          15    0.6073390541E+02   -0.4775634280E+02    0.1146180571E+03
          16    0.7667804782E+02   -0.2108417079E+02   -0.1396866426E+03
          17    0.6149901015E+02    0.4808154664E+02    0.1109705613E+03
          18    0.6283792579E+02    0.4951149214E+02   -0.1075382448E+03
          19    0.5839921629E+02    0.4533870389E+02    0.1103191164E+03
          20    0.6624674808E+02    0.2496117957E+02   -0.4118192048E+02
          21    0.5340615266E+02   -0.3977629935E+02   -0.4231707278E+02
          22    0.7006799173E+02   -0.4926716962E+02   -0.8502626307E+02
          23    0.6264316686E+02   -0.3480011593E+02   -0.7519095607E+02
          24    0.6139145219E+02    0.4820893802E+02    0.1149950143E+03
          25    0.5892340930E+02    0.4581552384E+02    0.1104791120E+03
          26    0.6210520282E+02   -0.4888423138E+02   -0.1057822559E+03
          27    0.6269653560E+02    0.3474237244E+02   -0.7547099869E+02
          28    0.6058165322E+02    0.4693976936E+02    0.1002253394E+03
          29    0.8345097452E+02    0.2984105235E+02   -0.2900867317E+03
          30    0.8867861522E+02   -0.3189142581E+02    0.4095062219E+02
          31    0.6544659253E+02   -0.2484581400E+02   -0.6941981034E+02
          32    0.8672561862E+02   -0.3177676341E+02   -0.1017390039E+03
          33    0.7242607297E+02   -0.2744312667E+02   -0.6926075026E+02
          34    0.5659604786E+02   -0.3493242169E+02   -0.7574014107E+02
          35    0.8869444939E+02   -0.3183484121E+02    0.4006207866E+02
          36    0.6811558913E+02   -0.3879795137E+02   -0.7557875267E+02
          37    0.6385554111E+02    0.4352732806E+02    0.1043704623E+04
          38    0.8757125451E+02   -0.3268619718E+02    0.5379463081E+02
          39    0.6813320449E+02   -0.3877474741E+02   -0.7568594269E+02
          40    0.6534637027E+02   -0.3685983601E+02   -0.7345890023E+02
          41    0.8657377772E+02    0.3222691694E+02   -0.7501159912E+02
          42    0.6533551794E+02   -0.3691054008E+02   -0.7333471883E+02
          43    0.5354390834E+02   -0.3974793709E+02   -0.4214711148E+02
          44    0.6944347236E+02   -0.2558379858E+02   -0.1078465073E+03
          45    0.5826800460E+02    0.4547464672E+02    0.4886372977E+02
          46    0.6530892696E+02   -0.3690984998E+02   -0.7323138850E+02
          47    0.8763473700E+02   -0.3216231361E+02    0.7794337259E+02
          48    0.6169155248E+02   -0.5094212968E+02   -0.5153663033E+02
          49    0.6944873868E+02   -0.4811486062E+02   -0.9009014286E+02
          50    0.6314117801E+02    0.4340004891E+02    0.1518826256E+04
          51    0.5850553442E+02    0.4804274754E+02   -0.5202949731E+02
          52    0.6625757715E+02   -0.4657636834E+02   -0.8670101861E+02
          53    0.6075858113E+02    0.4750562780E+02    0.1139386633E+03
          54    0.6403850274E+02    0.2461947554E+02   -0.7902464735E+02
          55    0.6014936022E+02    0.4511197772E+02    0.9858958896E+02
          56    0.5998163647E+02    0.4628286648E+02    0.9864211206E+02
          57    0.6725460510E+02   -0.3657784574E+02   -0.8053349617E+02
          58    0.5674525515E+02    0.4465191825E+02    0.5158503409E+02
          59    0.8831805463E+02   -0.3198018075E+02   -0.2220764383E+03
          60    0.5310035095E+02   -0.3967197068E+02   -0.4322773080E+02
          61    0.7709480405E+02   -0.2150624519E+02   -0.1435333995E+03
          62    0.7546271723E+02    0.6052940635E+02   -0.7321216809E+02
          63    0.5964606892E+02   -0.4890310275E+02   -0.5245142004E+02
          64    0.5297951653E+02   -0.3957350248E+02   -0.4312176861E+02
          65    0.5197294694E+02    0.2760392173E+02   -0.6939500669E+02
          66    0.8859908511E+02   -0.3228106039E+02    0.4265250356E+02
          67    0.5971918753E+02   -0.4734708375E+02    0.5097546267E+02
          68    0.8836053745E+02    0.3205611780E+02   -0.4167901511E+02
          69    0.5777635198E+02    0.4140414651E+02    0.8847049818E+02
          70    0.8654548613E+02   -0.3235347054E+02    0.5316165461E+02
          71    0.5955293137E+02    0.4645585112E+02   -0.1058320045E+03
          72    0.6293517582E+02    0.4343836913E+02   -0.4609957344E+03
          73    0.6326600266E+02    0.4307572705E+02    0.9372120906E+03
          74    0.6475752639E+02    0.4153219359E+02   -0.7602882889E+02
          75    0.5646383863E+02    0.4100084264E+02    0.4202873121E+02
          76    0.8838723379E+02   -0.3204602790E+02   -0.4220154382E+02
          77    0.6323377372E+02    0.4779735536E+02    0.9772098660E+02
          78    0.5878196072E+02    0.4590447609E+02    0.4871571583E+02
          79    0.6249098893E+02   -0.2544110371E+02   -0.2552207747E+03
          80    0.6390246926E+02   -0.2549133348E+02   -0.1059926331E+03
          81    0.6253609369E+02   -0.4725709489E+02    0.9652761554E+02
          82    0.5959217289E+02    0.4454179157E+02    0.9744300583E+02
          83    0.8421036560E+02   -0.3149967248E+02    0.1027040565E+03
          84    0.5727318915E+02   -0.2365251526E+02   -0.6930485742E+02
          85    0.8274578461E+02   -0.3347764155E+02    0.1371469383E+03
          86    0.8857034021E+02   -0.3257824333E+02    0.2550934745E+03
          87    0.5976711255E+02    0.4585590402E+02   -0.9941307649E+02
          88    0.6638374647E+02   -0.4643436583E+02   -0.8672826972E+02
          89    0.6263998429E+02   -0.2560290507E+02   -0.2459391136E+03
          90    0.6234369356E+02    0.4870100917E+02    0.1068358220E+03
          91    0.8490326024E+02   -0.6705027314E+02    0.6587249855E+02
          92    0.6342388008E+02    0.2355578417E+02    0.2627918650E+03
          93    0.5321125228E+02    0.3969977576E+02   -0.4330171481E+02
          94    0.6164365837E+02   -0.4813814207E+02    0.1054918811E+03
          95    0.6477237241E+02    0.4148791566E+02   -0.7628960647E+02
          96    0.7816768259E+02   -0.2224872509E+02   -0.2005585998E+03
          97    0.6212703950E+02    0.4863568098E+02   -0.1052358520E+03
          98    0.5680423186E+02   -0.3462599325E+02   -0.7672324837E+02
          99    0.7119320665E+02   -0.2868274674E+02   -0.3931489312E+02
         100    0.7969466805E+02    0.3037124529E+02   -0.2577024251E+03
