        Rank        RMSE       MaxAE  Feature_ID
           1   37.592491   95.477321  (       1)
           2   38.257897   84.894587  (       2)
           3   38.418737  103.021546  (       3)
           4   38.471293  101.469841  (       4)
           5   38.956647   99.414627  (       5)
           6   39.045122   99.777301  (       6)
           7   39.050078   99.771521  (       7)
           8   39.073083   99.018073  (       8)
           9   39.087721  100.350743  (       9)
          10   39.112659   98.606021  (      10)
          11   39.158998   99.689234  (      11)
          12   39.162443  100.517899  (      12)
          13   39.255367  100.021472  (      13)
          14   39.275074   96.416859  (      14)
          15   39.366623  100.298783  (      15)
          16   39.409122  100.845256  (      16)
          17   39.431516   99.866840  (      17)
          18   39.445251   99.712241  (      18)
          19   39.470758   89.589473  (      19)
          20   39.472946   99.485593  (      20)
          21   39.475331   99.529202  (      21)
          22   39.497104  101.132611  (      22)
          23   39.523461   98.257806  (      23)
          24   39.523714   98.327157  (      24)
          25   39.556417  100.253429  (      25)
          26   39.584239  100.302685  (      26)
          27   39.595492   97.539559  (      27)
          28   39.662949   99.530629  (      28)
          29   39.689215  101.414887  (      29)
          30   39.730191   92.584192  (      30)
          31   39.735983   99.863684  (      31)
          32   39.744625   97.077176  (      32)
          33   39.798560   92.044972  (      33)
          34   39.876806   96.832033  (      34)
          35   39.918969  113.243590  (      35)
          36   39.951287  103.386399  (      36)
          37   39.998696   99.874386  (      37)
          38   40.010505  101.240786  (      38)
          39   40.034683   96.622816  (      39)
          40   40.057610   95.415125  (      40)
          41   40.062198  103.020546  (      41)
          42   40.147649  117.290086  (      42)
          43   40.168380  104.758207  (      43)
          44   40.184846   90.113204  (      44)
          45   40.215372  104.207173  (      45)
          46   40.247927  104.059864  (      46)
          47   40.248345  104.058240  (      47)
          48   40.248764  104.056617  (      48)
          49   40.294651  104.947878  (      49)
          50   40.326736   82.805717  (      50)
          51   40.414697   90.987938  (      51)
          52   40.451998   77.446390  (      52)
          53   40.458279  118.896768  (      53)
          54   40.462820  104.773458  (      54)
          55   40.479842  102.141341  (      55)
          56   40.502551   92.744308  (      56)
          57   40.514541   98.532355  (      57)
          58   40.523166  103.461475  (      58)
          59   40.564192  100.197410  (      59)
          60   40.587448  102.421536  (      60)
          61   40.591155  101.362436  (      61)
          62   40.680944  102.967336  (      62)
          63   40.685516  102.645024  (      63)
          64   40.688003  109.567881  (      64)
          65   40.721529  104.633406  (      65)
          66   40.730295  103.643708  (      66)
          67   40.737886  100.039351  (      67)
          68   40.753238  106.184905  (      68)
          69   40.757508   95.699558  (      69)
          70   40.759663  103.995197  (      70)
          71   40.771127  103.998440  (      71)
          72   40.774515  107.425315  (      72)
          73   40.798344  103.178029  (      73)
          74   40.828943  102.670066  (      74)
          75   40.830157   97.770578  (      75)
          76   40.832640  101.229845  (      76)
          77   40.842783   97.800576  (      77)
          78   40.886657  103.113868  (      78)
          79   40.898670   97.220255  (      79)
          80   40.907645   98.812157  (      80)
          81   40.920278  103.743428  (      81)
          82   40.921766  103.757701  (      82)
          83   40.923213  102.547340  (      83)
          84   40.924786  102.535818  (      84)
          85   40.925402  103.201964  (      85)
          86   40.929879  103.357484  (      86)
          87   40.957231  112.965753  (      87)
          88   40.980754  108.008389  (      88)
          89   40.980963  103.055139  (      89)
          90   40.996290   96.103807  (      90)
          91   41.004405  103.031952  (      91)
          92   41.011023  103.031801  (      92)
          93   41.015548  103.377880  (      93)
          94   41.016258   97.453470  (      94)
          95   41.021459  105.521545  (      95)
          96   41.036783   98.562786  (      96)
          97   41.062061  104.844338  (      97)
          98   41.066548  140.597750  (      98)
          99   41.101606  103.594904  (      99)
         100   41.113015  102.160221  (     100)
