      rank       #data_overlap        size_overlap          feature_ID
         1                   5             0.04031   (     617    1137)
         2                   5             0.06447   (       2    1157)
         3                   7             0.04578   (     325    1157)
         4                   8             0.05412   (     128    1157)
         5                   9             0.03382   (      51    1004)
         6                   9             0.05120   (     617    1512)
         7                   9             0.06745   (     454    1157)
         8                   9             0.11156   (     617    1424)
         9                   9             0.14026   (     617    1426)
        10                   9             0.14028   (     617    1427)
        11                   9             0.14132   (     617    1157)
        12                   9             0.15046   (     610    1157)
        13                   9             0.15046   (     611    1157)
        14                   9             0.15046   (     612    1157)
        15                   9             0.15046   (     613    1157)
        16                   9             0.15046   (     614    1157)
        17                   9             0.15046   (     615    1157)
        18                   9             0.15046   (     620    1157)
        19                   9             0.15046   (     616    1157)
        20                   9             0.15046   (     618    1157)
        21                   9             0.16767   (     617    1409)
        22                   9             0.16767   (     617    1166)
        23                   9             0.16767   (     617    1411)
        24                   9             0.16767   (     617    1419)
        25                   9             0.16767   (     617    1420)
        26                   9             0.16767   (     617    1422)
        27                   9             0.16767   (     617    1415)
        28                   9             0.16767   (     617    1416)
        29                   9             0.16767   (     617    1417)
        30                  10             0.04118   (      16    1650)
        31                  10             0.05257   (       5    1001)
        32                  10             0.11178   (     715    1074)
        33                  11             0.02384   (       1    1001)
        34                  11             0.02710   (       1    1010)
        35                  11             0.03177   (       1    1004)
        36                  11             0.04550   (     208    1010)
        37                  11             0.05401   (     325    1137)
        38                  11             0.06125   (       5    1162)
        39                  11             0.06438   (       3    1042)
        40                  11             0.06450   (       3    1041)
        41                  11             0.07155   (       3    1040)
        42                  11             0.10205   (     714    1074)
        43                  12             0.02836   (       1    1005)
        44                  12             0.02999   (       1    1006)
        45                  12             0.03013   (       3    1010)
        46                  12             0.03321   (       1    1008)
        47                  12             0.03420   (       3    1069)
        48                  12             0.03420   (       1    1069)
        49                  12             0.03462   (       3    1001)
        50                  12             0.03471   (       1    1221)
        51                  12             0.03648   (     119    1650)
        52                  12             0.03735   (       3    1004)
        53                  12             0.03782   (       1    1073)
        54                  12             0.03810   (       1    1205)
        55                  12             0.04196   (      12    1062)
        56                  12             0.04342   (      51    1002)
        57                  12             0.04408   (       1    1209)
        58                  12             0.04641   (       5    1137)
        59                  12             0.04678   (      51    1003)
        60                  12             0.04704   (      14     264)
        61                  12             0.05062   (     128    1650)
        62                  12             0.05201   (       8    1009)
        63                  12             0.05442   (      51    1018)
        64                  12             0.05604   (      14    1053)
        65                  12             0.05604   (      49    1053)
        66                  12             0.05604   (       4    1053)
        67                  12             0.05604   (      12    1005)
        68                  12             0.05604   (      12    1006)
        69                  12             0.05604   (      12    1009)
        70                  12             0.05657   (       8    1005)
        71                  12             0.05816   (      14      35)
        72                  12             0.05867   (       3    1112)
        73                  12             0.05924   (     864    1053)
        74                  12             0.06010   (      66    1053)
        75                  12             0.06045   (       8    1006)
        76                  12             0.06279   (      16    1512)
        77                  12             0.06327   (     128    1512)
        78                  12             0.06450   (       3    1084)
        79                  12             0.06450   (       3    1085)
        80                  12             0.06450   (       3    1086)
        81                  12             0.06515   (       3    1043)
        82                  12             0.06532   (      51    1008)
        83                  12             0.06584   (       3    1094)
        84                  12             0.06705   (     867    1650)
        85                  12             0.06730   (      51    1590)
        86                  12             0.06760   (       8    1062)
        87                  12             0.07049   (       3    1089)
        88                  12             0.07219   (      51    1073)
        89                  12             0.07322   (      14     983)
        90                  12             0.07484   (     382     448)
        91                  12             0.07724   (       4     983)
        92                  12             0.07755   (      13     983)
        93                  12             0.07758   (     447    1404)
        94                  12             0.07758   (     715    1404)
        95                  12             0.07758   (     448    1404)
        96                  12             0.07927   (     382     447)
        97                  12             0.08517   (     382     715)
        98                  12             0.09405   (     446    1074)
        99                  12             0.09803   (     909    1010)
       100                  12             0.11649   (     711    1074)
