        Rank        RMSE       MaxAE  Feature_ID
           1   10.427427   23.718142  (       1)
           2   10.723004   21.538665  (       2)
           3   10.789977   22.935669  (       3)
           4   10.807081   22.036779  (       4)
           5   10.842555   21.929306  (       5)
           6   10.855952   22.131313  (       6)
           7   10.887907   22.731663  (       7)
           8   10.902464   22.906516  (       8)
           9   10.914264   32.651224  (       9)
          10   10.952957   22.914324  (      10)
          11   10.955415   25.076239  (      11)
          12   10.963071   23.890254  (      12)
          13   10.966635   22.960522  (      13)
          14   10.976964   26.629971  (      14)
          15   10.979156   22.636759  (      15)
          16   10.986312   22.715362  (      16)
          17   10.993532   23.015852  (      17)
          18   11.004393   28.906876  (      18)
          19   11.005563   22.408415  (      19)
          20   11.024223   30.221262  (      20)
          21   11.027182   28.493998  (      21)
          22   11.034794   26.280255  (      22)
          23   11.041931   29.324955  (      23)
          24   11.042043   22.860141  (      24)
          25   11.045797   24.215065  (      25)
          26   11.049125   28.660327  (      26)
          27   11.049404   30.592556  (      27)
          28   11.053853   28.689081  (      28)
          29   11.055745   23.036276  (      29)
          30   11.060246   21.942497  (      30)
          31   11.062526   33.587810  (      31)
          32   11.062527   22.853715  (      32)
          33   11.063105   28.408628  (      33)
          34   11.063558   22.619216  (      34)
          35   11.073661   30.391018  (      35)
          36   11.080711   23.385365  (      36)
          37   11.083962   26.035928  (      37)
          38   11.085552   22.872165  (      38)
          39   11.089990   23.368671  (      39)
          40   11.095288   23.054084  (      40)
          41   11.096131   22.551838  (      41)
          42   11.103116   25.551916  (      42)
          43   11.103871   21.316143  (      43)
          44   11.106664   32.647919  (      44)
          45   11.107857   22.632876  (      45)
          46   11.110069   27.310531  (      46)
          47   11.111857   25.376101  (      47)
          48   11.114459   22.297986  (      48)
          49   11.114936   22.179902  (      49)
          50   11.115232   25.288869  (      50)
          51   11.128127   25.448608  (      51)
          52   11.130810   25.456315  (      52)
          53   11.134019   27.673493  (      53)
          54   11.138048   22.756264  (      54)
          55   11.138300   26.227785  (      55)
          56   11.139792   22.264319  (      56)
          57   11.142875   23.331180  (      57)
          58   11.144631   22.446318  (      58)
          59   11.145535   22.368167  (      59)
          60   11.148758   25.991289  (      60)
          61   11.153005   21.594300  (      61)
          62   11.153173   23.249263  (      62)
          63   11.153583   23.661501  (      63)
          64   11.157353   23.795356  (      64)
          65   11.157932   25.516099  (      65)
          66   11.159004   22.182313  (      66)
          67   11.159328   22.176499  (      67)
          68   11.159695   26.931731  (      68)
          69   11.159728   22.170721  (      69)
          70   11.160862   25.088105  (      70)
          71   11.162406   26.967342  (      71)
          72   11.163869   26.976362  (      72)
          73   11.165560   22.602967  (      73)
          74   11.168016   22.581869  (      74)
          75   11.168160   26.878458  (      75)
          76   11.169992   23.246055  (      76)
          77   11.171305   27.523230  (      77)
          78   11.175192   23.716548  (      78)
          79   11.175560   23.942601  (      79)
          80   11.180808   25.346230  (      80)
          81   11.181122   21.578219  (      81)
          82   11.182651   22.798935  (      82)
          83   11.183915   22.749755  (      83)
          84   11.185486   23.481766  (      84)
          85   11.186476   27.584093  (      85)
          86   11.189201   22.501152  (      86)
          87   11.189665   22.495431  (      87)
          88   11.190205   22.489746  (      88)
          89   11.191093   31.258277  (      89)
          90   11.193075   22.667799  (      90)
          91   11.193802   22.102199  (      91)
          92   11.195415   23.290880  (      92)
          93   11.196108   25.098185  (      93)
          94   11.196127   22.624749  (      94)
          95   11.196615   22.619489  (      95)
          96   11.197168   22.614258  (      96)
          97   11.198415   22.651632  (      97)
          98   11.202588   27.093215  (      98)
          99   11.204093   22.619686  (      99)
         100   11.207143   30.068979  (     100)
