      rank       #data_overlap        size_overlap          feature_ID
         1                  14             0.08377   (       5    1002)
         2                  16             0.07890   (     375    1002)
         3                  16             0.20098   (       1    1002)
         4                  16             0.21406   (       4    1400)
         5                  17             0.10815   (     373    1002)
         6                  17             0.10815   (     613    1002)
         7                  17             0.11199   (     166    1002)
         8                  17             0.22095   (     166    1019)
         9                  18             0.04081   (      50    1002)
        10                  18             0.05565   (     371    1002)
        11                  18             0.07494   (     374    1002)
        12                  18             0.10815   (     372    1002)
        13                  18             0.10815   (     606    1002)
        14                  18             0.10815   (     607    1002)
        15                  18             0.10815   (     608    1002)
        16                  18             0.10815   (     611    1002)
        17                  18             0.10815   (     612    1002)
        18                  18             0.10815   (     618    1002)
        19                  18             0.11995   (     175    1002)
        20                  18             0.12083   (     616    1002)
        21                  18             0.13546   (     615    1002)
        22                  18             0.19185   (      49    1005)
        23                  18             0.19969   (     166    1071)
        24                  18             0.22478   (       4    1030)
        25                  18             0.25048   (     166    1099)
        26                  18             0.25921   (     377    1005)
        27                  18             0.26100   (     166    1091)
        28                  18             0.26113   (      62    1338)
        29                  19             0.11142   (       3    1593)
        30                  19             0.19232   (     334    1005)
        31                  19             0.19326   (       4    1129)
        32                  19             0.19326   (       4    1132)
        33                  19             0.19345   (     333    1005)
        34                  19             0.19888   (      13    1005)
        35                  19             0.19938   (     544     812)
        36                  19             0.19938   (     544    1003)
        37                  19             0.19996   (     162    1005)
        38                  19             0.20246   (      49    1714)
        39                  19             0.20246   (      49    1682)
        40                  19             0.20338   (     160    1005)
        41                  19             0.20873   (       5    1019)
        42                  19             0.21073   (       4    1134)
        43                  19             0.21073   (       4    1135)
        44                  19             0.21090   (       4    1128)
        45                  19             0.21601   (     377    1056)
        46                  19             0.21657   (       4    1131)
        47                  19             0.21657   (       4      17)
        48                  19             0.21667   (     177    1002)
        49                  19             0.21678   (     166    1147)
        50                  19             0.22367   (     377    1052)
        51                  19             0.22715   (       4    1048)
        52                  19             0.22910   (     161    1005)
        53                  19             0.23016   (     166    1983)
        54                  19             0.23182   (     162     654)
        55                  19             0.23816   (       4    1123)
        56                  19             0.25106   (       4    1013)
        57                  20             0.06263   (       3    1362)
        58                  20             0.06787   (       3    1010)
        59                  20             0.07119   (       3    1119)
        60                  20             0.09917   (       3    1438)
        61                  20             0.09917   (       3    1439)
        62                  20             0.09939   (       3    1599)
        63                  20             0.11120   (       3    1005)
        64                  20             0.12604   (      50    1071)
        65                  20             0.14134   (       3    1043)
        66                  20             0.15424   (     332    1056)
        67                  20             0.15667   (     374    1019)
        68                  20             0.15936   (     620    1002)
        69                  20             0.17565   (     332    1089)
        70                  20             0.18947   (      51    1370)
        71                  20             0.19412   (     544    1048)
        72                  20             0.19433   (     544    1023)
        73                  20             0.20290   (     334    1682)
        74                  20             0.20290   (     334    1714)
        75                  20             0.20523   (     166    1213)
        76                  20             0.20617   (     333    1714)
        77                  20             0.20617   (     333    1682)
        78                  20             0.21046   (     177    1335)
        79                  20             0.21311   (     162    1714)
        80                  20             0.21311   (     162    1682)
        81                  20             0.21623   (     166    2000)
        82                  20             0.23115   (     166    1922)
        83                  20             0.23450   (     613    1019)
        84                  20             0.23450   (     373    1019)
        85                  20             0.23489   (       4    1113)
        86                  20             0.23569   (      51    1375)
        87                  20             0.23623   (       4     833)
        88                  20             0.24018   (     162    1028)
        89                  20             0.24018   (     334    1028)
        90                  20             0.24018   (     333    1028)
        91                  20             0.24089   (      51    1371)
        92                  20             0.24251   (     175    1019)
        93                  20             0.25224   (      51    1102)
        94                  20             0.25298   (      51    1052)
        95                  20             0.25717   (      51    1368)
        96                  20             0.25859   (     377     553)
        97                  20             0.26662   (     166    1027)
        98                  20             0.26710   (     377    1147)
        99                  20             0.27380   (     343    1028)
       100                  20             0.27428   (     344    1028)
