The coordinates (x,y) of 2D-vertices arranged in clockwise direction
Task :    1
Hull    1
   -0.2048000000E+00    0.6706290573E+00
   -0.1094000000E+00    0.9341330624E+00
    0.9480000000E+00    0.1185094800E+01
    0.1000000000E+01    0.9783000000E+00
    0.9098000000E+00    0.4668196810E+00
    0.6464000000E+00    0.2557844230E+00
    0.4288000000E+00    0.8245299149E-01
    0.3112000000E+00    0.2106604915E-01
    0.2647000000E+00    0.0000000000E+00
    0.0000000000E+00    0.0000000000E+00
Hull    2
    0.3470000000E+00    0.9100147870E-01
    0.7414000000E+00    0.6293705676E+00
    0.1781400000E+01    0.9087335371E+00
    0.1579400000E+01    0.3303388611E+00
    0.1526900000E+01    0.3043482151E+00
    0.3658000000E+00    0.2744988074E-01
