        Rank        RMSE       MaxAE  Feature_ID
           1    2.800035    7.264420  (    9617   12319)
           2    2.809231    7.470295  (    7969   17586)
           3    2.823902    6.817855  (    9617   16606)
           4    2.825263    6.572813  (    9349   16606)
           5    2.873132    7.676210  (    4545   17586)
           6    2.897382    7.370089  (    7969   16606)
           7    2.937117    7.873732  (    7969   12319)
           8    2.937560    6.908142  (    9349   12319)
           9    2.970456    7.198840  (    9617   17586)
          10    3.001301    6.985677  (    9349   17586)
          11    3.006065    7.985533  (    7969   17226)
          12    3.010013    8.568962  (    1339   12319)
          13    3.014895    6.203287  (    4545   12319)
          14    3.022850    6.292717  (    8570   17586)
          15    3.023299    8.574023  (    6517   12319)
          16    3.055617    7.471426  (    5656   17586)
          17    3.055856    6.487667  (    8570   12319)
          18    3.058682    7.775609  (    1431   17586)
          19    3.061138    7.382211  (    6242   16606)
          20    3.061416    8.409596  (    1339   17586)
          21    3.062157    6.711745  (    1964   12319)
          22    3.063736    9.164475  (     385   12319)
          23    3.071651    8.096952  (     268   16606)
          24    3.078050    6.541101  (    6626   17586)
          25    3.078707    8.321696  (     525   16397)
          26    3.083453    8.513776  (     268   12319)
          27    3.091366    8.278793  (    3924   18631)
          28    3.091513    8.051312  (    1431   12319)
          29    3.103343    6.705927  (    5457   12319)
          30    3.106102    8.243697  (    6517   16606)
          31    3.113411    6.717336  (    5457   17586)
          32    3.114250    7.025199  (    5457   16606)
          33    3.119186    7.312498  (    1964   16606)
          34    3.126728    8.162816  (    9756   16606)
          35    3.128039    8.470735  (    6517   17586)
          36    3.130601   10.497634  (    2931   14832)
          37    3.132111    7.358947  (      90   17424)
          38    3.132191    7.670211  (    6242   17586)
          39    3.133116    6.330553  (    3775   11346)
          40    3.133916   10.663086  (    6406   14832)
          41    3.134722    7.687219  (    1431   16606)
          42    3.134853    9.262622  (    5077   14832)
          43    3.136315    8.763293  (     783   12319)
          44    3.136723    6.860989  (    1143   12319)
          45    3.138325    6.656904  (    9883   12319)
          46    3.138822    7.649373  (    4545   16606)
          47    3.140734    9.266564  (    5077   14843)
          48    3.142835   10.670041  (    6406   14843)
          49    3.143820    7.931763  (    6242   12319)
          50    3.144300    7.482913  (    2038   12319)
          51    3.146166    7.442993  (    4210   17586)
          52    3.146921   10.511015  (    2931   14843)
          53    3.148243    6.127946  (     943   10074)
          54    3.151572    7.740297  (    8624   17424)
          55    3.154074    8.449540  (     253   16397)
          56    3.155249   10.131844  (    3776   10335)
          57    3.156307    8.387717  (     783   16606)
          58    3.157059    7.699226  (    7405   11399)
          59    3.159707   10.092498  (    8603   14532)
          60    3.159717    6.919712  (    6626   12319)
          61    3.162850   10.070234  (    8755   14532)
          62    3.164881    7.607373  (    1964   17586)
          63    3.165838    8.755123  (     333   12319)
          64    3.166864   10.256161  (     756   14832)
          65    3.167795    8.698137  (     253   12319)
          66    3.167974   10.256203  (     756   14843)
          67    3.168508    8.670804  (     525   12319)
          68    3.169142    8.364944  (     333   16606)
          69    3.170514    9.510785  (    2764   10536)
          70    3.173652   10.603461  (    6406   18540)
          71    3.173815    8.434434  (    9212   14832)
          72    3.174685    7.774238  (    9756   17226)
          73    3.174689    7.249267  (    1143   16606)
          74    3.177017    8.435563  (    9212   14843)
          75    3.178610    7.704262  (    8854   17424)
          76    3.181424    8.923827  (     385   16606)
          77    3.181865    6.848439  (    4210   16606)
          78    3.184516   10.647652  (    6406   16942)
          79    3.185595    8.381188  (    1339   16606)
          80    3.189132    8.482979  (    9067   16606)
          81    3.191355    8.504191  (    1107   18631)
          82    3.191493    7.511025  (    1143   17586)
          83    3.194092    8.339995  (     253   16606)
          84    3.195753    7.718942  (    2965   11346)
          85    3.196437    8.906371  (    2764   14167)
          86    3.198014    6.954250  (    5674   17424)
          87    3.199160   10.298289  (    9818   16622)
          88    3.199520    7.727487  (    2751   10796)
          89    3.200311    9.518994  (    9457   15274)
          90    3.201825    8.503599  (    3631   17226)
          91    3.202788    5.466622  (    1011   10074)
          92    3.203213    7.953614  (    1263   16397)
          93    3.207364   10.539362  (    9818   18540)
          94    3.209295    7.198337  (    4872   17424)
          95    3.209923    9.345258  (    9600   10263)
          96    3.210845    8.856877  (    3583   11346)
          97    3.211945   10.509811  (    2931   16942)
          98    3.211948    6.502891  (    4210   12319)
          99    3.216439   10.240284  (     756   16942)
         100    3.217132    8.393350  (    7717   11454)
