Model_ID, [(c_i,i=0,n)_j,j=1,ntask]
           1    0.3238779961E+02   -0.8672112203E+01   -0.8345143801E+02
           2    0.2832473976E+02   -0.1007910332E+02   -0.1851477973E+03
           3    0.3234632898E+02   -0.8825377183E+01    0.9270338365E+02
           4    0.3062628129E+02   -0.8025464127E+01    0.9258895294E+02
           5    0.2814336088E+02   -0.9965213326E+01   -0.1800793446E+03
           6    0.2830587579E+02   -0.1000130519E+02    0.9124320092E+02
           7    0.2838017059E+02   -0.9808097451E+01   -0.8151929105E+02
           8    0.3061274352E+02   -0.7849270402E+01   -0.8198064270E+02
           9    0.3223907807E+02   -0.8819492997E+01   -0.1826695114E+03
          10    0.3050179553E+02   -0.8011248762E+01   -0.1817229539E+03
          11    0.2842899224E+02   -0.1005400577E+02   -0.1417206864E+03
          12    0.2153744643E+02   -0.8834376830E+01   -0.7651838284E+02
          13    0.2819079791E+02   -0.9697521205E+01   -0.7909664751E+02
          14    0.2985219669E+02   -0.1110960386E+02   -0.1805783434E+03
          15    0.3056895172E+02   -0.1160722167E+02   -0.8002058827E+02
          16    0.2776635710E+02   -0.9894896827E+01   -0.1770413119E+03
          17    0.2991510864E+02   -0.1084851601E+02   -0.8045243534E+02
          18    0.2052831536E+02   -0.8179465629E+01   -0.1697769122E+03
          19    0.2847021074E+02   -0.1040603392E+02    0.8846234679E+02
          20    0.2126280264E+02   -0.9008189543E+01   -0.1694621166E+03
          21    0.2981580048E+02   -0.1014838001E+02   -0.7658915491E+02
          22    0.2272475802E+02   -0.9200459983E+01   -0.7413221626E+02
          23    0.2167874775E+02   -0.8470526351E+01    0.8189481298E+02
          24    0.2956090206E+02   -0.1112042088E+02   -0.1775167298E+03
          25    0.2197996140E+02    0.1262991290E+02    0.8782790782E+02
          26    0.2186700322E+02   -0.8328923448E+01   -0.7353091972E+02
          27    0.2203850968E+02   -0.1243472140E+02    0.8894309834E+02
          28    0.2079317127E+02   -0.7997923460E+01   -0.7570187847E+02
          29    0.3064898686E+02   -0.1001666338E+02   -0.7862504913E+02
          30    0.3046331562E+02   -0.1177935157E+02    0.8804842104E+02
          31    0.3057894161E+02   -0.1023635566E+02   -0.1753309885E+03
          32    0.3059294199E+02   -0.1019039857E+02    0.8736274371E+02
          33    0.2971893324E+02   -0.1030179070E+02    0.8445762855E+02
          34    0.2977616633E+02   -0.1032784408E+02    0.8914897962E+02
          35    0.3043396828E+02   -0.1182248653E+02   -0.1761274242E+03
          36    0.6432957768E+01   -0.8090200552E+01   -0.3295505983E+03
          37    0.3295078972E+02   -0.1191931791E+02    0.9509565391E+02
          38    0.2840586732E+02   -0.1042468481E+02   -0.1757121222E+03
          39    0.1879081160E+02   -0.1815625996E+02   -0.1210343191E+03
          40    0.3264454173E+01    0.1388735926E+02   -0.3391301865E+03
          41    0.2056627336E+02   -0.8121588469E+01    0.8362478338E+02
          42    0.6743590905E+01    0.7997207919E+01   -0.3359812990E+03
          43    0.2275127040E+02    0.1168532738E+02   -0.7424530295E+02
          44    0.2954200408E+02   -0.1015866836E+02   -0.7481591667E+02
          45    0.2943598291E+02   -0.1025992799E+02   -0.7998910092E+02
          46    0.2802884571E+02   -0.9824253645E+01    0.8646662333E+02
          47    0.6732905893E+01    0.7999373880E+01   -0.3344450866E+03
          48    0.3253704670E+01    0.1388931281E+02   -0.3374259807E+03
          49    0.2850964652E+02   -0.1019206593E+02   -0.7854560116E+02
          50    0.3158590619E+02   -0.1146663845E+02   -0.7572588482E+02
          51    0.1799617587E+02   -0.9704424077E+01   -0.1728439414E+03
          52    0.6424225241E+01   -0.8088631792E+01   -0.3274736453E+03
          53    0.1670888987E+02   -0.1042989717E+02    0.1970147251E+03
          54    0.2426098031E+02    0.1306767160E+02    0.1064074639E+03
          55    0.2204930018E+02    0.1245194114E+02    0.8579188152E+02
          56    0.3445890528E+02   -0.9517145264E+01   -0.1336703442E+03
          57    0.2256637286E+02    0.1187284824E+02    0.8227717141E+02
          58    0.1686398003E+02   -0.1501027874E+02    0.7403655645E+02
          59    0.4698551973E+01    0.2421472306E+02    0.1020805933E+03
          60    0.2959699795E+02   -0.1084271376E+02   -0.7854802554E+02
          61    0.4607065663E+01   -0.2430506409E+02    0.1021042129E+03
          62    0.2967375413E+02   -0.1032856339E+02   -0.1682349780E+03
          63    0.2275252935E+02    0.1190868329E+02   -0.7278574309E+02
          64    0.2148519004E+01   -0.1668783175E+02   -0.3161886484E+03
          65    0.2261793256E+02    0.1241103360E+02   -0.7244108899E+02
          66    0.2135622280E+01   -0.1669535951E+02   -0.3149640417E+03
          67    0.2253557966E+02    0.1255449828E+02   -0.7326012734E+02
          68    0.2257705702E+02    0.1210362533E+02    0.8085169986E+02
          69    0.2972415678E+02   -0.8345294613E+01   -0.8180183477E+02
          70    0.2220410066E+01    0.1445560769E+02    0.3352898048E+03
          71    0.6459411810E+01   -0.7841036363E+01   -0.3420657243E+03
          72    0.2993981338E+02   -0.1040357706E+02   -0.1394640328E+03
          73    0.2945486389E+02   -0.1031607607E+02    0.8268107661E+02
          74    0.6447967020E+01   -0.7844146569E+01   -0.3406516850E+03
          75    0.2424912486E+02    0.1301968618E+02    0.1060612399E+03
          76    0.2250734074E+02   -0.9314237896E+01    0.8083414651E+02
          77    0.1805960112E+02   -0.9648507911E+01    0.8566983608E+02
          78    0.3029442011E+01    0.1401630724E+02    0.3397707157E+03
          79    0.2128156103E+02   -0.8928483668E+01    0.8281906147E+02
          80    0.2488311185E+02   -0.7524964841E+01    0.8807394635E+02
          81    0.2211520331E+02   -0.1232820001E+02    0.8465240016E+02
          82    0.2942663916E+02   -0.1035337334E+02   -0.1654148002E+03
          83    0.2243364861E+02    0.1260264344E+02    0.8014290707E+02
          84    0.1883536027E+02    0.1851876175E+02   -0.1188420014E+03
          85    0.2971500060E+02   -0.8305851859E+01    0.9178680405E+02
          86    0.2048650912E+02    0.1927279561E+02    0.1037370823E+03
          87    0.5170579481E+01    0.9819180972E+01   -0.3452058567E+03
          88    0.3135684087E+02   -0.1748362414E+02   -0.9394020369E+02
          89    0.5238400803E+01   -0.5956007940E+01    0.3808660394E+03
          90    0.2911039028E+02   -0.1032281302E+02   -0.1337571583E+03
          91    0.1634988209E+02   -0.9389574087E+01    0.1953721769E+03
          92    0.2094126226E+02    0.1132330752E+02    0.8765195475E+02
          93    0.4652862809E+01    0.9925995218E+01    0.3396818932E+03
          94    0.2624402690E+02   -0.1432716118E+02    0.1028727480E+03
          95    0.3842342844E+01   -0.1419565948E+02    0.3278507808E+03
          96    0.1620050204E+02   -0.1768797278E+02   -0.1193066002E+03
          97    0.6239559439E+01   -0.8151367008E+01    0.3282280245E+03
          98    0.1831506091E+02   -0.9472143264E+01   -0.7665122386E+02
          99    0.1919748445E+01   -0.1683110535E+02    0.3162719996E+03
         100    0.2306372471E+02    0.2508886885E+02   -0.9874012478E+02
