Model_ID, [(c_i,i=0,n)_j,j=1,ntask]
           1    0.3988455571E+01    0.3516497894E+02   -0.4710451216E+02
           2    0.3388497951E+01    0.3167861570E+02    0.4804146203E+02
           3    0.3315078877E+01    0.3170587542E+02    0.4809301032E+02
           4    0.3212430910E+01    0.3189634573E+02    0.4875661369E+02
           5    0.3170145374E+01    0.3196025310E+02    0.4869983621E+02
           6    0.3176746447E+01    0.3194631845E+02    0.4860972937E+02
           7    0.3183390356E+01    0.3193200538E+02    0.4851215270E+02
           8    0.2796345891E+01    0.3241786149E+02    0.4696642242E+02
           9    0.3140208706E+01    0.3189558707E+02   -0.9784810830E+02
          10    0.3142350305E+01    0.3198960210E+02    0.4835058892E+02
          11    0.3132808235E+01    0.3211139964E+02   -0.8039057985E+02
          12    0.3151034514E+01    0.3189152268E+02    0.4713894207E+02
          13    0.2862203285E+01    0.3277477316E+02   -0.4273149352E+02
          14    0.2924492791E+01    0.3162573222E+02   -0.7744301731E+02
          15    0.3404497639E+01    0.3206428162E+02   -0.4290516114E+02
          16    0.3096673422E+01    0.3145579191E+02   -0.6080496038E+02
          17    0.3284181517E+01    0.3258212490E+02   -0.4197750270E+02
          18    0.2219229389E+01    0.1193704873E+02   -0.1458491992E+02
          19    0.3266861450E+01    0.3215919499E+02    0.4521206823E+02
          20    0.3105240186E+01    0.3226382041E+02    0.8110189047E+02
          21    0.3224858805E+01    0.3119192854E+02    0.1017035406E+03
          22    0.2922101605E+01    0.3203625043E+02    0.6527597171E+02
          23    0.3391470349E+01    0.3118712511E+02    0.5193274191E+02
          24    0.3245373773E+01    0.3326610380E+02   -0.3286309177E+02
          25    0.3116256212E+01    0.3143292523E+02   -0.5102983178E+02
          26    0.4506669220E+01    0.1055150809E+02   -0.6307578205E+02
          27    0.3470879607E+01    0.3115504174E+02    0.5178386069E+02
          28    0.2920406933E+01    0.3213902221E+02    0.6702653586E+02
          29    0.4020690550E+01    0.3381954181E+02    0.5949349086E+02
          30    0.3280856651E+01    0.3139052942E+02    0.5283725018E+02
          31    0.2890418145E+01    0.3209341115E+02   -0.1913097368E+03
          32    0.3344596220E+01    0.3202810677E+02   -0.4202220127E+02
          33    0.3052531161E+01    0.3210325268E+02    0.4765097336E+02
          34    0.3304542179E+01    0.3160865329E+02   -0.2702959399E+02
          35    0.3235103173E+01    0.3145949785E+02   -0.5274854246E+02
          36    0.2883745602E+01    0.3256764148E+02   -0.4396727481E+02
          37    0.3807045481E+01    0.3140498258E+02    0.4226393773E+02
          38    0.3441632914E+01    0.3183962097E+02    0.4421919461E+02
          39    0.3134912335E+01    0.3128829936E+02   -0.6080985826E+02
          40    0.3255855751E+01    0.3219439311E+02   -0.4247399196E+02
          41    0.3242138909E+01    0.3144530614E+02   -0.5264033537E+02
          42    0.3405936464E+01    0.3260008293E+02    0.3671696772E+02
          43    0.2324196007E+01    0.1201944145E+02   -0.1326565026E+02
          44    0.4069306958E+01    0.3416637770E+02    0.6010251820E+02
          45    0.3119777244E+01    0.3151641361E+02   -0.5116629874E+02
          46    0.3420109337E+01    0.3188835443E+02    0.4162312213E+02
          47    0.2923208322E+01    0.1167630249E+02   -0.1444063310E+02
          48    0.3812152518E+01    0.3421026553E+02    0.6021181580E+02
          49    0.3195992198E+01    0.3106126821E+02    0.6269977664E+02
          50    0.2870719120E+01    0.3224652339E+02   -0.8271968632E+02
          51    0.3139744919E+01    0.3115251619E+02   -0.6286630935E+02
          52    0.3249215471E+01    0.3143074311E+02    0.5252218427E+02
          53    0.3224165742E+01    0.3224093710E+02   -0.4241619843E+02
          54    0.3203440303E+01    0.3215450469E+02   -0.3848602908E+02
          55    0.3329738297E+01    0.3082052033E+02    0.6116325478E+02
          56    0.3679546235E+01    0.3191683996E+02    0.4117051494E+02
          57    0.3078918904E+01    0.3147697502E+02    0.5859211355E+02
          58    0.3716415982E+01    0.3186138521E+02    0.4355739066E+02
          59    0.3080937841E+01    0.3144911744E+02    0.5909896314E+02
          60    0.2740223830E+01    0.3275163156E+02   -0.5703548775E+02
          61    0.3084150702E+01    0.3195149849E+02    0.4359308653E+02
          62    0.3615409394E+01    0.3173517229E+02    0.4276111201E+02
          63    0.3514205104E+01    0.3211678277E+02    0.3701092158E+02
          64    0.3073046326E+01    0.3157075970E+02    0.5663289906E+02
          65    0.4713448950E+01    0.1516625707E+02   -0.6511537206E+02
          66    0.3072592385E+01    0.3157930384E+02    0.5643222848E+02
          67    0.3107954215E+01    0.3161875549E+02    0.5401530328E+02
          68    0.3088396678E+01    0.3135649652E+02    0.6057998155E+02
          69    0.3318651812E+01    0.3235862332E+02    0.4296624319E+02
          70    0.3085403563E+01    0.3123580059E+02   -0.6276540927E+02
          71    0.2943572527E+01    0.3169956690E+02   -0.7607963003E+02
          72    0.3148393308E+01    0.3113622095E+02    0.6270805048E+02
          73    0.2899991418E+01    0.1168736246E+02   -0.1442595802E+02
          74    0.3225120714E+01    0.3140061312E+02    0.5291494509E+02
          75    0.2878561603E+01    0.1166237340E+02   -0.1487759861E+02
          76    0.4421051966E+01    0.1541495991E+02   -0.6549993739E+02
          77    0.3090293412E+01    0.3133479200E+02    0.6088631869E+02
          78    0.3048847802E+01    0.3271057789E+02   -0.3667707384E+02
          79    0.3170266382E+01    0.3179157525E+02   -0.8248728960E+02
          80    0.4319666854E+01    0.4946874419E+02   -0.1012645289E+03
          81    0.2157489563E+01   -0.1396997241E+02   -0.6337922030E+02
          82    0.3276820706E+01    0.3090080257E+02   -0.6102061053E+02
          83    0.3043580362E+01    0.3335309006E+02   -0.3534112247E+02
          84    0.3204849754E+01    0.3149324648E+02   -0.5229437423E+02
          85    0.3193323745E+01    0.3228171047E+02   -0.4227960864E+02
          86    0.3424272737E+01    0.3077670290E+02    0.6066548551E+02
          87    0.3130753859E+01    0.3186701848E+02   -0.8303870969E+02
          88    0.3061037827E+01    0.3169085337E+02    0.5396667849E+02
          89    0.3307054295E+01    0.3136343295E+02    0.5266357296E+02
          90    0.2830830274E+01    0.1172503456E+02   -0.1450595746E+02
          91    0.4616102272E+01    0.1525086306E+02   -0.6489732618E+02
          92    0.3074861158E+01    0.3135117102E+02   -0.6073967210E+02
          93    0.2836754702E+01    0.3194542834E+02   -0.5020678275E+02
          94    0.3291053776E+01    0.3200607796E+02    0.4370311543E+02
          95    0.3548362053E+01    0.3055041436E+02    0.5922962096E+02
          96    0.3094061473E+01    0.3121975966E+02   -0.6262163354E+02
          97    0.4330778802E+01    0.1070945380E+02   -0.6122053669E+02
          98    0.3022206381E+01    0.3192115426E+02   -0.8387109388E+02
          99    0.2825645963E+01    0.3203128530E+02   -0.1005172229E+03
         100    0.3002319453E+01    0.3165990923E+02   -0.1034653444E+03
