Materials	Properties	feature1	feature2	feature3	feature4	feature5	feature6	feature7	feature8	feature9	feature10	feature11	feature12	feature13	feature14	feature15	feature16	feature17	feature18
sample1	3.2000	0.0000	0.0000	0.0000	0.0000	0.0000	0.0000	0.0000	0.0000	0.0000	0.0000	0.0000	0.0000	0.0000	0.0000	0.0000	1.0000	1.0000	0.9964
sample2	18.5000	0.0000	0.0000	0.0000	0.0000	0.0000	0.0000	0.0000	0.0000	0.2979	0.0000	0.0000	0.0000	0.0000	0.3395	0.0000	0.9425	0.5608	0.9584
sample3	88.7200	0.0000	0.0000	0.0000	0.0000	0.0000	0.0000	0.0000	0.0000	0.9645	0.1125	0.0000	0.0000	0.7326	0.7271	0.0000	0.1967	0.3635	0.4029
sample4	20.4500	0.0000	1.0000	0.0000	0.0000	0.0000	0.0000	0.0000	0.0000	0.1489	0.0290	0.0141	0.0000	0.4535	0.4357	0.0000	0.9682	0.9178	1.0000
sample5	53.0100	0.0000	0.0000	0.0000	0.0000	1.0000	0.0000	0.0000	0.0000	0.9078	0.0375	0.0022	0.0000	0.4535	0.7752	0.0000	0.6513	0.5382	0.9010
sample6	25.4800	0.0000	0.0000	0.0000	0.0000	0.0000	0.0000	0.0000	0.0000	0.0780	0.0738	0.3947	0.0000	0.0000	0.2541	0.2160	0.9682	0.7795	0.9765
sample7	65.2400	0.0000	0.0000	0.0000	0.0000	0.0000	0.0000	0.0000	0.0000	0.6879	0.1608	0.2167	0.6344	0.7326	0.5447	0.4630	0.1806	0.5650	0.4899
sample8	45.3700	0.0000	0.0000	0.0000	0.0000	0.0000	0.0000	0.0000	0.0000	0.5035	1.0000	0.9796	0.0000	0.0000	0.4236	0.2160	0.9098	0.3253	0.9469
sample9	18.4500	0.0000	0.0000	0.0000	0.0000	0.0000	0.0000	0.0000	0.0000	0.4752	0.0387	1.0000	0.6344	0.7326	0.4357	0.2469	0.7075	0.4522	0.7545
sample10	60.5600	0.0000	0.0000	0.0000	0.0000	0.0000	0.0000	0.0000	0.0000	0.8085	0.0665	0.9532	0.6344	0.7326	0.6295	0.2469	0.1622	0.5501	0.4899
sample11	36.1500	0.0000	0.0000	0.0000	0.0000	0.0000	0.0000	0.0000	0.0000	0.4752	0.0308	0.3357	0.6344	0.7326	0.5205	0.4630	0.1051	0.8326	0.1528
sample12	50.9000	0.0000	0.0000	0.0000	0.0000	0.0000	0.0000	0.0000	0.0000	0.6738	0.1119	0.2697	1.0000	1.0000	0.5205	0.2685	0.5524	0.3850	0.7246
sample13	17.9000	0.0000	0.0000	0.0000	0.0000	0.0000	0.0000	0.0000	0.0000	0.4468	0.1548	0.3291	0.5539	0.6395	0.5277	0.4784	0.7416	0.5008	0.8845
sample14	42.1600	0.0000	0.0000	0.0000	0.0000	0.0000	0.0000	0.0000	0.0000	0.6099	0.1433	0.3081	0.6395	0.6395	0.7142	0.5525	0.7365	0.4973	0.8663
sample15	14.6400	0.0000	0.0000	0.0000	0.0000	0.0000	0.0000	0.0000	0.0000	0.7447	0.2666	0.2549	0.5539	0.6395	0.9031	0.4784	0.7952	0.4939	0.8792
sample16	27.9600	0.0000	0.0000	0.3333	0.0000	0.0000	0.0000	0.0000	0.0000	0.3688	0.0919	0.2325	0.3122	0.3605	0.4623	0.3148	0.8432	0.6468	0.9012
sample17	31.8700	0.0000	0.0000	0.6667	0.0000	0.0000	0.0000	0.0000	0.0000	0.4184	0.0623	0.2190	0.3605	0.3605	0.5859	0.3642	0.8468	0.6613	0.8987
sample18	31.2000	0.0000	0.0000	1.0000	0.0000	0.0000	0.0000	0.0000	0.0000	0.4397	0.0695	0.1691	0.3122	0.3605	0.7094	0.3148	0.8784	0.6923	0.9592
sample19	25.5100	0.0000	0.0000	0.0000	0.0000	0.0000	0.5000	0.0000	0.0000	0.5390	0.0883	0.4680	0.3122	0.3605	0.5471	0.5309	0.8098	0.4610	0.8918
sample20	17.9000	0.0000	0.0000	0.0000	0.0000	0.0000	1.0000	0.0000	0.0000	0.7660	0.1336	0.4911	0.3605	0.3605	0.7578	0.6142	0.8193	0.4759	0.8909
sample21	26.8100	0.0000	0.0000	0.0000	0.0000	0.0000	0.0000	1.0000	0.0000	0.3688	0.0580	0.2178	0.3525	0.4070	0.4478	0.2778	0.8617	0.6197	0.8765
sample22	36.8200	0.0000	0.0000	0.0000	0.0000	0.0000	0.0000	0.0000	0.0000	0.9858	0.1584	0.0180	0.6344	0.7326	0.7142	0.0309	0.1619	0.0688	0.3792
sample23	69.0000	1.0000	0.0000	0.0000	0.0000	0.0000	0.0000	0.0000	0.0000	0.9716	0.0689	0.2489	0.0000	0.7326	0.9346	0.5309	0.0463	0.4129	0.3809
sample24	75.2000	0.0000	0.0000	0.0000	0.0000	0.0000	0.0000	0.0000	0.0000	0.9716	0.1040	0.2464	0.0000	0.7326	0.8111	0.2160	0.0000	0.3249	0.4491
sample25	82.8500	0.0000	0.0000	0.0000	0.0000	0.0000	0.0000	0.0000	0.0000	0.7730	0.0617	0.1566	0.2316	1.0000	0.6367	0.2315	0.2647	0.0466	0.0000
sample26	69.4200	0.0000	0.0000	0.0000	0.0000	0.0000	0.0000	0.0000	0.0000	0.9787	0.0665	0.0087	0.2316	1.0000	0.7215	0.0154	0.1419	0.3788	0.4308
sample27	77.3700	0.0000	0.0000	0.0000	0.0000	0.0000	0.0000	0.0000	0.0000	1.0000	0.1004	0.0059	0.2674	1.0000	0.7142	0.0185	0.3782	0.0000	0.6034
sample28	57.7400	0.0000	0.0000	0.0000	0.0000	0.0000	0.0000	0.0000	0.0000	0.8865	0.1886	0.1339	0.0806	0.7326	1.0000	0.2315	0.8906	0.5887	0.9507
sample29	27.2000	0.0000	0.0000	0.0000	1.0000	0.0000	0.0000	0.0000	0.0000	0.3901	0.1119	0.5163	0.2920	0.3372	0.7336	1.0000	0.8761	0.6021	0.9289
sample30	62.7600	0.0000	0.0000	0.0000	0.0000	0.0000	0.0000	0.0000	0.0000	0.9220	0.4377	0.0945	0.0930	0.7326	0.9080	0.2685	0.7992	0.4457	0.8738
sample31	5.0600	0.0000	0.0000	0.0000	0.0000	0.0000	0.0000	0.0000	0.0000	0.4894	0.0846	0.3589	0.6344	0.7326	0.4357	0.5000	0.4288	0.8701	0.1776
sample32	50.1500	0.0000	0.0000	0.0000	0.0000	0.0000	0.0000	1.0000	0.0000	0.3688	0.1028	0.2511	0.3525	0.4070	0.5326	0.2901	0.8460	0.3597	0.8650
sample33	90.8000	0.0000	0.0000	0.0000	0.0000	0.0000	0.0000	0.0000	0.0000	0.8014	0.0169	0.2540	0.6344	0.7326	0.7142	0.3796	0.1494	0.1101	0.0138
sample34	66.6000	0.0000	0.0000	0.0000	0.0000	0.0000	0.0000	0.0000	0.0000	0.6170	0.1215	0.2758	0.7444	1.0000	0.5398	0.2778	0.3112	0.1288	0.1651
sample35	51.0000	0.0000	0.0000	0.0000	0.0000	0.0000	0.0000	0.0000	0.0000	0.6170	0.1711	0.3252	0.6892	0.7326	0.6246	0.4599	0.4400	0.5218	0.6258
sample36	44.6000	0.0000	0.0000	0.3333	0.0000	0.0000	0.0000	0.0000	0.0000	0.5035	0.1814	0.2932	0.5375	0.6395	0.6512	0.4753	0.7035	0.4950	0.8721
