      rank       #data_overlap        size_overlap          feature_ID
         1                  32             0.45705   (       1)
         2                  34             0.45705   (       2)
         3                  35             0.31637   (       3)
         4                  35             0.31637   (       4)
         5                  35             0.31637   (       5)
         6                  35             0.44665   (       6)
         7                  35             0.45705   (       7)
         8                  36             0.31637   (       8)
         9                  36             0.31637   (       9)
        10                  36             0.31637   (      10)
        11                  36             0.31637   (      11)
        12                  36             0.45705   (      12)
        13                  36             0.45705   (      13)
        14                  36             0.45705   (      14)
        15                  36             0.45705   (      15)
        16                  36             0.45705   (      16)
        17                  40             0.47230   (      17)
        18                  40             0.89234   (      18)
        19                  41             0.34294   (      19)
        20                  41             0.34294   (      20)
        21                  41             0.34294   (      21)
        22                  41             0.34294   (      22)
        23                  41             0.34294   (      23)
        24                  41             0.45373   (      24)
        25                  41             0.47230   (      25)
        26                  41             0.64588   (      26)
        27                  41             0.65358   (      27)
        28                  41             0.69285   (      28)
        29                  41             0.95163   (      29)
        30                  42             0.29061   (      30)
        31                  42             0.34294   (      31)
        32                  42             0.34294   (      32)
        33                  42             0.47223   (      33)
        34                  42             0.47230   (      34)
        35                  42             0.47230   (      35)
        36                  42             1.00000   (      37)
        37                  43             0.37063   (      38)
        38                  43             0.59674   (      39)
        39                  43             0.63623   (      40)
        40                  43             0.64274   (      41)
        41                  43             0.65358   (      42)
        42                  43             0.65358   (      43)
        43                  43             0.72851   (      44)
        44                  43             0.78654   (      45)
        45                  43             0.79357   (      46)
        46                  43             0.86440   (      47)
        47                  43             0.86817   (      48)
        48                  43             0.86989   (      49)
        49                  43             0.88284   (      50)
        50                  43             0.99837   (      51)
        51                  43             1.00000   (      52)
        52                  43             1.00000   (      53)
        53                  44             0.31340   (      54)
        54                  44             0.31710   (      55)
        55                  44             0.31710   (      56)
        56                  44             0.31710   (      57)
        57                  44             0.31710   (      58)
        58                  44             0.31710   (      59)
        59                  44             0.48496   (      60)
        60                  44             0.51212   (      61)
        61                  44             0.51212   (      62)
        62                  44             0.59778   (      63)
        63                  44             0.60252   (      64)
        64                  44             0.65217   (      65)
        65                  44             0.65358   (      66)
        66                  44             0.65358   (      67)
        67                  44             0.65358   (      68)
        68                  44             0.65358   (      69)
        69                  44             0.65358   (      70)
        70                  44             0.65358   (      71)
        71                  44             0.65358   (      72)
        72                  44             0.65358   (      73)
        73                  44             0.65358   (      74)
        74                  44             0.65358   (      75)
        75                  44             0.65358   (      76)
        76                  44             0.65358   (      77)
        77                  44             0.65429   (      78)
        78                  44             0.66281   (      79)
        79                  44             0.72933   (      80)
        80                  44             0.76026   (      81)
        81                  44             0.79684   (      82)
        82                  44             0.87053   (      83)
        83                  44             0.90070   (      84)
        84                  44             0.90308   (      85)
        85                  44             0.90308   (      86)
        86                  44             0.90308   (      87)
        87                  44             0.90308   (      88)
        88                  44             0.90308   (      89)
        89                  44             0.90308   (      90)
        90                  44             0.90308   (      91)
        91                  44             0.90308   (      92)
        92                  44             0.90308   (      93)
        93                  44             0.90308   (      94)
        94                  44             0.90308   (      95)
        95                  44             0.90308   (      96)
        96                  44             0.90360   (      97)
        97                  44             0.90360   (      98)
        98                  44             0.90360   (      99)
        99                  44             0.97576   (     100)
       100                  44             0.98669   (     101)
