Model_ID, [(c_i,i=0,n)_j,j=1,ntask]
           1    0.5872271019E+02    0.3515467653E+02   -0.1806356456E+03
           2    0.5839956405E+02    0.3520605828E+02   -0.2418411118E+03
           3    0.5800804302E+02    0.2930953101E+02   -0.1843259543E+03
           4    0.5864642470E+02    0.2668049598E+02   -0.1834737981E+03
           5    0.5832559899E+02    0.2673416722E+02   -0.2462238374E+03
           6    0.6026771052E+02    0.3735263017E+02   -0.1734330803E+03
           7    0.7643290168E+02    0.6010940648E+02   -0.5003605705E+03
           8    0.7982048127E+02    0.6424483386E+02    0.1255025342E+03
           9    0.5897880177E+02    0.3436816031E+02   -0.1722250260E+03
          10    0.7904846251E+02    0.6398038933E+02   -0.3804153757E+03
          11    0.5766617448E+02    0.2932922994E+02   -0.2459776439E+03
          12    0.7239718402E+02   -0.5053835881E+02    0.1230268278E+03
          13    0.8043857230E+02   -0.6461993177E+02    0.1623795108E+03
          14    0.8046023771E+02   -0.6462138730E+02    0.1624066727E+03
          15    0.7974542629E+02    0.6430515666E+02    0.1265547744E+03
          16    0.5326562926E+02    0.3968627163E+02   -0.1540454108E+03
          17    0.8021564899E+02   -0.6438427943E+02    0.1631262361E+03
          18    0.5308694564E+02    0.3966437807E+02   -0.1631970970E+03
          19    0.8065686667E+02   -0.6480248319E+02    0.1612844462E+03
          20    0.8067904453E+02   -0.6480474494E+02    0.1613126302E+03
          21    0.8063731936E+02   -0.6449126679E+02    0.1603130304E+03
          22    0.7882817312E+02    0.6383346150E+02   -0.4979447279E+03
          23    0.8072172808E+02    0.6483778877E+02    0.1608161563E+03
          24    0.8028771762E+02    0.6410627653E+02    0.1612536166E+03
          25    0.6072931768E+02    0.3300706580E+02   -0.1735893826E+03
          26    0.8074409037E+02    0.6484035670E+02    0.1608447061E+03
          27    0.7990228168E+02   -0.6401947607E+02    0.1232324971E+03
          28    0.7950382706E+02    0.6372966585E+02   -0.4974467942E+03
          29    0.8336800560E+02   -0.6646913681E+02    0.1329922733E+03
          30    0.7956605455E+02    0.6371225008E+02    0.1241830020E+03
          31    0.8077045187E+02   -0.6485247919E+02    0.1603750833E+03
          32    0.7898852948E+02    0.6312305009E+02    0.1284005646E+03
          33    0.8052356027E+02    0.6434542406E+02    0.1595429455E+03
          34    0.8079297257E+02   -0.6485531837E+02    0.1604039463E+03
          35    0.7956735752E+02    0.6250636099E+02    0.1568009406E+03
          36    0.7933308517E+02    0.6346947899E+02    0.1240487339E+03
          37    0.7940243727E+02    0.6317583032E+02    0.1079680761E+03
          38    0.5891636459E+02    0.2608349748E+02   -0.1754117502E+03
          39    0.6430247548E+02    0.4178433004E+02   -0.1151106461E+03
          40    0.5928742888E+02   -0.3954334703E+02   -0.1223759249E+03
          41    0.7211207573E+02   -0.4972226600E+02    0.1059234110E+03
          42    0.9977877849E+02   -0.2758573775E+02    0.1757416814E+03
          43    0.7974376302E+02   -0.6378450930E+02    0.1642032934E+03
          44    0.7968941236E+02   -0.6328929342E+02    0.4483141106E+03
          45    0.7968390279E+02   -0.6301171830E+02    0.4462705861E+03
          46    0.7977247565E+02    0.6336639933E+02    0.4484092160E+03
          47    0.7971253876E+02   -0.6329498797E+02    0.4485309319E+03
          48    0.8071671577E+02    0.6512178957E+02    0.1615969155E+03
          49    0.7979581182E+02    0.6337241734E+02    0.4486270721E+03
          50    0.7967672029E+02   -0.6372451541E+02    0.1642517434E+03
          51    0.7919350740E+02    0.6196224026E+02    0.1201854791E+03
          52    0.8084227453E+02   -0.6485088987E+02    0.1598120066E+03
          53    0.7023082208E+02   -0.4927998638E+02    0.1086431607E+03
          54    0.7969705031E+02    0.6372409083E+02    0.1642762102E+03
          55    0.7983793217E+02   -0.6341930863E+02    0.4484543620E+03
          56    0.7986144958E+02   -0.6342561292E+02    0.4486730839E+03
          57    0.5264017479E+02    0.4021395595E+02   -0.1644665648E+03
          58    0.6098976301E+02    0.3238690977E+02   -0.1680101889E+03
          59    0.8006767427E+02    0.6436753354E+02    0.1245655042E+03
          60    0.7918934499E+02   -0.3747454942E+02   -0.5257014619E+03
          61    0.7359071784E+02   -0.5389625181E+02    0.1311818514E+03
          62    0.7781305948E+02    0.6265465703E+02   -0.3864412039E+03
          63    0.7899998574E+02    0.5996137654E+02    0.4337521796E+03
          64    0.7982781133E+02    0.6344768406E+02    0.1623475142E+03
          65    0.7957808763E+02    0.6194154865E+02    0.1549529374E+03
          66    0.9975239476E+02   -0.2764898129E+02   -0.1788489027E+03
          67    0.7571493939E+02    0.5985977321E+02   -0.4855828162E+03
          68    0.7993269227E+02   -0.6347097725E+02    0.4486760184E+03
          69    0.7942642805E+02   -0.6300295352E+02    0.4478527892E+03
          70    0.7944897715E+02   -0.6300779495E+02    0.4480666105E+03
          71    0.7931287304E+02    0.6319532899E+02    0.1086489529E+03
          72    0.5851799994E+02    0.3715371048E+02   -0.1653407594E+03
          73    0.6022823150E+02    0.2413800469E+02   -0.1524883488E+03
          74    0.8028281670E+02   -0.6358910353E+02    0.1590409110E+03
          75    0.8025281095E+02   -0.6355934954E+02    0.1591549999E+03
          76    0.5852079130E+02   -0.3715027216E+02   -0.1653544401E+03
          77    0.7954072915E+02   -0.6354609929E+02    0.1644456792E+03
          78    0.8066351426E+02   -0.6553556982E+02    0.1638098289E+03
          79    0.7957497852E+02    0.6287152143E+02    0.4440618212E+03
          80    0.8227102500E+02    0.6564397321E+02    0.1392780255E+03
          81    0.5818154964E+02    0.3777187676E+02   -0.1689234536E+03
          82    0.7956085497E+02   -0.6354540903E+02    0.1644697305E+03
          83    0.7844647167E+02    0.6131967975E+02    0.1624340071E+03
          84    0.6963909270E+02   -0.4738568926E+02    0.1079205286E+03
          85    0.5818427917E+02   -0.3776826852E+02   -0.1689306735E+03
          86    0.7339893081E+02   -0.4633226253E+02    0.1123694284E+03
          87    0.7976483042E+02   -0.6459859089E+02    0.1283853057E+03
          88    0.7917374622E+02    0.6387416408E+02    0.1282703870E+03
          89    0.8340627407E+02   -0.6675981763E+02    0.1340893605E+03
          90    0.8308602074E+02   -0.6649257182E+02    0.1343046104E+03
          91    0.7951807817E+02   -0.6435854987E+02    0.1287412473E+03
          92    0.8228433173E+02    0.6563025092E+02    0.1392724119E+03
          93    0.6115872201E+02    0.3237624339E+02   -0.1578513197E+03
          94    0.7977580174E+02    0.6366696717E+02    0.4517429034E+03
          95    0.7978587132E+02   -0.6459858577E+02    0.1283875784E+03
          96    0.8282332800E+02   -0.6625875551E+02    0.1347131489E+03
          97    0.7437326720E+02   -0.4701014862E+02    0.1102074322E+03
          98    0.8038085380E+02   -0.6179683578E+02    0.1316527589E+03
          99    0.8838506768E+02   -0.2405373181E+02    0.1595443783E+03
         100    0.5964955548E+02    0.3402859096E+02   -0.2359694899E+03
