        Rank        RMSE       MaxAE  Feature_ID
           1   11.817828   26.015808  (       1)
           2   11.843014   24.597712  (       2)
           3   11.899597   25.987971  (       3)
           4   11.907555   24.454596  (       4)
           5   12.159665   29.406543  (       5)
           6   12.163363   28.294147  (       6)
           7   12.186742   27.907551  (       7)
           8   12.187765   28.943151  (       8)
           9   12.207186   28.702767  (       9)
          10   12.212920   28.427178  (      10)
          11   12.213727   28.015669  (      11)
          12   12.220698   28.579991  (      12)
          13   12.223998   27.822879  (      13)
          14   12.225453   29.380093  (      14)
          15   12.234005   31.848794  (      15)
          16   12.237153   28.330873  (      16)
          17   12.241081   29.027943  (      17)
          18   12.242876   28.618298  (      18)
          19   12.245389   24.602568  (      19)
          20   12.250190   28.659420  (      20)
          21   12.262810   28.244467  (      21)
          22   12.264227   24.842344  (      22)
          23   12.265798   28.803312  (      23)
          24   12.273707   29.576002  (      24)
          25   12.286303   28.666560  (      25)
          26   12.289762   28.421282  (      26)
          27   12.292885   31.147071  (      27)
          28   12.298817   28.434509  (      28)
          29   12.300636   28.963499  (      29)
          30   12.302385   27.486178  (      30)
          31   12.303060   31.572980  (      31)
          32   12.306347   31.372987  (      32)
          33   12.306491   29.213944  (      33)
          34   12.308062   28.447986  (      34)
          35   12.312892   27.627788  (      35)
          36   12.313145   25.925716  (      36)
          37   12.314622   26.180127  (      37)
          38   12.315116   26.395691  (      38)
          39   12.315218   26.762500  (      39)
          40   12.326938   28.072997  (      40)
          41   12.327611   25.518445  (      41)
          42   12.331116   30.154483  (      42)
          43   12.334570   28.514289  (      43)
          44   12.334977   28.304554  (      44)
          45   12.339615   27.375689  (      45)
          46   12.346140   27.423966  (      46)
          47   12.348788   28.823393  (      47)
          48   12.351209   30.994245  (      48)
          49   12.354280   27.365873  (      49)
          50   12.355036   27.524958  (      50)
          51   12.363492   28.068033  (      51)
          52   12.366540   29.752960  (      52)
          53   12.370570   30.974243  (      53)
          54   12.371572   28.456317  (      54)
          55   12.383567   29.961929  (      55)
          56   12.386269   28.981791  (      56)
          57   12.387067   26.280774  (      57)
          58   12.392020   25.315902  (      58)
          59   12.392291   28.936270  (      59)
          60   12.401780   28.395039  (      60)
          61   12.413521   31.740720  (      61)
          62   12.417022   30.032237  (      62)
          63   12.418479   27.610407  (      63)
          64   12.419149   26.930300  (      64)
          65   12.420511   26.561136  (      65)
          66   12.421202   29.173690  (      66)
          67   12.422046   26.383700  (      67)
          68   12.422667   28.618569  (      68)
          69   12.429229   26.539881  (      69)
          70   12.430933   29.046567  (      70)
          71   12.436705   28.751537  (      71)
          72   12.440316   24.749510  (      72)
          73   12.442078   28.680057  (      73)
          74   12.459076   26.251186  (      74)
          75   12.461372   26.314303  (      75)
          76   12.462569   30.554111  (      76)
          77   12.463389   28.360897  (      77)
          78   12.463439   29.003826  (      78)
          79   12.465908   27.866742  (      79)
          80   12.465962   29.229167  (      80)
          81   12.467195   27.241680  (      81)
          82   12.467901   26.292175  (      82)
          83   12.477953   30.923220  (      83)
          84   12.487015   28.920722  (      84)
          85   12.487077   27.328280  (      85)
          86   12.487298   28.096968  (      86)
          87   12.488467   27.656193  (      87)
          88   12.488724   29.246590  (      88)
          89   12.488813   28.029108  (      89)
          90   12.496180   28.852845  (      90)
          91   12.500370   34.287275  (      91)
          92   12.500667   27.320950  (      92)
          93   12.503354   27.771623  (      93)
          94   12.504207   28.404813  (      94)
          95   12.504949   28.640654  (      95)
          96   12.505260   27.700763  (      96)
          97   12.506658   30.368865  (      97)
          98   12.507101   31.327119  (      98)
          99   12.509926   29.296730  (      99)
         100   12.511614   28.398572  (     100)
