      rank       #data_overlap        size_overlap          feature_ID
         1                   0            -0.08086   (     560     921)
         2                   0            -0.07566   (     211     921)
         3                   0            -0.07535   (       5    1285)
         4                   0            -0.07535   (       4    1285)
         5                   0            -0.07535   (       4    1287)
         6                   0            -0.07535   (       3    1287)
         7                   0            -0.07535   (       5    1287)
         8                   0            -0.07535   (       3    1285)
         9                   0            -0.07535   (       4    1284)
        10                   0            -0.07535   (       4    1286)
        11                   0            -0.07535   (       4    1288)
        12                   0            -0.07535   (       3    1284)
        13                   0            -0.07535   (       5    1288)
        14                   0            -0.07535   (       3    1288)
        15                   0            -0.07535   (       5    1284)
        16                   0            -0.07522   (       8    1302)
        17                   0            -0.07522   (       9    1302)
        18                   0            -0.07522   (      10    1302)
        19                   0            -0.07505   (       4    1056)
        20                   0            -0.07473   (       3    1056)
        21                   0            -0.07473   (       5    1056)
        22                   0            -0.07400   (       9    1064)
        23                   0            -0.07400   (       8    1064)
        24                   0            -0.07400   (      10    1064)
        25                   0            -0.07329   (       5    1286)
        26                   0            -0.07329   (       3    1286)
        27                   0            -0.07247   (       9    1538)
        28                   0            -0.07247   (      10    1538)
        29                   0            -0.07247   (       8    1538)
        30                   0            -0.07244   (       8    1026)
        31                   0            -0.07244   (       9    1026)
        32                   0            -0.07244   (      10    1026)
        33                   0            -0.07240   (       5    1731)
        34                   0            -0.07240   (       3    1731)
        35                   0            -0.07240   (       4    1731)
        36                   0            -0.07233   (     221     808)
        37                   0            -0.07197   (     220     224)
        38                   0            -0.07186   (     274     793)
        39                   0            -0.07177   (       9    1066)
        40                   0            -0.07177   (       8    1066)
        41                   0            -0.07177   (      10    1066)
        42                   0            -0.07152   (       5     793)
        43                   0            -0.07063   (       5     805)
        44                   0            -0.07063   (       5     794)
        45                   0            -0.07044   (       3    1006)
        46                   0            -0.07044   (       5    1006)
        47                   0            -0.07044   (       4    1006)
        48                   0            -0.06962   (       3    1065)
        49                   0            -0.06962   (       4    1065)
        50                   0            -0.06962   (       5    1065)
        51                   0            -0.06961   (      10    1316)
        52                   0            -0.06961   (       8    1316)
        53                   0            -0.06961   (       9    1316)
        54                   0            -0.06948   (     341    1836)
        55                   0            -0.06948   (     341    1827)
        56                   0            -0.06948   (     341    1828)
        57                   0            -0.06948   (     341    1819)
        58                   0            -0.06948   (     341    1829)
        59                   0            -0.06937   (       9    1159)
        60                   0            -0.06919   (       5    1997)
        61                   0            -0.06919   (       3    1997)
        62                   0            -0.06919   (       4    1997)
        63                   0            -0.06830   (       8    1159)
        64                   0            -0.06830   (      10    1159)
        65                   0            -0.06819   (     325     793)
        66                   0            -0.06798   (      10    1028)
        67                   0            -0.06798   (       8    1028)
        68                   0            -0.06798   (       9    1028)
        69                   0            -0.06727   (       5    1675)
        70                   0            -0.06727   (       3    1675)
        71                   0            -0.06727   (       4    1675)
        72                   0            -0.06717   (     341    1719)
        73                   0            -0.06695   (       9    1690)
        74                   0            -0.06695   (      10    1690)
        75                   0            -0.06695   (       8    1690)
        76                   0            -0.06687   (      10    1702)
        77                   0            -0.06687   (       8    1702)
        78                   0            -0.06687   (       9    1702)
        79                   0            -0.06653   (       4    1187)
        80                   0            -0.06638   (       4    1004)
        81                   0            -0.06638   (       3    1004)
        82                   0            -0.06638   (       5    1004)
        83                   0            -0.06633   (    1489    1689)
        84                   0            -0.06615   (       3    1035)
        85                   0            -0.06615   (       4    1035)
        86                   0            -0.06615   (       5    1035)
        87                   0            -0.06613   (       4    1130)
        88                   0            -0.06613   (       3    1130)
        89                   0            -0.06613   (       5    1130)
        90                   0            -0.06608   (       4    1002)
        91                   0            -0.06608   (       3    1002)
        92                   0            -0.06608   (       5    1002)
        93                   0            -0.06581   (     501     793)
        94                   0            -0.06574   (       4    1005)
        95                   0            -0.06574   (       5    1005)
        96                   0            -0.06574   (       3    1005)
        97                   0            -0.06572   (       5    1538)
        98                   0            -0.06572   (       4    1538)
        99                   0            -0.06572   (       3    1538)
       100                   0            -0.06543   (      10     794)
