        Rank        RMSE       MaxAE  Feature_ID
           1    4.064094   13.378822  (    1205   10109)
           2    4.122897   13.364744  (     465   18532)
           3    4.142788   13.376673  (    1205   13458)
           4    4.153464   13.266190  (    1205   12082)
           5    4.154153   12.687042  (    8787   10694)
           6    4.165767   13.797487  (    1205   14576)
           7    4.167080   13.305077  (    1205   11813)
           8    4.167442   13.741800  (    1205   10835)
           9    4.174124   13.677948  (    1205   15534)
          10    4.183524   13.301771  (    1205   10483)
          11    4.183758   12.866253  (    1205   13395)
          12    4.187287   12.503681  (    2013   10109)
          13    4.191225   12.786879  (     994   10038)
          14    4.193974   11.813933  (    3961   12826)
          15    4.196570    9.986838  (     884   10567)
          16    4.203566   12.357542  (     530   11917)
          17    4.208232   10.818324  (     884   12826)
          18    4.209122   13.851133  (    2230   12082)
          19    4.214409   13.990425  (    2230   10109)
          20    4.215886   15.195249  (     107   10171)
          21    4.216449   12.599679  (    4153   12826)
          22    4.220945   13.155249  (    1205   10399)
          23    4.221987   13.575572  (    1205   10349)
          24    4.222277   13.966568  (    2230   13458)
          25    4.223165   13.534558  (    1205   10234)
          26    4.225136   12.673311  (     994   10431)
          27    4.226164   13.675051  (    1205   13677)
          28    4.228994   14.388803  (    2230   14576)
          29    4.230085   12.862451  (     994   10037)
          30    4.230299   13.232382  (    6650   10694)
          31    4.233296   14.748839  (    1053   19138)
          32    4.239569   13.075199  (    1205   10097)
          33    4.240423   12.129291  (     530   15186)
          34    4.243598   14.726631  (     107   10481)
          35    4.243661   13.160271  (    1205   10199)
          36    4.245322   14.279852  (     465   12893)
          37    4.245769   12.623560  (     530   14549)
          38    4.247491   10.982420  (     884   11910)
          39    4.247721   12.996106  (    1205   10107)
          40    4.248435   12.247307  (    2211   13450)
          41    4.249139   13.533673  (    1205   10958)
          42    4.250445   13.531756  (    1205   10927)
          43    4.251591   10.275944  (     884   14149)
          44    4.254268   13.611210  (    1205   11952)
          45    4.256325   12.178317  (     994   10292)
          46    4.262278   13.524430  (     601   12905)
          47    4.263552   13.373638  (    1205   12506)
          48    4.264845   13.448675  (    2230   13395)
          49    4.267493   10.565388  (     884   10821)
          50    4.267981   12.168565  (     994   10314)
          51    4.268875    9.902991  (     884   14086)
          52    4.269978   11.802829  (     884   10765)
          53    4.271325   12.383795  (     994   10340)
          54    4.271926   13.936181  (    1205   13879)
          55    4.273729   15.613479  (      73   11992)
          56    4.274849   15.656929  (      87   11992)
          57    4.279751   13.105700  (    1205   12477)
          58    4.280638   13.196342  (    1205   16337)
          59    4.281090   13.899256  (    2230   11813)
          60    4.281238   12.390789  (    2211   11910)
          61    4.281398   15.974038  (       8   10004)
          62    4.288057   13.517029  (     601   15186)
          63    4.291167   12.329299  (    2013   10097)
          64    4.292449   13.795458  (     102   10230)
          65    4.293868   14.226255  (       4   10076)
          66    4.294065   13.925405  (     102   10076)
          67    4.295959   14.339669  (    2230   10835)
          68    4.296924   15.016092  (     107   10188)
          69    4.297080   15.555308  (    4467   11813)
          70    4.297103   13.736646  (     601   11917)
          71    4.297340   12.683491  (    2013   10768)
          72    4.297418   10.161600  (     884   10604)
          73    4.299398   14.146357  (    2230   10349)
          74    4.301999   12.321980  (    8787   12277)
          75    4.302895   13.220693  (    1205   15244)
          76    4.302896   11.688908  (     884   10006)
          77    4.302954   13.531123  (    1205   10826)
          78    4.304463   14.332393  (     102   10062)
          79    4.305484   15.311536  (    4467   12477)
          80    4.306312   12.424432  (    2013   12082)
          81    4.307561   14.516395  (       4   11049)
          82    4.308869   10.823567  (    3961   14149)
          83    4.309356   15.445553  (      90   10004)
          84    4.309563   15.928743  (      60   10200)
          85    4.309962   15.184021  (       2   11018)
          86    4.310815   13.562631  (    1205   10280)
          87    4.310989   15.074190  (    4467   13395)
          88    4.311817   12.985810  (    1205   15028)
          89    4.312133   13.408087  (    1205   13579)
          90    4.312205   12.676340  (    2448   10314)
          91    4.312460   13.294570  (     216   10604)
          92    4.312669   15.176056  (    6155   11843)
          93    4.312810   12.976405  (    1205   10768)
          94    4.313166   13.717081  (    1205   13223)
          95    4.314264   16.208005  (      60   10083)
          96    4.314287   12.810061  (    8787   10705)
          97    4.315166   15.580646  (      90   10083)
          98    4.315503   15.641984  (    4467   13458)
          99    4.315652   14.276250  (    2230   15534)
         100    4.316223   15.116520  (    1006   10076)
