     Index              y_true              y_pred        descriptor_1        descriptor_2
         1    0.2256100000E+03    0.1969659432E+03    0.1124000000E+00    0.0000000000E+00
         2    0.3200000000E+03    0.3194563285E+03    0.1323400000E+01    0.0000000000E+00
         3    0.2482000000E+03    0.2427455868E+03    0.5650000000E+00    0.0000000000E+00
         4    0.8981300000E+02    0.8861606640E+02   -0.9588000000E+00    0.0000000000E+00
         5    0.1338500000E+03    0.1259455202E+03   -0.8578000000E+00    0.6205586248E-01
         6    0.2362500000E+03    0.2260391337E+03    0.1199000000E+00    0.6480484362E-01
         7    0.3137600000E+03    0.2847451077E+03    0.6837000000E+00    0.6864686400E-01
         8    0.2287000000E+03    0.2785317643E+03    0.6142000000E+00    0.7051551343E-01
         9    0.2606000000E+03    0.2194043515E+03    0.1810000000E-01    0.7318644977E-01
        10    0.2677000000E+03    0.2816756028E+03    0.4032000000E+00    0.1265579309E+00
        11    0.3116500000E+03    0.3078085313E+03    0.7173000000E+00    0.1136546771E+00
        12    0.1875850000E+03    0.1723483608E+03   -0.1728000000E+00    0.9681079500E-02
        13    0.2234200000E+03    0.2229991783E+03   -0.3730000000E-01    0.9423931500E-01
        14    0.2443500000E+03    0.2743938626E+03    0.5237000000E+00    0.8199586619E-01
        15    0.1516000000E+03    0.1677230862E+03   -0.3942000000E+00    0.5034960403E-01
        16    0.1839000000E+03    0.2058330493E+03   -0.5730000000E-01    0.5958047327E-01
        17    0.2720000000E+03    0.3085388603E+03    0.1149500000E+01    0.1527094296E-01
        18    0.3410000000E+03    0.3768018265E+03    0.1382300000E+01    0.1176137219E+00
        19    0.3340000000E+03    0.3435392519E+03    0.2343100000E+01   -0.1809431769E+00
        20    0.3958500000E+03    0.3762660547E+03    0.1250600000E+01    0.1468763228E+00
        21    0.4062400000E+03    0.3724616613E+03    0.1654400000E+01    0.4468843094E-01
        22    0.3590000000E+03    0.3295831537E+03    0.1408200000E+01    0.3546327057E-02
        23    0.3474000000E+03    0.3460293431E+03    0.1099100000E+01    0.1127447998E+00
        24    0.3124500000E+03    0.3234845024E+03    0.9559000000E+00    0.9429653693E-01
        25    0.2930000000E+03    0.2970496667E+03    0.1005100000E+01    0.2240403638E-01
        26    0.3410000000E+03    0.3415189659E+03    0.9496000000E+00    0.1370312837E+00
        27    0.2300000000E+03    0.2722201518E+03    0.8564000000E+00    0.0000000000E+00
        28    0.1591000000E+03    0.1554393688E+03   -0.4119000000E+00    0.2633290066E-01
        29    0.1744500000E+03    0.1918435057E+03   -0.7077000000E+00    0.1781310401E+00
        30    0.4260000000E+03    0.4173607880E+03    0.1448300000E+01    0.1951636816E+00
        31    0.3525250000E+03    0.3376830038E+03    0.1252000000E+01    0.5824546673E-01
        32    0.3092000000E+03    0.2848034579E+03    0.6076000000E+00    0.8639773380E-01
        33    0.3520000000E+03    0.3184741600E+03    0.8232000000E+00    0.1135494904E+00
        34    0.2375000000E+03    0.2553708615E+03    0.4364000000E+00    0.5866721941E-01
        35    0.3670000000E+03    0.3774865484E+03    0.1193300000E+01    0.1629348000E+00
        36    0.2138000000E+03    0.2093163939E+03    0.2576000000E+00   -0.5347097496E-02
