     Index              y_true              y_pred        descriptor_1        descriptor_2
         1    0.1000000000E+00    0.1268981766E+01    0.0000000000E+00    0.0000000000E+00
         2    0.2600000000E+01   -0.2487180017E+00    0.1386426600E+00    0.4622623680E-02
         3    0.4090000000E+02    0.2440368180E+02   -0.1622289000E+01   -0.8401175406E-02
         4    0.4660000000E+01    0.4920153936E+01   -0.1347546200E+00    0.1400139293E-01
         5    0.6650000000E+01    0.5922505894E+01   -0.5950841600E+00   -0.3565621074E-01
         6    0.1316000000E+02    0.1109565199E+02   -0.8010427200E+00   -0.1771817008E-01
         7    0.3140000000E+01    0.4472991259E+01   -0.1959267000E+00    0.2469939264E-02
         8    0.2309000000E+02    0.2272930123E+02   -0.1409392140E+01    0.4274088000E-02
         9    0.6070000000E+01    0.1060587213E+02    0.1471377500E+00    0.9795073214E-01
        10    0.1337000000E+02    0.1564963039E+02   -0.1133775060E+01   -0.2106425600E-01
        11    0.2141000000E+02    0.2447141728E+02   -0.1466478300E+01    0.1186596394E-01
        12    0.1012000000E+02    0.8752229118E+01   -0.1247993640E+01   -0.9412112695E-01
        13    0.1470000000E+02    0.1680509244E+02   -0.1163457810E+01   -0.1499516550E-01
        14    0.4660000000E+01    0.7825603668E+01   -0.4571413200E+00   -0.2048252496E-02
        15    0.1128000000E+02    0.1351585383E+02   -0.8980702400E+00   -0.9410972222E-02
        16    0.6140000000E+01    0.2214145822E+01   -0.5913140000E-01    0.5600044800E-03
        17    0.5980000000E+01    0.3844817607E+01   -0.1589460600E+00    0.1804649154E-02
        18    0.6970000000E+01    0.4506071936E+01   -0.1733086500E+00    0.5609578360E-02
        19    0.7350000000E+01    0.5290193632E+01   -0.5151049200E+00   -0.3092248723E-01
        20    0.4810000000E+01    0.5901493931E+01   -0.3111091200E+00    0.5413734900E-04
        21    0.1002000000E+02    0.1857517498E+02   -0.1748622330E+01   -0.7390445037E-01
        22    0.2977000000E+02    0.2552843773E+02   -0.2004312520E+01   -0.4712209214E-01
        23    0.3366000000E+02    0.3316686920E+02   -0.2115677900E+01    0.3723452772E-02
        24    0.2492000000E+02    0.2819887097E+02   -0.1921893530E+01   -0.1400959222E-01
        25    0.2638000000E+02    0.2853153885E+02   -0.1814355900E+01    0.2408461440E-02
        26    0.2218000000E+02    0.2445248983E+02   -0.1759376340E+01   -0.2531152800E-01
        27    0.1799000000E+02    0.1944766729E+02   -0.1351662000E+01   -0.1632095284E-01
        28    0.1262000000E+02    0.1383118439E+02   -0.1361384640E+01   -0.6528488340E-01
        29    0.5650000000E+01    0.5157999045E+01   -0.2770469300E+00   -0.1960117500E-02
        30    0.2455000000E+02    0.2162222748E+02   -0.1514196950E+01   -0.1838036074E-01
        31    0.1040000000E+01    0.1944457293E+01   -0.1262177580E+01   -0.1537737900E+00
        32    0.7980000000E+01    0.8524692200E+01   -0.1352062800E+00    0.4457972506E-01
        33    0.3850000000E+02    0.3712705938E+02   -0.2237168300E+01    0.2202756759E-01
        34    0.2347000000E+02    0.2416497017E+02   -0.1554625520E+01   -0.1878664788E-02
        35    0.1576000000E+02    0.1739162240E+02   -0.1143667800E+01   -0.7509102318E-02
        36    0.9540000000E+01    0.9577767130E+01   -0.6142948800E+00   -0.7017558804E-02
