        Rank        RMSE       MaxAE  Feature_ID
           1    3.235682    5.950733  (       9   11554)
           2    3.263876    5.990926  (       9   12494)
           3    3.274100    5.923447  (       9   15205)
           4    3.289833    8.012448  (      21   11075)
           5    3.295088    7.379163  (       9   11065)
           6    3.295699    8.130021  (       9   10758)
           7    3.300142    6.801148  (       9   13226)
           8    3.311394    8.134716  (      12   11075)
           9    3.315148    7.880473  (      21   18494)
          10    3.316723    7.976875  (      12   18494)
          11    3.322349    6.064570  (       9   12390)
          12    3.335180    8.109007  (      10   18494)
          13    3.337297    7.901478  (      47   11075)
          14    3.339600    8.277625  (      10   11075)
          15    3.341604    7.818633  (      21   10043)
          16    3.347761    9.397870  (      13   13173)
          17    3.350668    8.466928  (      10   12133)
          18    3.351548    6.049048  (       9   12880)
          19    3.352601    7.864300  (      12   10043)
          20    3.354570    9.462088  (       9   16416)
          21    3.355044    8.498557  (       9   10701)
          22    3.359993    8.522008  (      10   11080)
          23    3.360464    8.569340  (      12   12133)
          24    3.362497    7.342789  (       1   10001)
          25    3.363937    7.145308  (     260   11554)
          26    3.366279    8.634255  (      12   11080)
          27    3.367264    8.913345  (    1307   15469)
          28    3.367484    7.924414  (      47   18494)
          29    3.369138    6.369610  (       9   15557)
          30    3.373086    9.555922  (      21   10205)
          31    3.374108    8.432833  (      15   11075)
          32    3.377183    6.826118  (      23   19365)
          33    3.379496    7.953428  (      10   10043)
          34    3.380895    6.375450  (       9   17731)
          35    3.383238    7.517270  (      21   10151)
          36    3.383602    8.094373  (      21   12181)
          37    3.383955    8.154488  (      21   12692)
          38    3.384055    8.103265  (      12   12144)
          39    3.384353    7.762636  (      47   10043)
          40    3.384404    8.166282  (      21   12818)
          41    3.384857    8.065558  (      21   11994)
          42    3.385744    8.519977  (      21   10010)
          43    3.386332    7.819851  (      15   10009)
          44    3.386968    9.636858  (      12   10205)
          45    3.387643    7.963291  (      12   18297)
          46    3.390789    7.521107  (      21   10009)
          47    3.391564    7.568880  (      21   10062)
          48    3.391921    8.005433  (      21   11719)
          49    3.393836    8.951370  (       1   10005)
          50    3.393894    8.518803  (      13   10040)
          51    3.394223    9.717289  (       9   19769)
          52    3.395824    6.562437  (       6   12880)
          53    3.395942    7.851392  (      21   10347)
          54    3.396178    7.854183  (      21   10344)
          55    3.396456    7.204126  (      21   10095)
          56    3.396933    7.633475  (      21   10045)
          57    3.397183    7.962646  (      10   12144)
          58    3.397232    8.266927  (      12   12692)
          59    3.397526    8.278255  (      12   12818)
          60    3.397638    8.209255  (      12   12181)
          61    3.397839    8.310173  (      15   18494)
          62    3.398248    7.815073  (      21   12972)
          63    3.398428    8.337425  (      43   11823)
          64    3.399233    8.181662  (      12   11994)
          65    3.399835    7.828907  (      10   18297)
          66    3.400579    7.642700  (      12   10009)
          67    3.400613    6.137332  (       9   12737)
          68    3.400827    8.814503  (       1   10002)
          69    3.401509    8.183360  (      21   12144)
          70    3.401940    9.630655  (    1331    4290)
          71    3.403533    8.629846  (      12   10010)
          72    3.404356    7.539239  (      12   10151)
          73    3.404633    8.040839  (      21   18297)
          74    3.404893    8.177020  (      21   13388)
          75    3.405109    7.748340  (       1   10003)
          76    3.405930    9.742307  (      10   10205)
          77    3.406613    7.762824  (      10   10009)
          78    3.406931    8.124241  (      12   11719)
          79    3.406931    6.473565  (    1866   15152)
          80    3.407565    7.506994  (      12   10062)
          81    3.408994    7.718642  (      12   10347)
          82    3.409254    7.721309  (      12   10344)
          83    3.409294    9.727824  (    4290    5024)
          84    3.409385    7.746350  (      15   10151)
          85    3.409405    7.688955  (      12   12972)
          86    3.409644    8.980638  (    1938   15469)
          87    3.410903    8.408163  (      21   17727)
          88    3.411957    7.102216  (      23   13115)
          89    3.412126   10.194406  (      23   12893)
          90    3.412798    9.190440  (      21   10005)
          91    3.413609    7.500994  (      12   10045)
          92    3.413819    6.807517  (      21   11554)
          93    3.413846    7.179571  (     260   15205)
          94    3.413890    7.511219  (      15   10347)
          95    3.414107    7.513985  (      15   10344)
          96    3.414284    7.719600  (      15   10062)
          97    3.414304    8.395440  (      10   12692)
          98    3.414504    8.406458  (      10   12818)
          99    3.415152    8.339387  (      10   12181)
         100    3.415434    7.133217  (      12   10095)
