        Rank        RMSE       MaxAE  Feature_ID
           1    4.285232   10.401950  (       1)
           2    4.424669   11.521086  (       2)
           3    4.478443   11.169713  (       3)
           4    4.479096   10.190687  (       4)
           5    4.494674   10.350098  (       5)
           6    4.512220   12.426691  (       6)
           7    4.518490   13.388762  (       7)
           8    4.530565   10.541472  (       8)
           9    4.538016   13.488163  (       9)
          10    4.539844   11.207671  (      10)
          11    4.549013   11.046707  (      11)
          12    4.555566   11.138387  (      12)
          13    4.557148   11.485431  (      13)
          14    4.560487   11.110587  (      14)
          15    4.578739   11.393322  (      15)
          16    4.579295   11.090988  (      16)
          17    4.581668   11.615156  (      17)
          18    4.582003   12.263084  (      18)
          19    4.585226   13.019338  (      19)
          20    4.586327   11.261308  (      20)
          21    4.586663   11.111636  (      21)
          22    4.587394   11.745183  (      22)
          23    4.588824   10.701176  (      23)
          24    4.601890   11.640205  (      24)
          25    4.605217   11.530573  (      25)
          26    4.615685   12.043594  (      26)
          27    4.616945   10.985723  (      27)
          28    4.618296   10.432150  (      28)
          29    4.622024    9.902212  (      29)
          30    4.624355   12.152432  (      30)
          31    4.628780   11.751203  (      31)
          32    4.631942   13.272539  (      32)
          33    4.634203   12.139290  (      33)
          34    4.634296   12.440902  (      34)
          35    4.634463   11.428758  (      35)
          36    4.635866   10.338517  (      36)
          37    4.636912   11.159232  (      37)
          38    4.638063   11.543468  (      38)
          39    4.638305   11.976208  (      39)
          40    4.642039   11.461666  (      40)
          41    4.644730   12.243187  (      41)
          42    4.646398   11.764461  (      42)
          43    4.653175   12.580718  (      43)
          44    4.653710   11.176196  (      44)
          45    4.656110   11.681867  (      45)
          46    4.657959   12.243656  (      46)
          47    4.658253   11.077043  (      47)
          48    4.660153   11.417651  (      48)
          49    4.662866   12.109715  (      49)
          50    4.665013   11.301221  (      50)
          51    4.665175   11.406105  (      51)
          52    4.665445   11.717097  (      52)
          53    4.667127   11.005278  (      53)
          54    4.667827   13.302703  (      54)
          55    4.672374   13.030407  (      55)
          56    4.676436   10.052544  (      56)
          57    4.679051   10.051074  (      57)
          58    4.679444   13.082559  (      58)
          59    4.681312   13.420287  (      59)
          60    4.681665   12.089415  (      60)
          61    4.682786   11.750334  (      61)
          62    4.685710   10.801594  (      62)
          63    4.686867   13.985148  (      63)
          64    4.688765   13.007344  (      64)
          65    4.689670   13.268103  (      65)
          66    4.689925   11.167772  (      66)
          67    4.689963   11.766672  (      67)
          68    4.690356   10.251665  (      68)
          69    4.690568   12.407385  (      69)
          70    4.691885   12.887237  (      70)
          71    4.691918   10.375496  (      71)
          72    4.692304   10.964767  (      72)
          73    4.692571   12.268877  (      73)
          74    4.692604   11.026975  (      74)
          75    4.693484   11.126853  (      75)
          76    4.697309   11.457624  (      76)
          77    4.698612   12.183813  (      77)
          78    4.698791   11.856897  (      78)
          79    4.702039   12.119068  (      79)
          80    4.702186   11.093233  (      80)
          81    4.702335   11.819129  (      81)
          82    4.702662   12.408440  (      82)
          83    4.702991   12.859301  (      83)
          84    4.703815   11.778761  (      84)
          85    4.703960   10.118877  (      85)
          86    4.709305   11.344219  (      86)
          87    4.709459   10.642472  (      87)
          88    4.710362   12.210931  (      88)
          89    4.710380   10.961621  (      89)
          90    4.711124   13.647638  (      90)
          91    4.711536   11.412960  (      91)
          92    4.712348   11.812947  (      92)
          93    4.712540   12.300766  (      93)
          94    4.713614   12.285220  (      94)
          95    4.717022   13.271460  (      95)
          96    4.718775   10.505955  (      96)
          97    4.719674   11.428791  (      97)
          98    4.719897   13.650088  (      98)
          99    4.722505   13.603110  (      99)
         100    4.724832   10.450038  (     100)
