     Index              y_true              y_pred        descriptor_1        descriptor_2
         1    0.9070000000E+02    0.1226359814E+03    0.2170000000E-01    0.0000000000E+00
         2    0.2566500000E+03    0.2341073665E+03    0.8325000000E+00    0.2561102741E-01
         3    0.5132000000E+03    0.4218240628E+03    0.2335600000E+01    0.1369923273E+00
         4    0.2490000000E+03    0.2471832603E+03    0.1414700000E+01    0.2700108340E+00
         5    0.3632000000E+03    0.3560015271E+03    0.2257500000E+01    0.3204347591E+00
         6    0.3674300000E+03    0.3615360638E+03    0.1827700000E+01    0.8875303159E-01
         7    0.9034100000E+02    0.1035207401E+03   -0.1078000000E+00    0.3345556480E-03
         8    0.1588000000E+03    0.1348285642E+03    0.1060000000E+00    0.6285690256E-03
         9    0.4711500000E+03    0.4819596939E+03    0.2666200000E+01    0.9787842434E-01
        10    0.3010000000E+03    0.3136195422E+03    0.1506900000E+01    0.9148480543E-01
        11    0.2990000000E+03    0.2590311305E+03    0.1046500000E+01    0.4755003644E-01
        12    0.3260000000E+03    0.3250986805E+03    0.1553500000E+01    0.7583761358E-01
        13    0.3275000000E+03    0.3509841263E+03    0.1814800000E+01    0.1179722223E+00
        14    0.2480000000E+03    0.2384574069E+03    0.9507000000E+00    0.6950815053E-01
        15    0.2401500000E+03    0.2119121070E+03    0.8376000000E+00    0.1030463902E+00
        16    0.2466500000E+03    0.2486709136E+03    0.9429000000E+00    0.3117251185E-01
        17    0.2530000000E+03    0.2640690491E+03    0.1021100000E+01    0.1795942757E-01
        18    0.2886400000E+03    0.2839892123E+03    0.1007700000E+01   -0.5591096633E-01
        19    0.2744000000E+03    0.2456626585E+03    0.9432000000E+00    0.4147389580E-01
        20    0.2720000000E+03    0.2653962557E+03    0.1058300000E+01    0.3191597912E-01
        21    0.3334000000E+03    0.4214225197E+03    0.2430300000E+01    0.1852795276E+00
        22    0.4780000000E+03    0.4532079228E+03    0.2622900000E+01    0.1734553087E+00
        23    0.4920000000E+03    0.4978166385E+03    0.2913200000E+01    0.1667718327E+00
        24    0.4460000000E+03    0.4220167646E+03    0.2225500000E+01    0.8177792827E-01
        25    0.3380000000E+03    0.3756098091E+03    0.2073800000E+01    0.1632186193E+00
        26    0.3860000000E+03    0.3761633093E+03    0.2107400000E+01    0.1780022802E+00
        27    0.4380000000E+03    0.4350437205E+03    0.2437700000E+01    0.1429760050E+00
        28    0.3990000000E+03    0.4292038465E+03    0.2337300000E+01    0.1129284288E+00
        29    0.2561000000E+03    0.2707913194E+03    0.1164900000E+01    0.6653740200E-01
        30    0.1693000000E+03    0.2117547780E+03    0.8014000000E+00    0.8563714702E-01
        31    0.2634000000E+03    0.2447292580E+03    0.1571700000E+01    0.3561000000E+00
        32    0.3891500000E+03    0.3866679557E+03    0.1934000000E+01    0.5661498603E-01
        33    0.3602000000E+03    0.3305660294E+03    0.1586400000E+01    0.7369037467E-01
        34    0.2561000000E+03    0.2839773094E+03    0.1203900000E+01    0.4136321731E-01
        35    0.4010000000E+03    0.3977888668E+03    0.2275100000E+01    0.1881269278E+00
        36    0.2516000000E+03    0.2868126096E+03    0.1327900000E+01    0.9324691177E-01
