Model_ID, [(c_i,i=0,n)_j,j=1,ntask]
           1    0.6019194049E+02   -0.3267648774E+02    0.2308964859E+03
           2    0.7559718345E+02   -0.3328661540E+02    0.2372379339E+03
           3    0.8417412918E+02   -0.8152633243E+02    0.2142624912E+03
           4    0.8400566843E+02   -0.8196269205E+02    0.2021536310E+03
           5    0.8400215816E+02   -0.8195423084E+02    0.2020672235E+03
           6    0.8512167983E+02   -0.8165849134E+02    0.2116156453E+03
           7    0.8350821270E+02   -0.8036144253E+02   -0.2109858571E+03
           8    0.8381008841E+02    0.8525957845E+02    0.1690032799E+03
           9    0.8436944204E+02   -0.8101670519E+02    0.2200187415E+03
          10    0.6211421792E+02   -0.4596648403E+02    0.2338234334E+03
          11    0.8430531805E+02   -0.8094920981E+02    0.2194747185E+03
          12    0.8383881854E+02    0.8520422953E+02    0.1706504670E+03
          13    0.8406280712E+02   -0.8074547939E+02    0.2179660433E+03
          14    0.8486092731E+02   -0.8606483003E+02    0.1716702345E+03
          15    0.8424004667E+02   -0.8087970047E+02    0.2188414912E+03
          16    0.8297127280E+02   -0.8431801424E+02    0.1666303671E+03
          17    0.8418611439E+02   -0.8237175686E+02    0.3541741663E+03
          18    0.8410310341E+02   -0.8076016099E+02    0.2179051053E+03
          19    0.8461293496E+02   -0.8607843718E+02    0.1703250138E+03
          20    0.8489635467E+02   -0.8602208587E+02    0.1734365893E+03
          21    0.8397847717E+02   -0.8561599402E+02    0.1682686421E+03
          22    0.8299597730E+02   -0.8425545207E+02    0.1681932035E+03
          23    0.8473484677E+02    0.8699309247E+02    0.1002642228E+03
          24    0.8413783982E+02   -0.8076939075E+02    0.2177053654E+03
          25    0.8416834880E+02   -0.8101710063E+02    0.2170122037E+03
          26    0.8464479069E+02   -0.8602907529E+02    0.1720323594E+03
          27    0.8409223769E+02   -0.8049978046E+02    0.2177535797E+03
          28    0.8400566982E+02   -0.8555798078E+02    0.1698909774E+03
          29    0.8434118509E+02    0.8669369918E+02    0.1016632627E+03
          30    0.8416925743E+02   -0.8077405656E+02    0.2173665009E+03
          31    0.8418521006E+02   -0.8132353333E+02    0.2149582271E+03
          32    0.8492952012E+02   -0.8485819087E+02    0.2107628874E+03
          33    0.8400990642E+02   -0.8152525932E+02    0.1557996702E+03
          34    0.8422227492E+02   -0.8502594791E+02    0.1975798782E+03
          35    0.8421862492E+02   -0.8501697438E+02    0.1974933431E+03
          36    0.8484897982E+02   -0.8546543649E+02    0.1999095456E+03
          37    0.8439463225E+02   -0.8583252000E+02    0.1695996880E+03
          38    0.8484518318E+02   -0.8545623687E+02    0.1998213453E+03
          39    0.8343114383E+02   -0.8189633974E+02    0.1681974279E+03
          40    0.8512634155E+02   -0.8473952179E+02    0.2116940846E+03
          41    0.8393313505E+02    0.8442507011E+02    0.1966719616E+03
          42    0.8392958498E+02    0.8441630610E+02    0.1965866471E+03
          43    0.8455393634E+02    0.8741843477E+02    0.9321119764E+02
          44    0.8403159003E+02   -0.8065302465E+02    0.2163574341E+03
          45    0.8400281540E+02   -0.8008816025E+02    0.2167060164E+03
          46    0.8428141555E+02   -0.8438067001E+02    0.2079580306E+03
          47    0.8823916806E+02   -0.8657792810E+02    0.5035452768E+02
          48    0.8399527707E+02    0.8378938347E+02    0.2070252330E+03
          49    0.8503100494E+02   -0.8531754204E+02    0.2005805243E+03
          50    0.8502719248E+02   -0.8530835930E+02    0.2004922652E+03
          51    0.8374918268E+02    0.8450202789E+02    0.1725612281E+03
          52    0.8872724576E+02   -0.9100926166E+02    0.4743330454E+02
          53    0.8419881541E+02   -0.8077397199E+02    0.2168554522E+03
          54    0.8492429592E+02   -0.8739392907E+02    0.9994814545E+02
          55    0.8427682932E+02   -0.8167657114E+02    0.2066239370E+03
          56    0.8422155605E+02    0.8436455515E+02    0.1746027315E+03
          57    0.8347113018E+02   -0.8186568074E+02    0.1699761626E+03
          58    0.7695823990E+02   -0.3522621680E+02    0.2277713757E+03
          59    0.8442513833E+02   -0.8578078169E+02    0.1712819225E+03
          60    0.8430071720E+02   -0.8571077557E+02    0.1693160260E+03
          61    0.8383326636E+02   -0.8594040533E+02    0.9855671010E+02
          62    0.8447629874E+02    0.8455553158E+02    0.1718031624E+03
          63    0.8395920276E+02   -0.8057285611E+02   -0.2153514633E+03
          64    0.8429075479E+02   -0.8177682796E+02    0.2055054966E+03
          65    0.8443386316E+02   -0.8373311249E+02    0.1003770854E+03
          66    0.8465721306E+02   -0.8527515643E+02    0.1994307573E+03
          67    0.8473312016E+02   -0.8465942040E+02    0.2101874623E+03
          68    0.8377942870E+02   -0.8083226536E+02    0.9796871677E+02
          69    0.8465344488E+02   -0.8526599584E+02    0.1993429149E+03
          70    0.8452828919E+02   -0.8708796697E+02    0.1013241106E+03
          71    0.8481836572E+02   -0.8534493325E+02    0.1756821890E+03
          72    0.8346194134E+02   -0.8567625257E+02    0.1000318383E+03
          73    0.8423162040E+02   -0.8561721653E+02    0.1691144192E+03
          74    0.8441387861E+02   -0.8207029857E+02    0.6292707826E+02
          75    0.8428931172E+02   -0.8158042150E+02    0.1733299564E+03
          76    0.8409573542E+02   -0.8018308401E+02    0.2961869261E+03
          77    0.8406257414E+02    0.8421371155E+02    0.1745982742E+03
          78    0.8401110352E+02   -0.8135380820E+02    0.1758801519E+03
          79    0.8433075455E+02   -0.8565823027E+02    0.1709891183E+03
          80    0.8465405890E+02   -0.8225287641E+02    0.6196542899E+02
          81    0.8367994311E+02   -0.8641483252E+02    0.9180318933E+02
          82    0.8475314809E+02   -0.8783732432E+02    0.9296599372E+02
          83    0.8307871557E+02   -0.8346052580E+02    0.1935729181E+03
          84    0.8457273996E+02   -0.8517342863E+02    0.1992316553E+03
          85    0.8423825796E+02   -0.8361554953E+02   -0.2072651892E+03
          86    0.8307537537E+02   -0.8345213133E+02    0.1934903081E+03
          87    0.8456898489E+02   -0.8516428810E+02    0.1991439857E+03
          88    0.8464717427E+02   -0.8455511086E+02    0.2099549778E+03
          89    0.8388427201E+02   -0.8048917412E+02    0.2142414884E+03
          90    0.8442680698E+02   -0.8348852879E+02   -0.2081454931E+03
          91    0.8426134096E+02   -0.8556413158E+02    0.1707812004E+03
          92    0.8341574008E+02   -0.7862675301E+02    0.2154067915E+03
          93    0.8349808297E+02   -0.8253657028E+02    0.7830648752E+03
          94    0.8455752360E+02   -0.8533367344E+02    0.1741068482E+03
          95    0.8290273323E+02   -0.8354734941E+02    0.1699089329E+03
          96    0.8747461876E+02   -0.8562755233E+02    0.1345606480E+03
          97    0.8451009353E+02   -0.8509361078E+02    0.1990868819E+03
          98    0.8450634831E+02   -0.8508448582E+02    0.1989993443E+03
          99    0.8400782257E+02   -0.8337778858E+02    0.1015366073E+03
         100    0.8458357439E+02   -0.8447366154E+02    0.2097876913E+03
