Model_ID, [(c_i,i=0,n)_j,j=1,ntask]
           1    0.6690557246E+02   -0.5135352612E+02
           2    0.7171623470E+02   -0.3868515711E+02
           3    0.6649444405E+02   -0.5020936608E+02
           4    0.7691561003E+02   -0.6823137099E+02
           5    0.7233511508E+02   -0.6064334520E+02
           6    0.7677243446E+02   -0.6812758068E+02
           7    0.6489300571E+02    0.5242011594E+02
           8    0.7460472384E+02   -0.6077274530E+02
           9    0.7288647651E+02   -0.3367530856E+02
          10    0.4897377825E+02   -0.5496468427E+02
          11    0.7138477100E+02   -0.7377380356E+02
          12    0.7019877232E+02   -0.5803809948E+02
          13    0.4894231894E+02   -0.5638601312E+02
          14    0.7089149920E+02   -0.7429252918E+02
          15    0.6997705509E+02   -0.3567948803E+02
          16    0.3941584071E+02    0.3283363526E+02
          17    0.7158898494E+02   -0.7603650455E+02
          18    0.3927946120E+02    0.3301261847E+02
          19    0.7461702274E+02   -0.5858977835E+02
          20    0.7570180128E+02   -0.6662706272E+02
          21    0.4060954492E+02   -0.4352701218E+02
          22    0.4111439927E+02   -0.3522247622E+02
          23    0.6752315244E+02   -0.6060547528E+02
          24    0.5666615067E+02   -0.4043414136E+02
          25    0.3716093887E+02   -0.3406208837E+02
          26    0.7174561109E+02    0.6153795356E+02
          27    0.5102646810E+02   -0.4046725266E+02
          28    0.7342574860E+02   -0.3478639771E+02
          29    0.7135435284E+02   -0.7559224447E+02
          30    0.3769499923E+02   -0.3003813141E+02
          31    0.7062945752E+02   -0.7376934367E+02
          32    0.4928990839E+02   -0.5590750368E+02
          33    0.5152285856E+02   -0.3876307007E+02
          34    0.5769566587E+02   -0.5615807927E+02
          35    0.7552561060E+02   -0.6640919893E+02
          36    0.4046042598E+02    0.3095978200E+02
          37    0.3954592396E+02   -0.4432892957E+02
          38    0.6976323978E+02   -0.5108582499E+02
          39    0.4954475797E+02   -0.2804070198E+02
          40    0.4115083625E+02   -0.3276206969E+02
          41    0.6700618075E+02   -0.7095850648E+02
          42    0.3969772790E+02   -0.4428934806E+02
          43    0.3972040212E+02    0.4426884670E+02
          44    0.6718671219E+02   -0.6025052876E+02
          45    0.5181729288E+02   -0.3138173854E+02
          46    0.5672156217E+02   -0.4018890199E+02
          47    0.4039898105E+02   -0.3107687633E+02
          48    0.7853502290E+02   -0.8393819194E+02
          49    0.5547799750E+02   -0.5091410387E+02
          50    0.6547607167E+02    0.5444659308E+02
          51    0.8322832757E+02   -0.8138148436E+02
          52    0.3979805125E+02   -0.4417384768E+02
          53    0.3980040712E+02   -0.4417039665E+02
          54    0.7403860514E+02   -0.3915316833E+02
          55    0.7076992591E+02    0.5616221116E+02
          56    0.3981948242E+02    0.4414127945E+02
          57    0.3892701293E+02   -0.3226170972E+02
          58    0.8170330949E+02   -0.6961914565E+02
          59    0.6677682723E+02   -0.6925002904E+02
          60    0.3938464690E+02   -0.4413339076E+02
          61    0.4023576952E+02   -0.3522444583E+02
          62    0.2585734060E+02   -0.3662581227E+03
          63    0.5997665840E+02   -0.4420210883E+02
          64    0.1256258709E+02   -0.7151217956E+02
          65    0.4293330542E+02   -0.4586397710E+02
          66    0.6744263059E+02    0.6012769753E+02
          67    0.3986592679E+02   -0.4406191199E+02
          68    0.4118646769E+02   -0.4180412153E+02
          69    0.5104884904E+02    0.2776942119E+02
          70    0.5934000194E+02   -0.4510736009E+02
          71    0.3987849724E+02    0.4403843644E+02
          72    0.6998658295E+02   -0.3699913806E+02
          73    0.7524858352E+02   -0.6598242708E+02
          74    0.9406387577E+01   -0.7978517459E+02
          75    0.4038632934E+02    0.3397771614E+02
          76    0.3947516513E+02    0.4438769266E+02
          77    0.5088012636E+02   -0.2774575946E+02
          78    0.5318858099E+02    0.5245812279E+02
          79    0.7440772712E+02   -0.3291639998E+02
          80    0.4594812309E+02   -0.3821155784E+02
          81    0.4034572303E+02   -0.4097813634E+02
          82    0.4890497456E+02    0.3612784403E+02
          83    0.4012961577E+02   -0.4134338049E+02
          84    0.2562085816E+02    0.2458458057E+03
          85    0.7826989223E+02   -0.8285346846E+02
          86    0.4226728363E+02   -0.4063269077E+02
          87    0.7834115361E+02   -0.8296701021E+02
          88    0.4113203903E+02   -0.2999151128E+02
          89    0.4046452541E+02   -0.4079888824E+02
          90    0.3752940698E+02    0.3631486743E+02
          91    0.6966580406E+02   -0.2387130445E+02
          92    0.4014368147E+02   -0.4099122283E+02
          93    0.7840913312E+02   -0.8307264612E+02
          94    0.4061414268E+02   -0.3085549373E+02
          95    0.3930742131E+02   -0.4391779609E+02
          96    0.5050224551E+02    0.2857605307E+02
          97    0.4644508674E+02   -0.5300089679E+02
          98    0.7005486865E+02   -0.4499834138E+02
          99    0.4021800732E+02   -0.4127364798E+02
         100    0.6626528379E+02    0.6129680840E+02
