        Rank        RMSE       MaxAE  Feature_ID
           1    2.841299    9.101316  (      52   10162)
           2    2.842036    9.122779  (      45   10162)
           3    2.845186    9.110198  (      46   10162)
           4    2.850478    9.098027  (      47   10162)
           5    2.853327    9.013585  (      16   10001)
           6    2.855426    9.051913  (     158   10162)
           7    2.860987    7.516856  (    5547   18400)
           8    2.874578    7.591619  (    4894   18400)
           9    2.876290    7.569534  (    9458   18400)
          10    2.878117    8.947020  (     406   13600)
          11    2.889708    7.679288  (    3576   18400)
          12    2.890090    8.657396  (     364   10085)
          13    2.892874    8.948701  (      45   10001)
          14    2.893629    8.841951  (      16   10004)
          15    2.896185    8.935593  (      46   10001)
          16    2.897188    6.259779  (    7448   11688)
          17    2.897500    8.993538  (     158   12980)
          18    2.898452    8.770907  (      16   10002)
          19    2.900515    7.754236  (     587   18277)
          20    2.901816    8.922910  (      47   10001)
          21    2.903866    8.768412  (     127   10085)
          22    2.909174    7.636452  (    3514   12418)
          23    2.910322    8.839284  (      16   10006)
          24    2.910674    8.925142  (      52   10001)
          25    2.910866    9.176046  (      16   10162)
          26    2.914753    8.918872  (      45   10058)
          27    2.916755    8.986604  (      16   10058)
          28    2.917660    9.124484  (     161   10162)
          29    2.918903    8.905927  (      46   10058)
          30    2.919286    8.867360  (      16   10008)
          31    2.922731    8.792637  (      16   10034)
          32    2.923565    9.046931  (      52   12980)
          33    2.925319    8.893409  (      47   10058)
          34    2.926365    8.714720  (      45   10034)
          35    2.926697    8.894974  (      52   10058)
          36    2.928773    9.068738  (      45   12980)
          37    2.928963    8.702056  (      46   10034)
          38    2.931436    7.957135  (    5547   12418)
          39    2.931676    8.876619  (      31   10091)
          40    2.932831    9.056308  (      46   12980)
          41    2.933580    8.770516  (      45   10004)
          42    2.933743    8.689822  (      47   10034)
          43    2.935234    8.754956  (      16   10040)
          44    2.935535    8.757656  (      46   10004)
          45    2.937106    8.689633  (      52   10034)
          46    2.938907    9.184940  (     246   10106)
          47    2.938927    9.044290  (      47   12980)
          48    2.939700    8.745226  (      47   10004)
          49    2.940277    8.841149  (      16   10065)
          50    2.940676    8.765537  (      45   10065)
          51    2.943619    8.752840  (      46   10065)
          52    2.944028    8.697363  (      45   10002)
          53    2.944774    8.675798  (      45   10040)
          54    2.945481    8.684538  (      46   10002)
          55    2.945708    9.187037  (     865   11012)
          56    2.945852    8.727385  (      16   10009)
          57    2.947036    8.663155  (      46   10040)
          58    2.947436    8.889133  (      52   10538)
          59    2.947560    8.912111  (      45   10538)
          60    2.947812    8.899845  (      46   10538)
          61    2.947935    8.767705  (      45   10006)
          62    2.948084    8.445611  (     406   14601)
          63    2.948331    8.942022  (    1339   12980)
          64    2.948445    8.003161  (    4894   12418)
          65    2.948452    8.913529  (      16   10024)
          66    2.948745    8.740573  (      47   10065)
          67    2.949111    8.672144  (      47   10002)
          68    2.949226    7.174063  (    2724   12418)
          69    2.949465    8.746274  (      52   10004)
          70    2.949802    8.754878  (      46   10006)
          71    2.950022    8.887983  (      47   10538)
          72    2.951296    8.740749  (      52   10065)
          73    2.951452    8.650942  (      47   10040)
          74    2.953298    7.450601  (     127   10164)
          75    2.953854    8.742479  (      47   10006)
          76    2.955065    6.681133  (    1547    6765)
          77    2.955932    8.923934  (      16   10029)
          78    2.955976    8.650561  (      52   10040)
          79    2.956037    8.922787  (      16   10027)
          80    2.956664    6.827078  (    5260   12418)
          81    2.958791    8.908455  (      16   10030)
          82    2.958937    8.907945  (      16   10031)
          83    2.959088    8.907436  (      16   10032)
          84    2.959203    8.915558  (      56   11012)
          85    2.960097    8.672858  (      52   10002)
          86    2.960431    8.797388  (      45   10008)
          87    2.960532    8.516984  (      16   10085)
          88    2.961031    9.176395  (       1   10001)
          89    2.961162    8.931228  (       7   10003)
          90    2.961478    8.969979  (       5   10044)
          91    2.961974    8.424291  (      45   10085)
          92    2.962357    8.852435  (      16   10099)
          93    2.962453    8.784549  (      46   10008)
          94    2.962630    8.411773  (      46   10085)
          95    2.963263    8.743471  (      52   10006)
          96    2.964143    8.777786  (      45   10099)
          97    2.964687    8.893103  (      16   10038)
          98    2.964987    9.163501  (       2   10001)
          99    2.965250    8.891956  (      16   10039)
         100    2.965307    8.399665  (      47   10085)
