Model_ID, [(c_i,i=0,n)_j,j=1,ntask]
           1    0.4266374915E+01   -0.3113376087E+02   -0.1801368117E+03
           2    0.4241319083E+01   -0.3114530082E+02   -0.1781791344E+03
           3    0.4257497937E+01   -0.3113661887E+02   -0.1780600136E+03
           4    0.4274900278E+01    0.3112392155E+02   -0.1779384429E+03
           5    0.3760347047E+01   -0.3267163717E+02   -0.9331877298E+02
           6    0.4345378378E+01   -0.3104272920E+02   -0.1933457855E+03
           7    0.2998076173E+01   -0.3319200234E+02    0.2893203446E+02
           8    0.2982495926E+01   -0.3317850889E+02    0.2867551321E+02
           9    0.2990461372E+01    0.3292180480E+02    0.2975374813E+02
          10    0.1009377118E+02   -0.1884134145E+02    0.4037597978E+02
          11    0.3279690855E+01    0.3280890829E+02    0.2811021666E+02
          12    0.4396637838E+01   -0.3163361338E+02   -0.8351229308E+02
          13    0.3809504035E+01   -0.3270224512E+02   -0.9772042552E+02
          14    0.4172510563E+01   -0.3208959807E+02   -0.8817603294E+02
          15    0.3826856409E+01   -0.3269195132E+02   -0.9764275348E+02
          16    0.2401387161E+01   -0.3421210912E+02   -0.3940529523E+02
          17    0.4354175978E+01   -0.3081268267E+02   -0.1499356934E+03
          18    0.4319107201E+01   -0.3191357801E+02   -0.8284721843E+02
          19    0.2116749229E+02   -0.3682942489E+02   -0.2463921103E+02
          20    0.3845567420E+01    0.3267728483E+02   -0.9755667727E+02
          21    0.4297553394E+01   -0.3163092756E+02   -0.7923395847E+02
          22    0.5249669473E+01   -0.1059588395E+02    0.6686490410E+02
          23    0.4213885751E+01   -0.3199256645E+02   -0.8918506716E+02
          24    0.3841729318E+01   -0.3267992418E+02   -0.9827255244E+02
          25    0.4222869769E+01   -0.3107870816E+02   -0.1644060212E+03
          26    0.3811406417E+01   -0.3248965278E+02   -0.8404733057E+02
          27    0.3788200419E+01   -0.3240785036E+02   -0.7899205945E+02
          28    0.4521826323E+01   -0.3043464112E+02   -0.1902676587E+03
          29    0.3829198690E+01   -0.3247823963E+02   -0.8395486171E+02
          30    0.4166719516E+01   -0.3204268117E+02   -0.8745410843E+02
          31    0.4229150092E+01   -0.3182961934E+02   -0.7367873752E+02
          32    0.4294561325E+01   -0.3087825496E+02   -0.1377586853E+03
          33    0.3848329673E+01    0.3246251965E+02   -0.8385596600E+02
          34    0.4282031596E+01   -0.3186656064E+02   -0.7817401153E+02
          35    0.3839898324E+01   -0.3247482924E+02   -0.8469127982E+02
          36    0.4271793060E+01   -0.3088791158E+02   -0.1359921107E+03
          37    0.4298323534E+01   -0.3185788022E+02   -0.7813003113E+02
          38    0.3838053861E+01   -0.3555499710E+02    0.6839183743E+02
          39    0.7503995426E+01   -0.2325123076E+02   -0.8957324054E+02
          40    0.4288318085E+01   -0.3087842238E+02   -0.1358513353E+03
          41    0.4240051749E+01   -0.3209154226E+02   -0.9234027704E+02
          42    0.4315884018E+01    0.3184504422E+02   -0.7808230964E+02
          43    0.4313250924E+01   -0.3173246338E+02    0.7057648245E+02
          44    0.4256172153E+01   -0.3208358440E+02   -0.9230820582E+02
          45    0.4313083587E+01   -0.3184848463E+02   -0.7879626489E+02
          46    0.3947855159E+01   -0.3177922084E+02   -0.9876029828E+02
          47    0.4306048432E+01    0.3086495982E+02   -0.1357101941E+03
          48    0.4273579107E+01    0.3207141506E+02   -0.9227068548E+02
          49    0.4135911422E+01   -0.3192857357E+02   -0.7569240248E+02
          50    0.4181234748E+01   -0.3197685503E+02   -0.8047584488E+02
          51    0.4197814858E+01   -0.3196761154E+02   -0.8041995944E+02
          52    0.4395622469E+01   -0.3189943603E+02   -0.8657841619E+02
          53    0.4373431946E+01   -0.3175624818E+02    0.7475407750E+02
          54    0.4411391371E+01   -0.3189222399E+02   -0.8656328223E+02
          55    0.3886476641E+01    0.3191162769E+02   -0.1060547066E+03
          56    0.4426770971E+01   -0.3176721008E+02    0.7664973861E+02
          57    0.4389486601E+01   -0.3174804499E+02    0.7471996218E+02
          58    0.4864964318E+01   -0.3022285768E+02    0.1949797412E+03
          59    0.4834123748E+01   -0.3024451546E+02    0.1928168340E+03
          60    0.4848703725E+01   -0.3023877662E+02    0.1928616090E+03
          61    0.4282001298E+01   -0.3199316966E+02   -0.9350297945E+02
          62    0.1039195773E+02   -0.1893914023E+02    0.4956548946E+02
          63    0.4479586472E+01   -0.3056712967E+02   -0.1653997580E+03
          64    0.3813380479E+01   -0.3551542360E+02    0.6767396284E+02
          65    0.4055199626E+01   -0.3220057042E+02   -0.8898729986E+02
          66    0.4215675109E+01    0.3195418780E+02   -0.8035977326E+02
          67    0.4428427767E+01    0.3188084492E+02   -0.8654378953E+02
          68    0.4970173095E+01   -0.1461809649E+02    0.6538669714E+02
          69    0.4273377772E+01   -0.3206814456E+02   -0.9291857015E+02
          70    0.4298026638E+01   -0.3198536163E+02   -0.9347285885E+02
          71    0.4864469761E+01    0.3022912441E+02    0.1929111128E+03
          72    0.4211488121E+01   -0.3195985140E+02   -0.8112679208E+02
          73    0.4406799973E+01    0.3173570901E+02    0.7468260869E+02
          74    0.4762158222E+01   -0.3112616455E+02   -0.2417493744E+03
          75    0.4315330324E+01    0.3197336533E+02   -0.9343760885E+02
          76    0.1637843305E+02    0.6681626497E+02   -0.1482713399E+02
          77    0.4044185321E+01   -0.3220273970E+02   -0.8862106967E+02
          78    0.4405311244E+01   -0.3173670212E+02    0.7534058672E+02
          79    0.4045586346E+01   -0.3220211392E+02   -0.8862142315E+02
          80    0.5289280661E+01   -0.1453079214E+02    0.6782105618E+02
          81    0.4063712636E+01   -0.3219295813E+02   -0.8852667225E+02
          82    0.4064377483E+01   -0.3219258758E+02   -0.8851994151E+02
          83    0.4065043762E+01   -0.3219221393E+02   -0.8851298046E+02
          84    0.4063444680E+01   -0.3217507430E+02   -0.8911389917E+02
          85    0.4429856879E+01   -0.3187452893E+02   -0.8711368581E+02
          86    0.4234225744E+01   -0.3204113914E+02   -0.9160389672E+02
          87    0.4902221034E+01   -0.3083387660E+02   -0.6774584409E+02
          88    0.3745858654E+01   -0.3231997827E+02   -0.8619004686E+02
          89    0.4058083902E+01   -0.3214980379E+02   -0.8906976083E+02
          90    0.4624968206E+01    0.3057755563E+02    0.1197557270E+03
          91    0.4993016929E+01   -0.3081261131E+02   -0.7190809496E+02
          92    0.4147176112E+01   -0.3187623844E+02   -0.7512329709E+02
          93    0.4250369032E+01   -0.3203308014E+02   -0.9156876946E+02
          94    0.5007997781E+01   -0.3080650959E+02   -0.7191525897E+02
          95    0.4315261888E+01   -0.3196986619E+02   -0.9410805434E+02
          96    0.4193274024E+01   -0.3192027551E+02   -0.7990160792E+02
          97    0.4084388139E+01   -0.3218042310E+02   -0.8822252550E+02
          98    0.3763502975E+01   -0.3230843421E+02   -0.8611448910E+02
          99    0.4085985179E+01   -0.3217937331E+02    0.8819138764E+02
         100    0.5024185309E+01    0.3079643503E+02   -0.7192239895E+02
