     Index              y_true              y_pred        descriptor_1        descriptor_2
         1    0.3200000000E+01    0.4928609221E+01   -0.9783000000E+00    0.0000000000E+00
         2    0.1850000000E+02    0.1804279108E+02   -0.6431000000E+00    0.0000000000E+00
         3    0.8872000000E+02    0.7542814731E+02    0.8236763200E+00    0.0000000000E+00
         4    0.2067000000E+02    0.1565127957E+02   -0.7042273100E+00    0.0000000000E+00
         5    0.2078000000E+02    0.2761411724E+02   -0.3984558000E+00    0.0000000000E+00
         6    0.6524000000E+02    0.5878110251E+02    0.3730684200E+00    0.3074212008E-02
         7    0.4537000000E+02    0.5581944388E+02    0.3224756000E+00    0.0000000000E+00
         8    0.1845000000E+02    0.2286908658E+02   -0.2966436000E+00   -0.2731626560E-01
         9    0.4263000000E+02    0.4935212259E+02    0.3227604400E+00   -0.2027519344E-01
        10    0.6056000000E+02    0.6123161482E+02    0.3974672000E+00    0.7755973684E-02
        11    0.3615000000E+02    0.3797417654E+02    0.4118920000E+00   -0.6679738256E-01
        12    0.1790000000E+02    0.2487450446E+02   -0.2923861200E+00   -0.2156134534E-01
        13    0.4216000000E+02    0.2917948669E+02   -0.1144547400E+00   -0.2987460414E-01
        14    0.1464000000E+02    0.3892340236E+02    0.1688340000E+00   -0.3406617396E-01
        15    0.3187000000E+02    0.3210979134E+02   -0.3225249300E+00    0.4772672464E-02
        16    0.3120000000E+02    0.3293029204E+02   -0.3343998000E+00    0.8794517034E-02
        17    0.2551000000E+02    0.2924634817E+02   -0.1796450500E+00   -0.2168332697E-01
        18    0.3007000000E+02    0.3419580278E+02    0.1440596800E+00   -0.4582839248E-01
        19    0.2681000000E+02    0.2603997180E+02   -0.4544922600E+00    0.1934719315E-02
        20    0.5646000000E+02    0.4940597632E+02    0.1585466300E+00    0.0000000000E+00
        21    0.6900000000E+02    0.7683823602E+02    0.8597183500E+00    0.0000000000E+00
        22    0.8285000000E+02    0.8447059185E+02    0.1050970770E+01    0.4691330515E-03
        23    0.6942000000E+02    0.7234905233E+02    0.7669237200E+00   -0.2687529041E-02
        24    0.7737000000E+02    0.7070968971E+02    0.7030720000E+00    0.0000000000E+00
        25    0.6383000000E+02    0.6345296149E+02    0.5494990800E+00   -0.3907107626E-02
        26    0.5774000000E+02    0.4945757057E+02    0.1981975200E+00   -0.4693459513E-02
        27    0.4307000000E+02    0.4316454640E+02    0.1652826000E+00   -0.2035812587E-01
        28    0.2720000000E+02    0.2954542764E+02   -0.3147160000E+00   -0.4208975098E-02
        29    0.6276000000E+02    0.6836859636E+02    0.7119538400E+00   -0.8414263332E-02
        30    0.5060000000E+01    0.2176988352E+00    0.2928202200E+00   -0.1703817798E+00
        31    0.5015000000E+02    0.5163162947E+02   -0.3162859800E+00    0.6510487683E-01
        32    0.9080000000E+02    0.9064417229E+02    0.1162131200E+01    0.6179455766E-02
        33    0.6660000000E+02    0.7303658186E+02    0.7822900800E+00   -0.2417302944E-02
        34    0.5100000000E+02    0.4782145645E+02    0.1905433600E+00   -0.8876700012E-02
        35    0.7420000000E+02    0.5721622883E+02    0.3754440600E+00   -0.2114140120E-02
        36    0.4460000000E+02    0.2901749259E+02   -0.2078567800E+00   -0.1894526216E-01
