        Rank        RMSE       MaxAE  Feature_ID
           1    7.798071   20.677744  (    1643   13087)
           2    7.813819   23.610971  (    6066   10510)
           3    7.849711   23.519432  (    9566   10510)
           4    7.868852   21.101381  (    1643   12143)
           5    7.933239   28.167558  (    1014   10510)
           6    7.939592   21.788062  (    9121   12973)
           7    7.961461   20.393090  (    4429   13166)
           8    7.976069   21.195915  (    1643   10924)
           9    7.987658   20.486524  (     816   14842)
          10    7.999424   23.219289  (     816   18646)
          11    7.999962   23.682049  (    1642   18646)
          12    8.000558   20.919189  (    1643   12412)
          13    8.002651   23.681496  (    1631   18646)
          14    8.006978   23.657608  (    1327   18646)
          15    8.008987   27.278683  (       1   10026)
          16    8.009896   23.641870  (    8542   18646)
          17    8.014216   28.013982  (    1819   10510)
          18    8.015855   28.010792  (    1808   10510)
          19    8.056000   20.124910  (    9587   13166)
          20    8.057176   30.076242  (     179   12357)
          21    8.058217   24.437410  (     489   18877)
          22    8.063586   20.438235  (    2560   14842)
          23    8.069648   23.223413  (    2560   18646)
          24    8.075215   24.402809  (    1643   10361)
          25    8.079191   17.637058  (    2245   13166)
          26    8.081081   20.424701  (    4826   14842)
          27    8.084109   30.151203  (     275   12357)
          28    8.085460   26.937350  (       1   10001)
          29    8.089415   23.673720  (    5428   18646)
          30    8.089914   21.946474  (    8510   12115)
          31    8.094938   22.868480  (       2   13166)
          32    8.096236   22.499807  (       5   13671)
          33    8.102261   23.273418  (    4826   18646)
          34    8.108389   26.252710  (       1   10002)
          35    8.110014   22.490392  (       6   13671)
          36    8.113096   26.607224  (       1   10007)
          37    8.114559   28.496188  (    6898   10510)
          38    8.116223   24.304149  (    1643   14879)
          39    8.117985   22.536662  (       8   13671)
          40    8.118760   22.167464  (     489   17498)
          41    8.127661   30.321489  (     688   12357)
          42    8.129477   21.914796  (    1643   19163)
          43    8.129892   22.230351  (    1643   10230)
          44    8.131648   21.245754  (    1520   11388)
          45    8.133332   21.290843  (    1643   12255)
          46    8.137195   22.999538  (       3   13166)
          47    8.137878   28.491486  (    1735   10510)
          48    8.138895   27.173202  (       1   10005)
          49    8.141771   27.127110  (       1   10006)
          50    8.142630   24.990579  (       1   10003)
          51    8.143252   24.990326  (       1   10004)
          52    8.144119   20.206476  (    9126   13166)
          53    8.144933   23.253043  (    1643   11967)
          54    8.147290   26.566626  (       1   10009)
          55    8.147826   23.004991  (    4437   10510)
          56    8.152308   30.689734  (    3749   12357)
          57    8.154964   25.308623  (       1   10008)
          58    8.155155   20.333634  (    7245   13166)
          59    8.155456   25.926311  (       1   10045)
          60    8.155599   21.453592  (    1643   11521)
          61    8.156923   24.212229  (    7984   13723)
          62    8.157928   21.152430  (    1520   11017)
          63    8.158916   21.734887  (    1643   14207)
          64    8.158954   28.538110  (    3206   10510)
          65    8.159668   25.476546  (       1   10023)
          66    8.161364   22.698212  (    8510   17816)
          67    8.168593   23.517476  (     489   18909)
          68    8.170019   27.101533  (       1   10010)
          69    8.171726   22.080752  (    1643   10525)
          70    8.175837   25.789144  (       1   10034)
          71    8.176147   27.022012  (       1   10012)
          72    8.177604   27.101714  (       1   10011)
          73    8.179597   28.271593  (    3397   10510)
          74    8.181011   17.545316  (    6656   13166)
          75    8.182665   26.922267  (       1   10013)
          76    8.185517   23.672385  (    2385   11167)
          77    8.187353   26.571245  (       1   10020)
          78    8.187684   25.658123  (      18   13815)
          79    8.190121   24.468744  (    1643   15636)
          80    8.191841   17.933912  (    4150   12412)
          81    8.194220   28.772023  (    1020   12953)
          82    8.195133   27.114692  (       1   10019)
          83    8.195495   25.170824  (    1643   12313)
          84    8.196300   25.906723  (       1   10047)
          85    8.199233   21.433321  (    4170   12412)
          86    8.199415   25.031409  (       1   10014)
          87    8.203528   27.178999  (       1   10017)
          88    8.203583   28.181369  (    5415   10510)
          89    8.204549   24.981066  (    7972   10593)
          90    8.205888   27.219210  (       1   10018)
          91    8.205991   20.896473  (    4725   18340)
          92    8.206446   21.878931  (    5135   16737)
          93    8.206877   26.982121  (       1   10015)
          94    8.207468   25.625661  (      18   14309)
          95    8.208469   25.738421  (    1307   12834)
          96    8.208488   21.470068  (    1643   12541)
          97    8.208764   24.132850  (    4429   13723)
          98    8.209265   21.952734  (    1643   10366)
          99    8.210745   22.596719  (    4681   10510)
         100    8.211079   25.987114  (      18   15568)
