Model_ID, [(c_i,i=0,n)_j,j=1,ntask]
           1    0.6712508738E+02    0.2116868534E+02   -0.7083117578E+02
           2    0.6064092028E+02   -0.3798580364E+02    0.5016683371E+03
           3    0.6070369242E+02   -0.3815439357E+02    0.5073991984E+03
           4    0.6687736060E+02    0.2055966895E+02   -0.7074592407E+02
           5    0.5018061499E+02    0.3715461691E+02    0.4654036704E+03
           6    0.7274649877E+02   -0.1976007320E+02    0.1281222675E+04
           7    0.5943267478E+02    0.3938092576E+02    0.1696719394E+03
           8    0.6456035124E+02    0.1958989828E+02   -0.4916496194E+02
           9    0.4965795729E+02    0.3325590604E+02    0.3052454921E+03
          10    0.4853602616E+02    0.3171365109E+02    0.2755381119E+03
          11    0.4992469048E+02    0.3346713161E+02    0.2806223467E+03
          12    0.6686700889E+02    0.2069718826E+02   -0.7092734302E+02
          13    0.4991862813E+02    0.3346050594E+02    0.2804886337E+03
          14    0.4982974928E+02    0.3350997489E+02    0.2789048447E+03
          15    0.6140536727E+02   -0.2344324576E+02   -0.1539438973E+03
          16    0.5046390871E+02    0.3359423639E+02    0.2947132914E+03
          17    0.5005955187E+02    0.3748455835E+02    0.4674340282E+03
          18    0.5005318173E+02    0.3747691141E+02    0.4672321752E+03
          19    0.5889794838E+02    0.3840115152E+02    0.1720266630E+03
          20    0.4752844607E+02    0.3314857160E+02   -0.2534372079E+03
          21    0.5839084611E+02    0.6423478779E+02    0.1387950905E+03
          22    0.4995169076E+02    0.3260859188E+02    0.3118437701E+03
          23    0.4879671731E+02    0.3106206255E+02    0.2814568169E+03
          24    0.6837350965E+02    0.2196805867E+02    0.7355279335E+02
          25    0.5631126338E+02    0.3701040216E+02    0.1631889592E+03
          26    0.5023435227E+02    0.3244223131E+02    0.3177195449E+03
          27    0.4763458885E+02    0.3279650862E+02   -0.2551796673E+03
          28    0.6309269510E+02   -0.2732585366E+02    0.7074596858E+02
          29    0.5019397071E+02    0.3265123707E+02    0.2874178764E+03
          30    0.5050920705E+02   -0.1918334884E+02    0.1564515481E+03
          31    0.5402306832E+02   -0.3227951176E+02    0.1344636773E+03
          32    0.5535024150E+02   -0.3009783233E+02    0.5071776917E+03
          33    0.4903533952E+02    0.3086315851E+02    0.2859472187E+03
          34    0.6267482144E+02   -0.2711277708E+02   -0.9452946954E+02
          35    0.5533144189E+02    0.3008336880E+02    0.5061876181E+03
          36    0.6320890542E+02   -0.2801641717E+02   -0.7086363300E+02
          37    0.5078857526E+02    0.3731423427E+02    0.4831999757E+03
          38    0.6833566953E+02    0.2140988899E+02    0.1003997820E+03
          39    0.5533304433E+02   -0.3000700940E+02    0.5067057850E+03
          40    0.5779329442E+02    0.6387492125E+02    0.9632445536E+02
          41    0.4787032008E+02    0.3261083359E+02   -0.2596575696E+03
          42    0.6472869861E+02    0.1913178539E+02   -0.4881273096E+02
          43    0.6697128082E+02    0.2025003186E+02   -0.6514504632E+02
          44    0.5265560388E+02   -0.5173116541E+02   -0.6138800970E+02
          45    0.6706558903E+02    0.2179169035E+02   -0.6002800800E+02
          46    0.5423702892E+02   -0.3210416634E+02    0.1370668894E+03
          47    0.5038061022E+02    0.3577252372E+02    0.4576805200E+03
          48    0.6334007113E+02   -0.2737117173E+02   -0.7044898728E+02
          49    0.6322052799E+02   -0.2731922689E+02   -0.6975625349E+02
          50    0.6219210899E+02   -0.2706172806E+02   -0.4999926329E+02
          51    0.6219283754E+02   -0.2706545731E+02   -0.4998622889E+02
          52    0.5863051402E+02   -0.3782244714E+02    0.1697178146E+03
          53    0.6771266766E+02    0.2072467202E+02   -0.4484855430E+02
          54    0.6335948542E+02   -0.2763715968E+02   -0.9068765373E+02
          55    0.5791610386E+02   -0.3489736305E+02    0.4723615697E+03
          56    0.4840874808E+02    0.3280958134E+02   -0.2723131787E+03
          57    0.6145959161E+02   -0.2594535096E+02   -0.7320490062E+02
          58    0.5915439012E+02    0.3902576209E+02    0.1681653423E+03
          59    0.6103865731E+02   -0.2421412217E+02   -0.1706303950E+03
          60    0.6719787596E+02    0.2263677722E+02   -0.9603870552E+02
          61    0.5868858897E+02   -0.3524898609E+02    0.2598688441E+03
          62    0.5255890572E+02   -0.5153631831E+02   -0.6187736088E+02
          63    0.6512621834E+02    0.1996726443E+02   -0.4664787306E+02
          64    0.5055401164E+02    0.3561604052E+02    0.4657877645E+03
          65    0.6108003371E+02   -0.2479984491E+02   -0.3428208673E+02
          66    0.4828521894E+02   -0.2145654151E+02   -0.1260866002E+03
          67    0.6014373480E+02    0.6478422856E+02   -0.9271245845E+02
          68    0.6319397597E+02   -0.2734531073E+02   -0.6945484451E+02
          69    0.6468840709E+02    0.1913812542E+02   -0.4741026726E+02
          70    0.6102708085E+02   -0.2463725819E+02   -0.1657872340E+03
          71    0.6323300090E+02   -0.2753277671E+02   -0.6944184958E+02
          72    0.6318993436E+02   -0.2735504196E+02   -0.6927622531E+02
          73    0.5027799922E+02   -0.3564667196E+02    0.4651780760E+03
          74    0.5601157067E+02    0.3604116148E+02    0.1670550250E+03
          75    0.6295009283E+02   -0.2739928126E+02    0.6775762491E+02
          76    0.6189541559E+02   -0.2454786989E+02   -0.1267998699E+03
          77    0.6198888342E+02   -0.2553348249E+02   -0.6680690918E+02
          78    0.6580305750E+02    0.2614223453E+02    0.6688528841E+02
          79    0.6851624538E+02    0.2154663451E+02    0.9348623652E+02
          80    0.6814490824E+02   -0.2631150413E+02   -0.7104388661E+02
          81    0.6679387774E+02    0.5333325027E+02    0.2573527952E+03
          82    0.6293790945E+02   -0.2748517234E+02   -0.6331121148E+02
          83    0.6854545425E+02    0.2138744169E+02    0.7400555436E+02
          84    0.6104215256E+02   -0.2455147773E+02   -0.1641722073E+03
          85    0.6038013934E+02   -0.2427226846E+02   -0.7097946439E+02
          86    0.6247256864E+02   -0.2659574883E+02   -0.5502011331E+02
          87    0.6327788886E+02   -0.2724385304E+02   -0.7067273319E+02
          88    0.5029345160E+02    0.3662601523E+02    0.4717897660E+03
          89    0.5713492449E+02    0.2073357125E+02   -0.1134429741E+03
          90    0.6312788713E+02   -0.2717095121E+02   -0.6820627307E+02
          91    0.4640829118E+02    0.3082674914E+02   -0.7318674247E+02
          92    0.6930496151E+02    0.2493107936E+02    0.2923953094E+03
          93    0.6230149688E+02   -0.2701998794E+02    0.5974750795E+02
          94    0.6578972262E+02    0.2615988088E+02    0.6686789695E+02
          95    0.5770053162E+02    0.2248539695E+02   -0.6311298771E+02
          96    0.6724278042E+02    0.2272464642E+02   -0.9505712545E+02
          97    0.6025587484E+02    0.3859854232E+02    0.2525643302E+03
          98    0.6681069651E+02    0.2176838089E+02   -0.9685743364E+02
          99    0.5772209985E+02   -0.3563024296E+02    0.4687942952E+03
         100    0.6610586267E+02    0.2594874987E+02    0.6106948768E+02
