        Rank        RMSE       MaxAE  Feature_ID
           1   20.207480   62.625694  (       1   10001)
           2   20.418379   63.041263  (       1   10466)
           3   20.422062   62.620624  (       1   11325)
           4   20.739249   61.291782  (       1   12962)
           5   20.766894   61.238019  (       1   13015)
           6   20.838691   61.752433  (       1   16147)
           7   20.876394   61.530286  (       1   18893)
           8   20.884870   61.410726  (       1   16692)
           9   20.902108   63.279488  (       1   10005)
          10   20.919435   65.901272  (       1   11871)
          11   20.958320   62.061770  (       1   19713)
          12   21.000966   62.705097  (       1   10081)
          13   21.007109   63.657198  (       1   10028)
          14   21.019580   64.089143  (       1   12036)
          15   21.099228   65.623446  (       1   15624)
          16   21.106417   64.129677  (       1   10008)
          17   21.153912   61.474130  (       1   10212)
          18   21.178818   61.461671  (       1   18541)
          19   21.188724   67.021476  (       1   10056)
          20   21.194944   60.349398  (       1   10531)
          21   21.246775   66.009942  (       1   14428)
          22   21.257411   61.362540  (       1   18796)
          23   21.258715   67.429719  (       1   10069)
          24   21.299278   63.387970  (       1   19582)
          25   21.305404   61.843344  (       1   10265)
          26   21.307570   58.693358  (       1   10010)
          27   21.314888   67.328726  (       1   10189)
          28   21.367750   61.037325  (       1   10430)
          29   21.374734   61.511942  (       1   10409)
          30   21.384041   46.150482  (      57   13454)
          31   21.385222   62.202182  (       1   10263)
          32   21.391165   57.580424  (       1   13606)
          33   21.394576   62.899334  (       1   15017)
          34   21.401051   65.830946  (       1   18971)
          35   21.406508   61.782679  (       1   10710)
          36   21.417719   63.410112  (       1   10151)
          37   21.424565   68.321615  (       1   10031)
          38   21.449335   63.753540  (       1   19966)
          39   21.459664   59.537983  (       1   10002)
          40   21.466481   62.378685  (       1   10300)
          41   21.471846   61.370149  (       1   10650)
          42   21.482524   62.731226  (       1   10330)
          43   21.489001   66.850096  (       1   10326)
          44   21.503985   63.596383  (       1   10090)
          45   21.522196   62.229019  (       1   10451)
          46   21.525343   63.069816  (       1   19920)
          47   21.526418   61.072495  (       1   18704)
          48   21.527101   67.604813  (       1   10197)
          49   21.527557   55.075255  (       1   16831)
          50   21.564971   66.613093  (       1   10105)
          51   21.566650   60.284210  (       1   10011)
          52   21.582539   64.298820  (       1   12398)
          53   21.583873   60.510826  (       1   10357)
          54   21.584770   65.460709  (       1   10444)
          55   21.587457   65.592867  (       1   11041)
          56   21.592312   67.389269  (       1   10052)
          57   21.602816   46.361994  (      57   17784)
          58   21.625941   63.860416  (       1   10093)
          59   21.626488   63.311164  (       1   10003)
          60   21.629235   63.013381  (       1   10111)
          61   21.637551   61.074547  (       1   11034)
          62   21.661916   62.432934  (       1   10042)
          63   21.680845   62.910900  (       1   10598)
          64   21.689101   61.664547  (       1   10004)
          65   21.693093   63.231542  (       1   10142)
          66   21.695161   59.444767  (       1   13479)
          67   21.702771   60.006234  (       1   10039)
          68   21.704133   67.151035  (       1   10399)
          69   21.713940   63.060202  (       1   13277)
          70   21.714171   62.071671  (       1   10046)
          71   21.715095   66.137485  (       1   10132)
          72   21.719942   64.253585  (       1   11522)
          73   21.720854   65.889634  (       1   10450)
          74   21.721513   66.716363  (       1   10043)
          75   21.723834   67.296668  (       1   10319)
          76   21.742164   68.319636  (       1   13885)
          77   21.756409   60.748137  (       1   11410)
          78   21.761282   62.003134  (       1   10007)
          79   21.767206   62.107402  (       1   10590)
          80   21.776151   65.925524  (       1   11609)
          81   21.779898   57.268572  (       1   10120)
          82   21.783525   58.711820  (       1   13454)
          83   21.785080   62.699180  (       1   10118)
          84   21.789957   63.466125  (       1   10006)
          85   21.800421   59.576185  (       1   10009)
          86   21.801484   63.999567  (       1   11211)
          87   21.813743   61.352895  (       1   11915)
          88   21.816199   62.389858  (       1   10012)
          89   21.818313   63.656122  (       1   10017)
          90   21.822830   60.646413  (       1   10163)
          91   21.831482   67.006083  (       1   10057)
          92   21.834854   62.949871  (       1   10016)
          93   21.837340   60.746711  (       1   10453)
          94   21.837911   62.906120  (       1   10013)
          95   21.839683   62.393759  (       1   12648)
          96   21.840788   66.593656  (       1   18989)
          97   21.840949   66.084759  (       1   11535)
          98   21.844074   55.769259  (       1   10040)
          99   21.844538   62.933877  (       1   10372)
         100   21.846571   65.053102  (       1   12559)
