        Rank        RMSE       MaxAE  Feature_ID
           1   27.429552   64.418334  (       1)
           2   28.726146   58.767972  (       2)
           3   30.016951   66.397481  (       3)
           4   30.113894   61.690362  (       4)
           5   30.804834   86.892030  (       5)
           6   31.059621   62.952045  (       6)
           7   31.481618   68.173783  (       7)
           8   31.552105   73.927277  (       8)
           9   31.727410   67.957465  (       9)
          10   31.871278   84.641058  (      10)
          11   32.018626   91.654481  (      11)
          12   32.061005   74.808782  (      12)
          13   32.066108   64.951519  (      13)
          14   32.101243   79.662753  (      14)
          15   32.117224   68.081227  (      15)
          16   32.156946   69.928582  (      16)
          17   32.348375   89.493178  (      17)
          18   32.385376   71.742440  (      18)
          19   32.408164   75.640363  (      19)
          20   32.466064   77.823283  (      20)
          21   32.530342   73.351343  (      21)
          22   32.601489   80.575462  (      22)
          23   32.654376   82.081137  (      23)
          24   32.656896   78.773916  (      24)
          25   32.666760   92.171341  (      25)
          26   32.797451   76.096037  (      26)
          27   32.846775   74.222393  (      27)
          28   32.847511   74.981267  (      28)
          29   32.862899   81.388623  (      29)
          30   32.904573   80.551310  (      30)
          31   33.074921   69.698350  (      31)
          32   33.170386   62.586220  (      32)
          33   33.191609   76.468232  (      33)
          34   33.217707   82.565858  (      34)
          35   33.219693  103.239844  (      35)
          36   33.231574   95.851782  (      36)
          37   33.246819  114.578009  (      37)
          38   33.284704   90.239026  (      38)
          39   33.354134   82.008055  (      39)
          40   33.360953   81.481325  (      40)
          41   33.396741   70.869480  (      41)
          42   33.463915   91.441240  (      42)
          43   33.493856   73.244688  (      43)
          44   33.534083   83.614271  (      44)
          45   33.557850   89.266052  (      45)
          46   33.600019   83.081374  (      46)
          47   33.645713   68.879011  (      47)
          48   33.648253  101.991507  (      48)
          49   33.652997   63.109504  (      49)
          50   33.666698   89.083700  (      50)
          51   33.722227   96.287461  (      51)
          52   33.750107  115.385568  (      52)
          53   33.757715   82.266899  (      53)
          54   33.777875  100.653411  (      54)
          55   33.785249  103.117428  (      55)
          56   33.813062   72.719773  (      56)
          57   33.821961   88.449521  (      57)
          58   33.829011   91.784099  (      58)
          59   33.866295   94.382763  (      59)
          60   33.869466   81.908722  (      60)
          61   33.894595   76.768530  (      61)
          62   33.896908   77.628244  (      62)
          63   33.914668   71.913745  (      63)
          64   33.945075   94.762568  (      64)
          65   33.953381   93.358789  (      65)
          66   33.966207   92.689337  (      66)
          67   34.023182  103.935999  (      67)
          68   34.042499   81.658001  (      68)
          69   34.050835   91.208650  (      69)
          70   34.073622   93.965704  (      70)
          71   34.124573   72.794277  (      71)
          72   34.141726   77.973519  (      72)
          73   34.163002   80.438586  (      73)
          74   34.168176   69.063863  (      74)
          75   34.174451   94.532284  (      75)
          76   34.196865   80.568264  (      76)
          77   34.245726   95.409087  (      77)
          78   34.263826   98.941555  (      78)
          79   34.277738   92.367204  (      79)
          80   34.278824   91.790774  (      80)
          81   34.297706   67.936091  (      81)
          82   34.321568   86.593279  (      82)
          83   34.324533   86.556581  (      83)
          84   34.341706   89.617644  (      84)
          85   34.341869   79.477821  (      85)
          86   34.349932   82.578816  (      86)
          87   34.389566   90.649637  (      87)
          88   34.394509   90.364544  (      88)
          89   34.398999   85.971200  (      89)
          90   34.399189   95.359297  (      90)
          91   34.415197   91.352016  (      91)
          92   34.421776   76.687519  (      92)
          93   34.424189  100.094528  (      93)
          94   34.446106   82.467105  (      94)
          95   34.456222   92.826701  (      95)
          96   34.458469   81.086825  (      96)
          97   34.469156   89.251998  (      97)
          98   34.471438   95.801422  (      98)
          99   34.473958   69.561706  (      99)
         100   34.505046   72.917313  (     100)
