        Rank        RMSE       MaxAE  Feature_ID
           1   12.159693   32.913216  (       1)
           2   12.188912   37.149365  (       2)
           3   12.242850   37.302809  (       3)
           4   12.262005   33.492963  (       4)
           5   12.313231   34.989760  (       5)
           6   12.332027   32.980303  (       6)
           7   12.366876   32.436812  (       7)
           8   12.367205   27.582762  (       8)
           9   12.380521   32.534405  (       9)
          10   12.385545   36.569042  (      10)
          11   12.414438   35.236309  (      11)
          12   12.439169   33.154683  (      12)
          13   12.439399   29.037329  (      13)
          14   12.447758   26.883413  (      14)
          15   12.452175   27.052365  (      15)
          16   12.463163   28.024905  (      16)
          17   12.469611   34.336785  (      17)
          18   12.472674   32.680069  (      18)
          19   12.475215   35.326435  (      19)
          20   12.478227   34.708912  (      20)
          21   12.484601   33.142832  (      21)
          22   12.487262   33.348774  (      22)
          23   12.487669   34.804093  (      23)
          24   12.495905   35.461992  (      24)
          25   12.498282   36.649877  (      25)
          26   12.501190   34.499026  (      26)
          27   12.506968   33.376463  (      27)
          28   12.507076   34.334500  (      28)
          29   12.508741   34.658529  (      29)
          30   12.516042   30.377801  (      30)
          31   12.519769   32.989905  (      31)
          32   12.525066   30.403218  (      32)
          33   12.527573   34.319376  (      33)
          34   12.527998   33.405666  (      34)
          35   12.528732   26.758702  (      35)
          36   12.529677   33.334959  (      36)
          37   12.532640   33.042517  (      37)
          38   12.532895   28.643324  (      38)
          39   12.534535   33.465426  (      39)
          40   12.535173   33.165180  (      40)
          41   12.535548   27.000020  (      41)
          42   12.536402   33.157076  (      42)
          43   12.538343   32.264590  (      43)
          44   12.539041   33.230673  (      44)
          45   12.546211   26.983437  (      45)
          46   12.552157   33.158004  (      46)
          47   12.552320   32.558000  (      47)
          48   12.553176   33.355678  (      48)
          49   12.558592   26.995962  (      49)
          50   12.561999   27.315710  (      50)
          51   12.562642   33.671739  (      51)
          52   12.564409   33.553964  (      52)
          53   12.565142   31.107773  (      53)
          54   12.566418   33.915964  (      54)
          55   12.572877   34.445686  (      55)
          56   12.574425   36.832032  (      56)
          57   12.574776   26.978943  (      57)
          58   12.576905   27.066029  (      58)
          59   12.579240   26.931345  (      59)
          60   12.579766   26.933057  (      60)
          61   12.580650   26.946121  (      61)
          62   12.581732   33.334804  (      62)
          63   12.581871   29.395699  (      63)
          64   12.583878   32.303051  (      64)
          65   12.584720   33.119504  (      65)
          66   12.585200   33.501427  (      66)
          67   12.588964   34.238247  (      67)
          68   12.589118   26.940062  (      68)
          69   12.593717   31.795032  (      69)
          70   12.594741   33.464487  (      70)
          71   12.596515   27.509047  (      71)
          72   12.601423   33.317832  (      72)
          73   12.601634   33.544064  (      73)
          74   12.604507   31.317469  (      74)
          75   12.607215   33.174752  (      75)
          76   12.607549   33.322364  (      76)
          77   12.608903   26.899176  (      77)
          78   12.611066   32.792588  (      78)
          79   12.613544   33.179533  (      79)
          80   12.614079   34.233295  (      80)
          81   12.615086   26.902452  (      81)
          82   12.616229   33.168922  (      82)
          83   12.618570   26.941503  (      83)
          84   12.621283   33.157493  (      84)
          85   12.627859   26.898538  (      85)
          86   12.630599   34.558738  (      86)
          87   12.631456   29.339295  (      87)
          88   12.636288   33.158590  (      88)
          89   12.636342   33.121146  (      89)
          90   12.639252   33.131969  (      90)
          91   12.640003   27.536096  (      91)
          92   12.641070   33.137591  (      92)
          93   12.641276   35.749132  (      93)
          94   12.643090   33.143119  (      94)
          95   12.644958   33.069318  (      95)
          96   12.645071   34.220412  (      96)
          97   12.645490   34.023877  (      97)
          98   12.646796   33.153542  (      98)
          99   12.646851   37.250111  (      99)
         100   12.647020   29.333094  (     100)
