     Index              y_true              y_pred        descriptor_1        descriptor_2
         1    0.3200000000E+01    0.9907701617E+01    0.0000000000E+00    0.0000000000E+00
         2    0.1850000000E+02    0.9907701617E+01    0.0000000000E+00    0.0000000000E+00
         3    0.2045000000E+02    0.1629872707E+02   -0.6709017000E-01   -0.6896664000E-02
         4    0.2067000000E+02    0.2160434073E+02   -0.1750948500E+00    0.3352490823E-02
         5    0.2078000000E+02    0.2880308290E+02   -0.2041676400E+00   -0.1861532517E-01
         6    0.5301000000E+02    0.4446721430E+02   -0.4144467300E+00   -0.2151848936E-01
         7    0.2548000000E+02    0.2815907744E+02    0.6650695000E-01   -0.9851701178E-01
         8    0.6524000000E+02    0.4070112258E+02   -0.4280029600E+00   -0.1240991840E-02
         9    0.1845000000E+02    0.2277978997E+02   -0.2622223600E+00    0.2492357638E-01
        10    0.4263000000E+02    0.4558696565E+02   -0.4223288000E+00   -0.2390948000E-01
        11    0.5090000000E+02    0.5290935501E+02   -0.6096916500E+00    0.1933031100E-02
        12    0.1790000000E+02    0.3271418337E+02   -0.1714052400E+00   -0.4537954599E-01
        13    0.4216000000E+02    0.3835985282E+02   -0.2920037200E+00   -0.3274150120E-01
        14    0.1464000000E+02    0.3169891616E+02   -0.3243654100E+00    0.5683294112E-02
        15    0.3187000000E+02    0.2837984796E+02   -0.1919010000E+00   -0.2054788421E-01
        16    0.3120000000E+02    0.2789070189E+02   -0.2519123700E+00   -0.1250582040E-03
        17    0.1790000000E+02    0.2196710876E+02   -0.1282059800E+00   -0.1252133386E-01
        18    0.3007000000E+02    0.2805432076E+02   -0.2719653500E+00    0.5297814080E-02
        19    0.2681000000E+02    0.4575439128E+02   -0.4936795200E+00   -0.2837119120E-02
        20    0.2622000000E+02    0.2398129141E+02   -0.2699046000E+00    0.2212126358E-01
        21    0.3682000000E+02    0.3339061415E+02   -0.7208843400E+00    0.1195272194E+00
        22    0.6900000000E+02    0.7923218595E+02   -0.6777206100E+00   -0.9008399114E-01
        23    0.7520000000E+02    0.7118782959E+02   -0.6583777200E+00   -0.6152133836E-01
        24    0.8285000000E+02    0.8642491312E+02   -0.7565350600E+00   -0.9683544345E-01
        25    0.6942000000E+02    0.7095941590E+02   -0.9843784700E+00    0.3901467060E-01
        26    0.6383000000E+02    0.5994061798E+02   -0.6566585400E+00   -0.1385246920E-01
        27    0.5774000000E+02    0.5143338926E+02   -0.5964410300E+00    0.4210887564E-02
        28    0.4307000000E+02    0.5882273585E+02   -0.6868187400E+00    0.1482285600E-03
        29    0.6276000000E+02    0.6326876673E+02   -0.5857923600E+00   -0.4975526444E-01
        30    0.5060000000E+01    0.1859513472E+02   -0.2916872800E+00    0.5185295304E-01
        31    0.5015000000E+02    0.4359419339E+02   -0.4636015200E+00   -0.2766261250E-02
        32    0.2680000000E+02    0.2207177731E+02   -0.2085918600E+00    0.1157918341E-01
        33    0.9080000000E+02    0.8260319550E+02   -0.5814516600E+00   -0.1339281872E+00
        34    0.5100000000E+02    0.3331378335E+02   -0.3281169600E+00   -0.9066789600E-04
        35    0.6029000000E+02    0.5443142514E+02   -0.5717505400E+00   -0.1617580700E-01
        36    0.4460000000E+02    0.3827432874E+02   -0.3063883700E+00   -0.2798211000E-01
