Materials	Properties	feature1	feature2	feature3	feature4	feature5	feature6	feature7	feature8	feature9	feature10	feature11	feature12	feature13	feature14	feature15	feature16	feature17	feature18	feature19	feature20	feature21	feature22	feature23
sample1	0.1000	0.0000	0.0000	0.0000	0.0000	0.0000	0.0000	0.0000	0.0000	0.0000	0.0000	0.0000	0.0000	0.0000	0.0000	0.0000	0.0000	0.0000	0.0000	0.0000	0.0000	1.0000	1.0000	0.9963
sample2	2.6000	0.0000	0.0000	0.0000	0.0000	0.0000	0.0000	0.0000	0.0000	0.0000	0.0000	0.0000	0.0000	0.0000	0.0000	0.2979	0.0000	0.0000	0.1777	0.0000	0.5243	0.9425	0.5608	0.9578
sample3	40.9000	0.0000	0.0000	0.0000	0.0000	0.0000	0.0000	0.0000	0.0000	0.0000	0.0000	0.0000	0.0000	0.0000	0.0000	0.9645	0.0000	0.7326	0.3805	0.0000	0.7114	0.1967	0.3635	0.3946
sample4	1.5600	0.0000	0.0000	0.0000	0.0000	0.0000	1.0000	0.0000	0.0000	0.0000	0.0000	0.0000	0.0000	0.0000	0.0000	0.1489	0.0141	0.4535	0.2280	0.0000	0.1011	0.9682	0.9178	1.0000
sample5	6.6500	0.0000	0.0000	0.0000	0.0000	0.0000	0.0000	0.0000	1.0000	0.0000	0.0000	0.0000	0.0000	0.0000	0.0000	0.6028	0.0046	0.3372	1.0000	0.0000	0.6843	0.9036	0.6514	0.9700
sample6	13.1600	0.0000	0.0000	0.0000	0.0000	0.0000	0.0000	0.0000	0.0000	1.0000	0.0000	0.0000	0.0000	0.0000	0.0000	0.9078	0.0022	0.4535	0.4058	0.0000	0.6025	0.6513	0.5382	0.8996
sample7	2.2800	0.0000	0.0000	0.0000	0.0000	0.0000	0.0000	0.0000	0.0000	0.0000	0.0000	0.0000	0.0000	0.0000	0.0000	0.0780	0.3947	0.0000	0.1330	0.3043	0.1360	0.9682	0.7795	0.9762
sample8	23.0900	0.0000	0.0000	0.0000	0.0000	0.0000	0.0000	0.0000	0.0000	0.0000	0.0000	0.0000	0.0000	0.0000	0.0000	0.6879	0.2167	0.7326	0.2851	0.6522	0.5418	0.1806	0.5650	0.4828
sample9	6.0700	0.0000	0.0000	0.0000	0.0000	0.0000	0.0000	0.0000	0.0000	0.0000	0.0000	0.0000	0.0000	0.0000	0.0000	0.5035	0.9796	0.0000	0.2217	0.3043	0.6525	0.9098	0.3253	0.9462
sample10	4.3600	0.0000	0.0000	0.0000	0.0000	0.0000	0.0000	0.0000	0.0000	0.0000	0.0000	0.0000	0.0000	0.0000	0.0000	0.4752	1.0000	0.7326	0.2280	0.3478	0.5896	0.7075	0.4522	0.7511
sample11	13.3700	0.0000	0.0000	0.0000	0.0000	0.0000	0.0000	0.0000	0.0000	0.0000	0.0000	0.0000	0.0000	0.0000	0.0000	0.6454	0.2888	0.7326	0.2787	0.4000	0.6272	0.2725	0.2768	0.4371
sample12	10.1200	0.0000	0.0000	0.0000	0.0000	0.0000	0.0000	0.0000	0.0000	0.0000	0.0000	0.0000	0.0000	0.0000	0.0000	0.4752	0.3357	0.7326	0.2724	0.6522	0.5871	0.1051	0.8326	0.1409
sample13	7.5300	0.0000	0.0000	0.0000	0.0000	1.0000	0.0000	0.0000	0.0000	0.0000	0.0000	0.0000	0.0000	0.0000	0.0000	0.7447	0.2549	0.6395	0.4727	0.6739	0.6296	0.7952	0.4939	0.8775
sample14	6.1400	0.0000	0.0000	0.0000	0.0000	0.0000	0.0000	0.3333	0.0000	0.0000	0.0000	0.0000	0.0000	0.0000	0.0000	0.3688	0.2325	0.3605	0.2420	0.4435	0.5030	0.8432	0.6468	0.8998
sample15	5.9800	0.0000	0.0000	0.0000	0.0000	0.0000	0.0000	0.6667	0.0000	0.0000	0.0000	0.0000	0.0000	0.0000	0.0000	0.4184	0.2190	0.3605	0.3066	0.5130	0.5020	0.8468	0.6613	0.8973
sample16	6.9700	0.0000	0.0000	0.0000	0.0000	0.0000	0.0000	1.0000	0.0000	0.0000	0.0000	0.0000	0.0000	0.0000	0.0000	0.4397	0.1691	0.3605	0.3713	0.4435	0.4825	0.8784	0.6923	0.9587
sample17	4.3900	0.0000	0.0000	0.0000	0.0000	0.0000	0.0000	0.0000	0.0000	0.0000	0.3333	0.0000	0.0000	0.0000	0.0000	0.5390	0.4680	0.3605	0.2863	0.7478	0.6182	0.8098	0.4610	0.8903
sample18	7.3500	0.0000	0.0000	0.0000	0.0000	0.0000	0.0000	0.0000	0.0000	0.0000	1.0000	0.0000	0.0000	0.0000	0.0000	0.9929	0.2705	0.3605	0.5056	0.7478	0.8452	0.8137	0.4297	0.8903
sample19	4.0600	0.0000	0.0000	0.0000	0.0000	0.0000	0.0000	0.0000	0.0000	0.0000	0.0000	1.0000	0.0000	0.0000	0.0000	0.3688	0.2178	0.4070	0.2344	0.3913	0.5614	0.8617	0.6197	0.8748
sample20	4.8100	0.0000	0.0000	0.0000	0.0000	0.0000	0.0000	0.0000	0.0000	0.0000	0.0000	0.0000	1.0000	0.0000	0.0000	0.4752	0.2146	0.6395	0.2217	0.3043	0.5241	0.8190	0.5910	0.9013
sample21	10.0200	0.0000	0.0000	0.0000	0.0000	0.0000	0.0000	0.0000	0.0000	0.0000	0.0000	0.0000	0.0000	0.0000	0.0000	0.9858	0.0180	0.7326	0.3738	0.0435	0.7914	0.1619	0.0688	0.3705
sample22	19.2500	1.0000	0.0000	0.0000	0.0000	0.0000	0.0000	0.0000	0.0000	0.0000	0.0000	0.0000	0.0000	0.0000	0.0000	0.9716	0.1450	0.7326	0.4372	0.3913	0.7348	0.1220	0.3116	0.3327
sample23	23.0500	0.0000	1.0000	0.0000	0.0000	0.0000	0.0000	0.0000	0.0000	0.0000	0.0000	0.0000	0.0000	0.0000	0.0000	0.9716	0.2489	0.7326	0.4892	0.7478	0.8391	0.0463	0.4129	0.3723
sample24	29.7700	0.0000	0.0000	0.0000	0.0000	0.0000	0.0000	0.0000	0.0000	0.0000	0.0000	0.0000	0.0000	0.0000	0.0000	0.9716	0.2464	0.7326	0.4245	0.3043	0.7324	0.0000	0.3249	0.4414
sample25	24.9200	0.0000	0.0000	0.0000	0.5000	0.0000	0.0000	0.0000	0.0000	0.0000	0.0000	0.0000	0.0000	0.0000	0.0000	0.9787	0.0087	1.0000	0.3776	0.0217	0.7561	0.1419	0.3788	0.4228
sample26	26.3800	0.0000	0.0000	0.0000	1.0000	0.0000	0.0000	0.0000	0.0000	0.0000	0.0000	0.0000	0.0000	0.0000	0.0000	1.0000	0.0059	1.0000	0.3738	0.0261	0.7809	0.3782	0.0000	0.5978
sample27	22.1800	0.0000	0.0000	0.0000	0.0000	0.3333	0.0000	0.0000	0.0000	0.0000	0.0000	0.0000	0.0000	0.0000	0.0000	0.9504	0.2027	0.7326	0.4283	0.3261	0.6937	0.5504	0.4083	0.6291
sample28	12.6200	0.0000	0.0000	0.0000	0.0000	0.0000	0.0000	0.0000	0.0000	0.5000	0.0000	0.0000	0.0000	0.0000	0.0000	0.9362	0.0227	0.7326	0.3928	0.0478	0.6600	0.3458	0.2324	0.6659
sample29	1.0400	0.0000	0.0000	0.0000	0.0000	0.0000	0.0000	0.0000	0.0000	0.0000	0.0000	0.0000	0.0000	0.0000	0.0000	0.4894	0.3589	0.7326	0.2280	0.7043	0.4563	0.4288	0.8701	0.1661
sample30	7.9800	0.0000	0.0000	0.0000	0.0000	0.0000	0.0000	0.0000	0.0000	0.0000	0.0000	1.0000	0.0000	0.0000	0.0000	0.3688	0.2511	0.4070	0.2787	0.4087	0.6748	0.8460	0.3597	0.8631
sample31	0.4200	0.0000	0.0000	0.0000	0.0000	0.0000	0.0000	0.0000	0.0000	0.0000	0.0000	0.0000	0.0000	1.0000	0.0000	0.7092	0.2721	0.0000	0.3561	0.8609	1.0000	0.8623	0.0096	0.9280
sample32	38.5000	0.0000	0.0000	0.0000	0.0000	0.0000	0.0000	0.0000	0.0000	0.0000	0.0000	0.0000	0.0000	0.0000	0.0000	0.8014	0.2540	0.7326	0.3738	0.5348	0.6692	0.1494	0.1101	0.0000
sample33	23.4700	0.0000	0.0000	1.0000	0.0000	0.0000	0.0000	0.0000	0.0000	0.0000	0.0000	0.0000	0.0000	0.0000	0.0000	0.6170	0.2758	1.0000	0.2825	0.3913	0.5852	0.3112	0.1288	0.1534
sample34	15.7600	0.0000	0.0000	0.0000	0.0000	0.3333	0.0000	0.0000	0.0000	0.0000	0.0000	0.0000	0.0000	0.0000	0.0000	0.6170	0.3252	0.7326	0.3269	0.6478	0.6086	0.4400	0.5218	0.6206
sample35	26.1300	0.0000	0.0000	0.0000	0.0000	0.3333	0.0000	0.0000	0.0000	0.0000	0.0000	0.0000	0.0000	0.0000	0.0000	0.7730	0.0913	0.7326	0.3776	0.5478	0.6521	0.4523	0.6101	0.6430
sample36	22.1300	0.0000	0.0000	0.0000	0.0000	0.3333	0.0000	0.0000	0.2500	0.0000	0.0000	0.0000	0.0000	0.0000	0.0000	0.8511	0.3127	0.7326	0.5830	1.0000	0.6859	0.3856	0.4415	0.7975
