        Rank        RMSE       MaxAE  Feature_ID
           1    5.500746   19.460149  (       1)
           2    5.528890   20.991892  (       2)
           3    5.529343   17.907951  (       3)
           4    5.548339   17.852608  (       4)
           5    5.549918   17.684802  (       5)
           6    5.557177   16.831772  (       6)
           7    5.561759   16.591931  (       7)
           8    5.587965   18.445790  (       8)
           9    5.597786   16.683027  (       9)
          10    5.597828   16.186119  (      10)
          11    5.600151   18.225696  (      11)
          12    5.604017   17.850142  (      12)
          13    5.608225   17.064205  (      13)
          14    5.610047   16.480334  (      14)
          15    5.610305   16.230707  (      15)
          16    5.612053   16.456115  (      16)
          17    5.614468   16.544015  (      17)
          18    5.616466   16.519471  (      18)
          19    5.616675   16.651441  (      19)
          20    5.618714   16.292546  (      20)
          21    5.623511   16.692818  (      21)
          22    5.624990   16.451810  (      22)
          23    5.625158   16.361143  (      23)
          24    5.625400   16.721257  (      24)
          25    5.626466   16.470797  (      25)
          26    5.627478   16.865786  (      26)
          27    5.627645   16.646260  (      27)
          28    5.628152   16.446511  (      28)
          29    5.629692   16.423065  (      29)
          30    5.629726   16.356205  (      30)
          31    5.630188   16.704582  (      31)
          32    5.633028   16.711128  (      32)
          33    5.633590   17.118017  (      33)
          34    5.633768   17.271709  (      34)
          35    5.634132   16.697534  (      35)
          36    5.635141   16.393166  (      36)
          37    5.635545   15.606529  (      37)
          38    5.635837   16.716850  (      38)
          39    5.635911   16.799653  (      39)
          40    5.639034   16.704583  (      40)
          41    5.639270   18.487159  (      41)
          42    5.640448   16.350761  (      42)
          43    5.640637   16.695198  (      43)
          44    5.640657   15.785383  (      44)
          45    5.641450   16.699662  (      45)
          46    5.643167   17.729840  (      46)
          47    5.643557   16.705623  (      47)
          48    5.643928   18.062318  (      48)
          49    5.647100   16.432189  (      49)
          50    5.647434   17.077923  (      50)
          51    5.647524   17.088143  (      51)
          52    5.647537   15.885134  (      52)
          53    5.648068   18.163747  (      53)
          54    5.648851   16.634018  (      54)
          55    5.649875   18.106611  (      55)
          56    5.650817   16.318561  (      56)
          57    5.654323   15.855003  (      57)
          58    5.654752   16.709522  (      58)
          59    5.654960   16.795130  (      59)
          60    5.656833   18.149395  (      60)
          61    5.657525   19.637566  (      61)
          62    5.658864   18.122216  (      62)
          63    5.659239   16.987636  (      63)
          64    5.661211   17.211485  (      64)
          65    5.662601   18.135073  (      65)
          66    5.663902   18.151016  (      66)
          67    5.664318   16.022463  (      67)
          68    5.664538   16.261153  (      68)
          69    5.666544   15.553829  (      69)
          70    5.666942   18.132535  (      70)
          71    5.667264   15.867391  (      71)
          72    5.668312   19.640404  (      72)
          73    5.670192   16.262612  (      73)
          74    5.673975   18.121564  (      74)
          75    5.674244   17.210755  (      75)
          76    5.674331   18.140822  (      76)
          77    5.674644   19.914456  (      77)
          78    5.675250   17.278023  (      78)
          79    5.676241   16.640517  (      79)
          80    5.676622   16.515016  (      80)
          81    5.676652   16.412569  (      81)
          82    5.677270   16.948343  (      82)
          83    5.678478   16.490482  (      83)
          84    5.681725   16.144688  (      84)
          85    5.683077   18.073315  (      85)
          86    5.683312   16.787159  (      86)
          87    5.684208   18.155139  (      87)
          88    5.684381   15.740704  (      88)
          89    5.685184   16.534751  (      89)
          90    5.685428   16.701001  (      90)
          91    5.685889   16.762552  (      91)
          92    5.688118   17.947621  (      92)
          93    5.689602   16.155898  (      93)
          94    5.691204   16.393938  (      94)
          95    5.691784   17.219071  (      95)
          96    5.694135   15.254593  (      96)
          97    5.694954   19.849772  (      97)
          98    5.695275   15.441965  (      98)
          99    5.695360   16.109759  (      99)
         100    5.696150   16.097771  (     100)
