Materials	Properties	feature1	feature2	feature3	feature4	feature5	feature6	feature7	feature8	feature9	feature10	feature11	feature12	feature13	feature14	feature15	feature16	feature17	feature18	feature19	feature20
sample1	90.7000	0.0000	0.0000	0.0000	0.0000	0.0000	0.0000	0.0000	0.0000	0.0000	0.0000	0.0000	0.0000	0.0000	0.0000	0.0000	0.0000	0.0000	1.0000	0.9783	1.0000
sample2	513.2000	0.0000	0.0000	0.0000	0.0000	0.0000	0.0000	0.0000	0.0000	0.0000	0.0000	0.9714	0.1125	0.0000	0.7326	0.6528	0.0000	0.7114	0.1967	0.3956	0.4217
sample3	249.0000	0.0000	0.0000	1.0000	0.0000	0.0000	0.0000	0.0000	0.0000	0.0000	0.0000	0.4857	0.0000	0.0131	0.3605	0.7489	0.0000	0.4731	0.9480	1.0000	0.9998
sample4	367.4300	0.0000	0.0000	0.0000	0.0000	1.0000	0.0000	0.0000	0.0000	0.0000	0.0000	0.9143	0.0375	0.0022	0.4535	0.6960	0.0000	0.6025	0.6513	0.8847	0.4887
sample5	90.3410	0.0000	0.0000	0.0000	0.0000	0.0000	0.0000	0.0000	0.0000	0.0000	0.0000	0.0786	0.0738	0.3947	0.0000	0.2281	0.2160	0.1360	0.9682	0.9588	0.1480
sample6	158.8000	0.0000	0.0000	0.0000	0.0000	0.0000	0.0000	0.0000	0.0000	0.0000	0.0000	0.2357	0.0961	0.3083	0.7326	0.1629	0.4630	0.1878	0.7253	0.7804	0.0000
sample7	174.3000	0.0000	0.0000	0.0000	0.0000	0.0000	0.0000	0.0000	0.0000	0.0000	0.0000	0.5071	1.0000	0.9796	0.0000	0.3803	0.2160	0.6525	0.9098	0.9297	0.5164
sample8	328.1500	0.0000	0.0000	0.0000	0.0000	0.0000	0.0000	0.0000	0.0000	0.0000	0.0000	0.4786	0.0387	1.0000	0.7326	0.3912	0.2469	0.5896	0.7075	0.7409	0.5298
sample9	394.5000	0.0000	0.0000	0.0000	0.0000	0.0000	0.0000	0.0000	0.0000	0.0000	0.0000	0.6500	0.0816	0.2888	0.7326	0.4781	0.2840	0.6272	0.2725	0.4368	0.3149
sample10	471.1500	0.0000	0.0000	0.0000	0.0000	0.0000	0.0000	0.0000	0.0000	0.0000	0.0000	0.8143	0.0665	0.9532	0.7326	0.5651	0.2469	0.6673	0.1622	0.4810	0.2008
sample11	301.0000	0.0000	0.0000	0.0000	0.0000	0.0000	0.0000	0.0000	0.0000	0.0000	0.0000	0.6786	0.1119	0.2697	1.0000	0.4673	0.2685	0.6951	0.5524	0.7115	0.3155
sample12	299.0000	0.0000	0.0000	0.0000	0.0000	0.0000	0.0000	0.0000	0.0000	0.0000	0.0000	0.4500	0.1548	0.3291	0.6395	0.4738	0.4784	0.5563	0.7416	0.8684	0.3998
sample13	326.0000	0.0000	0.0000	0.0000	0.0000	0.0000	0.0000	0.0000	0.0000	0.0000	0.0000	0.6143	0.1433	0.3081	0.6395	0.6412	0.5525	0.5876	0.7365	0.8506	0.4872
sample14	327.5000	0.0000	0.0000	0.0000	0.0000	0.0000	0.0000	0.0000	0.0000	0.0000	0.0000	0.7500	0.2666	0.2549	0.6395	0.8108	0.4784	0.6296	0.7952	0.8632	0.4485
sample15	248.0000	0.0000	0.0000	0.2500	0.0000	0.0000	0.0000	0.0000	0.0000	0.0000	0.0000	0.3714	0.0919	0.2325	0.3605	0.4151	0.3148	0.5030	0.8432	0.8848	0.6120
sample16	239.6000	0.0000	0.0000	0.5000	0.0000	0.0000	0.0000	0.0000	0.0000	0.0000	0.0000	0.4214	0.0623	0.2190	0.3605	0.5260	0.3642	0.5020	0.8468	0.8824	0.3843
sample17	240.1500	0.0000	0.0000	0.7500	0.0000	0.0000	0.0000	0.0000	0.0000	0.0000	0.0000	0.4429	0.0695	0.1691	0.3605	0.6369	0.3148	0.4825	0.8784	0.9418	0.3513
sample18	246.6500	0.0000	0.0000	0.0000	0.0000	0.0000	0.3333	0.0000	0.0000	0.0000	0.0000	0.5429	0.0883	0.4680	0.3605	0.4912	0.5309	0.6182	0.8098	0.8756	0.2966
sample19	253.0000	0.0000	0.0000	0.0000	0.0000	0.0000	0.6667	0.0000	0.0000	0.0000	0.0000	0.7714	0.1336	0.4911	0.3605	0.6804	0.6142	0.7477	0.8193	0.8747	0.1187
sample20	288.6400	0.0000	0.0000	0.0000	0.0000	0.0000	1.0000	0.0000	0.0000	0.0000	0.0000	1.0000	0.1433	0.2705	0.3605	0.8674	0.5309	0.8452	0.8137	0.8756	0.1081
sample21	272.0000	0.0000	0.0000	0.0000	0.0000	0.0000	0.0000	0.0000	1.0000	0.0000	0.0000	0.4786	0.0738	0.2146	0.6395	0.3803	0.2160	0.5241	0.8190	0.8863	0.5473
sample22	333.4000	0.0000	0.0000	0.0000	0.0000	0.0000	0.0000	0.0000	0.0000	0.0000	0.0000	0.9929	0.1584	0.0180	0.7326	0.6412	0.0309	0.7914	0.1619	0.3723	0.4383
sample23	409.7000	1.0000	0.0000	0.0000	0.0000	0.0000	0.0000	0.0000	0.0000	0.0000	0.0000	0.9786	0.0689	0.2489	0.7326	0.8391	0.5309	0.8391	0.0463	0.3740	0.5112
sample24	492.0000	0.0000	1.0000	0.0000	0.0000	0.0000	0.0000	0.0000	0.0000	0.0000	0.0000	0.9786	0.1040	0.2464	0.7326	0.7282	0.2160	0.7324	0.0000	0.4410	0.7280
sample25	446.0000	0.0000	0.0000	0.0000	0.0000	0.0000	0.0000	0.0000	0.0000	0.0000	0.0000	0.7786	0.0617	0.1566	1.0000	0.5716	0.2315	0.6261	0.2647	0.0000	0.1820
sample26	338.0000	0.0000	0.0000	0.0000	0.0000	0.0000	0.0000	0.0000	0.0000	0.0000	0.0000	0.9857	0.0665	0.0087	1.0000	0.6477	0.0154	0.7561	0.1419	0.4230	0.1527
sample27	399.0000	0.0000	0.0000	0.0000	0.0000	0.5000	0.0000	0.0000	0.0000	0.0000	0.0000	0.9429	0.0762	0.0227	0.7326	0.6738	0.0340	0.6600	0.3458	0.6584	0.7066
sample28	256.1000	0.0000	0.0000	0.0000	1.0000	0.0000	0.0000	0.0000	0.0000	0.0000	0.0000	0.3929	0.1119	0.5163	0.3372	0.6586	1.0000	0.5575	0.8761	0.9120	0.3711
sample29	415.0000	0.0000	0.0000	0.0000	0.0000	0.0000	0.0000	0.0000	0.0000	0.0000	0.0000	0.9286	0.4377	0.0945	0.7326	0.8152	0.2685	0.6864	0.7992	0.8579	0.6535
sample30	169.3000	0.0000	0.0000	0.0000	0.0000	0.0000	0.0000	1.0000	0.0000	0.0000	0.0000	0.3714	0.1028	0.2511	0.4070	0.4781	0.2901	0.6748	0.8460	0.8493	0.3710
sample31	263.4000	0.0000	0.0000	0.0000	0.0000	0.0000	0.0000	0.0000	0.0000	1.0000	0.0000	0.7143	0.1022	0.2721	0.0000	0.6108	0.6111	1.0000	0.8623	0.9122	0.4239
sample32	389.1500	0.0000	0.0000	0.0000	0.0000	0.0000	0.0000	0.0000	0.0000	0.0000	0.0000	0.6214	0.1215	0.2758	1.0000	0.4847	0.2778	0.5852	0.3112	0.1621	0.2903
sample33	360.2000	0.0000	0.0000	0.0000	0.0000	0.0000	0.0000	0.0000	0.0000	0.0000	0.0000	0.6214	0.1711	0.3252	0.7326	0.5608	0.4599	0.6086	0.4400	0.6145	0.2988
sample34	256.1000	0.0000	0.0000	0.0000	0.0000	0.0000	0.0000	0.0000	0.0000	0.0000	0.0000	0.4857	0.1155	0.2256	1.0000	0.3912	0.2284	0.5661	0.6464	0.7270	0.5017
sample35	401.0000	0.0000	0.0000	0.0000	1.0000	0.0000	0.0000	0.0000	0.0000	0.0000	0.0000	0.8571	0.0786	0.3127	0.7326	1.0000	0.7099	0.6859	0.3856	0.7858	0.4477
sample36	251.6000	0.0000	0.0000	0.2500	0.0000	0.0000	0.0000	0.0000	0.0000	0.0000	0.0000	0.5071	0.1814	0.2932	0.6395	0.5847	0.4753	0.5423	0.7035	0.8563	0.5288
