        Rank        RMSE       MaxAE  Feature_ID
           1    2.369520    5.510613  (    3439   10118)
           2    2.395597    5.152941  (    9710   10118)
           3    2.667826    8.465400  (    1546   10064)
           4    2.708091    8.461391  (    1966   10064)
           5    2.713297    7.211790  (    2939   10118)
           6    2.717987    8.111168  (    5263   10118)
           7    2.733805    8.014276  (    8457   10118)
           8    2.736693    8.904815  (    1546   10003)
           9    2.740723    8.426901  (    1546   10088)
          10    2.744402    8.033280  (    9482   10118)
          11    2.759421    8.632110  (    1546   10041)
          12    2.770710    8.478411  (    2638   10064)
          13    2.775532    8.901623  (    1966   10003)
          14    2.775670    8.550541  (    1546   10100)
          15    2.779848    8.422753  (    1966   10088)
          16    2.781359    8.045023  (    9758   10118)
          17    2.789113    6.585770  (      23   10118)
          18    2.798639    8.628549  (    1966   10041)
          19    2.814092    6.053590  (     649   10118)
          20    2.814880    8.546876  (    1966   10100)
          21    2.819979    8.293151  (    1546   10216)
          22    2.820622    8.440098  (    6934   10118)
          23    2.822157    8.368560  (    4239   10064)
          24    2.822560    8.675656  (    2622   10064)
          25    2.830175    8.702394  (    2613   10064)
          26    2.835090    8.918256  (    2638   10003)
          27    2.840838    8.439728  (    2638   10088)
          28    2.853892    8.087927  (    2639   10118)
          29    2.855849    8.191224  (    6826   10118)
          30    2.856233    7.906550  (    9432   10118)
          31    2.857669    8.288529  (    1966   10216)
          32    2.857869    8.323612  (    5439   10064)
          33    2.859331    8.645771  (    2638   10041)
          34    2.861167    8.537805  (    1546   10085)
          35    2.866071    8.886140  (    1546   10023)
          36    2.867968    7.603476  (    6506   10118)
          37    2.869226    9.369092  (    5162   10813)
          38    2.875732    8.564311  (    2638   10100)
          39    2.876015    9.101039  (    2622   10003)
          40    2.882552    9.126111  (    2613   10003)
          41    2.884483    8.814051  (    4239   10003)
          42    2.886341    7.133444  (    8385   10118)
          43    2.887174    7.603188  (     771   10770)
          44    2.887591    8.343251  (    6676   10118)
          45    2.889998    8.328241  (    4239   10088)
          46    2.891850    8.638081  (    2622   10088)
          47    2.891973    7.708933  (    2581   10118)
          48    2.895587    7.762364  (     696   10770)
          49    2.897236    8.533323  (    1966   10085)
          50    2.899386    8.665022  (    2613   10088)
          51    2.901387    6.915540  (    7865   11316)
          52    2.904205    8.883234  (    1966   10023)
          53    2.907433    8.839787  (    2622   10041)
          54    2.907553    8.292718  (    7246   10064)
          55    2.908547    8.848180  (    1546   10017)
          56    2.908586    7.131288  (    8274   10118)
          57    2.912763    8.540398  (    4239   10041)
          58    2.914397    8.865960  (    2613   10041)
          59    2.916017    8.113061  (     210   10118)
          60    2.916782    8.305249  (    2638   10216)
          61    2.919898    8.772393  (    5439   10003)
          62    2.924564    8.282728  (    5439   10088)
          63    2.925898    8.761966  (    2622   10100)
          64    2.930337    8.458698  (    4239   10100)
          65    2.932965    8.788487  (    2613   10100)
          66    2.937335    7.811239  (    6110   10118)
          67    2.940275    6.782670  (    7160   10118)
          68    2.941807    9.179646  (    6367   10118)
          69    2.943272    8.073550  (    7162   10118)
          70    2.945517    8.844959  (    1966   10017)
          71    2.948509    8.497065  (    5439   10041)
          72    2.953403    8.549037  (    2638   10085)
          73    2.956307    8.585837  (    1546   10192)
          74    2.957114    7.649067  (     771   10690)
          75    2.960610    8.188305  (    4239   10216)
          76    2.962761    8.900719  (    2638   10023)
          77    2.964460    9.716426  (     914   10064)
          78    2.964482    8.245338  (    4620   10118)
          79    2.966099    8.414865  (    5439   10100)
          80    2.967703    8.506383  (    2622   10216)
          81    2.968269    8.743992  (    7246   10003)
          82    2.972845    8.251331  (    7246   10088)
          83    2.975407    8.533913  (    2613   10216)
          84    2.976567    7.505308  (     771   10237)
          85    2.976625    8.945094  (    5253   10118)
          86    2.976693    9.079164  (    1042   10237)
          87    2.979115    8.088748  (    9141   10118)
          88    2.979303    8.408151  (    1359   10118)
          89    2.983251    8.087815  (    2750   10118)
          90    2.985095    8.779119  (    1546   10142)
          91    2.985230    7.612524  (     403   10237)
          92    2.987407    7.159629  (    3861   10690)
          93    2.988360    8.429839  (    4239   10085)
          94    2.989118    6.820581  (    5946   10118)
          95    2.993149    8.140992  (    5439   10216)
          96    2.994279    8.989624  (    1546   10059)
          97    2.994285    9.206083  (    1546   10008)
          98    2.994635    8.582820  (    1966   10192)
          99    2.995215    8.737055  (    2622   10085)
         100    2.995476    7.780426  (     696   10690)
