        Rank        RMSE       MaxAE  Feature_ID
           1   22.514238   47.281022  (     490   13849)
           2   22.564667   53.416883  (    2969   10264)
           3   22.599012   48.367619  (     805   15524)
           4   23.114376   52.613925  (    2969   10188)
           5   23.151003   51.992084  (     490   11686)
           6   23.243190   59.851796  (     490   10176)
           7   23.261838   51.715115  (      82   11050)
           8   23.269437   57.184300  (      82   10686)
           9   23.337143   50.518145  (    4681   13995)
          10   23.434252   55.958174  (     490   15524)
          11   23.445627   47.359602  (     805   15235)
          12   23.461621   50.322194  (     490   18380)
          13   23.463003   48.641202  (     490   11326)
          14   23.495516   50.776830  (     893   10428)
          15   23.531322   49.191611  (      82   18090)
          16   23.555463   54.517424  (      82   14701)
          17   23.683261   51.853377  (     845   13994)
          18   23.719907   66.592854  (    2969   10320)
          19   23.777017   67.027689  (     201   15360)
          20   23.786584   56.746538  (    2464   13995)
          21   23.829396   52.992942  (     490   13282)
          22   23.849067   48.068328  (     171   13995)
          23   23.869877   51.048951  (     893   13165)
          24   23.888745   54.005340  (    3050   10421)
          25   23.891571   54.675068  (     132   11350)
          26   23.918109   55.074130  (    1049   18271)
          27   23.918399   52.441034  (     490   14776)
          28   23.970950   51.236324  (     805   13282)
          29   23.973337   49.208821  (     490   12187)
          30   23.978980   52.688513  (      82   10774)
          31   23.993822   52.934644  (      82   10715)
          32   23.995370   52.803856  (      82   11114)
          33   23.999343   55.521831  (     490   11008)
          34   24.033054   53.208453  (      82   10933)
          35   24.042819   53.061807  (      82   10869)
          36   24.066142   52.978968  (      82   11120)
          37   24.066747   53.003587  (      82   11037)
          38   24.068859   53.043925  (      82   10998)
          39   24.071927   53.088544  (      82   10966)
          40   24.072189   52.582479  (      82   10379)
          41   24.075939   53.137212  (      82   10945)
          42   24.080864   53.189595  (      82   10920)
          43   24.093751   53.414680  (    5679   13995)
          44   24.102965   53.306422  (      82   10867)
          45   24.106652   53.139836  (      82   11105)
          46   24.112933   58.350705  (    4167   10188)
          47   24.128056   52.509367  (      82   13849)
          48   24.158948   65.083906  (    6173   10144)
          49   24.166972   48.987904  (     490   15235)
          50   24.182497   53.278488  (      82   11073)
          51   24.186204   53.592650  (     845   10144)
          52   24.196632   53.095032  (    2969   10513)
          53   24.204054   60.701904  (      82   10667)
          54   24.207987   58.346426  (     936   12583)
          55   24.218012   53.139514  (     490   10433)
          56   24.236955   52.008922  (     490   18679)
          57   24.248317   53.987283  (      82   11267)
          58   24.255099   49.894055  (     818   13994)
          59   24.265400   54.385422  (      82   10602)
          60   24.289429   59.565850  (    3684   13995)
          61   24.301377   57.483898  (    2464   14698)
          62   24.302095   57.978015  (     201   13463)
          63   24.305182   54.830969  (    5435   10188)
          64   24.316481   54.348129  (    3050   13454)
          65   24.321156   58.913041  (     132   11550)
          66   24.327861   50.699033  (     132   19935)
          67   24.336932   54.050611  (      82   11454)
          68   24.367151   53.096499  (      82   10451)
          69   24.369243   56.021017  (      82   10599)
          70   24.372544   53.708148  (      82   12262)
          71   24.387193   66.176287  (     201   10686)
          72   24.397428   56.339122  (     490   12488)
          73   24.410978   60.415421  (    9889   14741)
          74   24.458430   52.733967  (    4681   14698)
          75   24.460968   54.136084  (     490   12411)
          76   24.465132   56.829032  (     490   13791)
          77   24.466326   57.286814  (     805   14776)
          78   24.475407   54.403671  (     132   17891)
          79   24.478304   56.094556  (      82   17897)
          80   24.487806   58.326492  (     845   10421)
          81   24.492402   63.446616  (      82   14917)
          82   24.509983   53.073948  (     132   14202)
          83   24.512275   61.479750  (     490   10822)
          84   24.514226   53.416020  (     490   10768)
          85   24.515759   67.720436  (      82   12802)
          86   24.517566   52.201413  (     132   17232)
          87   24.529077   65.053469  (     490   10801)
          88   24.530994   57.636312  (    2716   13995)
          89   24.531809   53.196908  (     490   10710)
          90   24.531990   73.062183  (      82   12230)
          91   24.533789   56.135664  (     210   10130)
          92   24.538168   49.858840  (     132   17427)
          93   24.545566   57.811359  (     201   13849)
          94   24.552278   52.493898  (     490   10379)
          95   24.552420   55.221057  (      82   11736)
          96   24.560289   59.247948  (     490   14264)
          97   24.562050   55.318725  (     490   16904)
          98   24.571133   56.693772  (     478   17997)
          99   24.573699   56.636889  (     513   17997)
         100   24.576577   53.755357  (     132   19819)
