Model_ID, [(c_i,i=0,n)_j,j=1,ntask]
           1    0.3335613534E+03    0.1197717259E+03    0.6400907204E+03
           2    0.2682472623E+03    0.1816559130E+03    0.9896526603E+03
           3    0.3467677979E+03    0.1273601001E+03    0.4295414008E+03
           4    0.2680852331E+03    0.1824596712E+03   -0.8535884416E+03
           5    0.3292982367E+03    0.1228127668E+03    0.7657538964E+03
           6    0.3302881021E+03    0.1176958209E+03    0.6127298472E+03
           7    0.1938319883E+03    0.1194335295E+03   -0.9442748837E+03
           8    0.1913585481E+03    0.1216316590E+03    0.9117000399E+03
           9    0.2712190717E+03    0.1864707223E+03    0.9650985374E+03
          10    0.3321979681E+03    0.1187124759E+03    0.4090332414E+03
          11    0.3420524345E+03    0.1203687587E+03   -0.1540968768E+04
          12    0.3304042030E+03    0.1189843655E+03   -0.9415281456E+03
          13    0.3374087000E+03    0.1204430569E+03   -0.1161353034E+04
          14    0.2903582345E+03    0.2168804313E+03   -0.4057709247E+03
          15    0.1916198357E+03    0.1175055081E+03   -0.7346919940E+03
          16    0.1965029917E+03    0.1181395967E+03   -0.9080916768E+03
          17    0.3211625779E+03    0.2328763689E+03   -0.1154199047E+04
          18    0.2635237585E+03    0.1851877809E+03   -0.7977179991E+03
          19    0.1879248464E+03    0.1136756254E+03    0.5227401382E+03
          20    0.2862454983E+03    0.1046467654E+03    0.9191078546E+03
          21    0.3290980195E+03    0.1141003391E+03   -0.7522352219E+04
          22    0.3001910429E+03    0.2427429302E+03    0.7993496878E+03
          23    0.2926772481E+03    0.2151493902E+03   -0.3613035587E+03
          24    0.3087449935E+03    0.2083540709E+03    0.1861092039E+03
          25    0.3240517208E+03    0.2568625071E+03    0.1005960899E+04
          26    0.3085655299E+03    0.1005396928E+03    0.9680485617E+03
          27    0.3260186758E+03    0.1148074963E+03   -0.3144051910E+04
          28    0.3427196658E+03    0.1216762065E+03   -0.7700611476E+04
          29    0.3362893539E+03    0.1179220510E+03    0.9561068667E+03
          30    0.1920933319E+03    0.1196425921E+03   -0.9202265020E+03
          31    0.1928571492E+03    0.1194924119E+03   -0.9205804903E+03
          32    0.1939307397E+03    0.1194411340E+03   -0.9330771084E+03
          33    0.3255290269E+03    0.1211870841E+03   -0.6282316314E+03
          34    0.1920439001E+03    0.1200880104E+03   -0.9240201191E+03
          35    0.1918203129E+03    0.1201522933E+03   -0.9248564582E+03
          36    0.1919525724E+03    0.1199712600E+03    0.9224829145E+03
          37    0.1918824503E+03    0.1200479912E+03    0.9234478105E+03
          38    0.1918924952E+03    0.1200634550E+03    0.9235132947E+03
          39    0.1919032903E+03    0.1200784493E+03    0.9235255147E+03
          40    0.1937679348E+03    0.1189434303E+03    0.2469192183E+04
          41    0.1919147759E+03    0.1200928769E+03   -0.9234838813E+03
          42    0.1919268760E+03    0.1201066540E+03   -0.9233891042E+03
          43    0.1918522473E+03    0.1200532315E+03    0.9613111440E+03
          44    0.1918724402E+03    0.1201705780E+03   -0.9231295522E+03
          45    0.1919902043E+03    0.1200013976E+03    0.9218711657E+03
          46    0.2813105236E+03    0.1791319317E+03   -0.8539413085E+03
          47    0.1978616257E+03    0.1233045122E+03    0.5555542505E+03
          48    0.2958672252E+03    0.1910551382E+03    0.1900589157E+03
          49    0.3284609722E+03    0.1124936752E+03   -0.1471697050E+04
          50    0.1918162141E+03    0.1200256992E+03    0.9189216822E+03
          51    0.3115747670E+03    0.2057485673E+03    0.1705956219E+03
          52    0.2716165620E+03    0.1790810991E+03    0.9779870726E+03
          53    0.1895002255E+03    0.1207435351E+03    0.8133116192E+03
          54    0.3613898690E+03   -0.1411838447E+03    0.9911813365E+03
          55    0.3279738737E+03    0.1150526738E+03    0.1213157911E+04
          56    0.3295752610E+03    0.1157814401E+03   -0.6259186784E+03
          57    0.1917743193E+03    0.1204648038E+03    0.9220419450E+03
          58    0.3229513567E+03    0.2254249736E+03   -0.1134618699E+04
          59    0.1946557690E+03    0.1183280276E+03   -0.8933867946E+03
          60    0.2961916861E+03    0.1109687511E+03    0.9316940878E+03
          61    0.2872189376E+03    0.1052030852E+03   -0.9441541130E+03
          62    0.2009984930E+03    0.1097992415E+03   -0.4827215106E+03
          63    0.2834159172E+03    0.1750011570E+03   -0.8655551376E+03
          64    0.3109685893E+03    0.2051540615E+03    0.1769565820E+03
          65    0.3166786479E+03    0.2242762307E+03    0.1370107653E+03
          66    0.3216861676E+03    0.2612854951E+03    0.9294574222E+03
          67    0.1910925306E+03    0.1205482369E+03    0.9156961610E+03
          68    0.1943496312E+03    0.1195891245E+03    0.1049674131E+04
          69    0.1933236268E+03    0.1176088060E+03    0.8664846807E+03
          70    0.1901094018E+03    0.1206073651E+03    0.9099020695E+03
          71    0.1874421137E+03    0.1135615120E+03    0.9267317263E+03
          72    0.3309809189E+03    0.1142769479E+03   -0.3204325940E+04
          73    0.3478665650E+03    0.1069220883E+03   -0.1119470934E+04
          74    0.2722335120E+03    0.1870615071E+03   -0.9796647051E+03
          75    0.3269450808E+03    0.1145259129E+03    0.2804399025E+04
          76    0.3310622816E+03    0.1140526243E+03   -0.2989493081E+04
          77    0.3395922667E+03    0.1222110615E+03   -0.3183559152E+04
          78    0.3212334885E+03    0.2624566084E+03   -0.9530761295E+03
          79    0.1877087593E+03    0.1179400178E+03   -0.6809687851E+03
          80    0.3086409941E+03    0.2030470750E+03    0.1718907117E+03
          81    0.1902815118E+03    0.1192227599E+03   -0.7354663754E+03
          82    0.3278178167E+03    0.2470921672E+03   -0.4577818863E+03
          83    0.3258029955E+03    0.1153100730E+03   -0.1009312006E+04
          84    0.3256064508E+03    0.1142327835E+03    0.1079116598E+04
          85    0.1930676599E+03    0.1175274449E+03   -0.6898284932E+03
          86    0.3274729879E+03    0.2461232299E+03    0.2398989494E+03
          87    0.3319182977E+03    0.1203925807E+03   -0.7304169802E+03
          88    0.2656110772E+03    0.1794217386E+03    0.9080280676E+03
          89    0.3269259191E+03    0.1148868098E+03    0.1190467990E+04
          90    0.1923194461E+03    0.1224000060E+03   -0.7604916637E+03
          91    0.3088858912E+03    0.1914456660E+03   -0.4362126341E+03
          92    0.3219056387E+03    0.2590853044E+03    0.9356405795E+03
          93    0.1936550844E+03    0.1156160799E+03    0.5781525651E+03
          94    0.3233502248E+03    0.1138637526E+03    0.2674488555E+04
          95    0.1949058410E+03    0.1189195581E+03   -0.9024930567E+03
          96    0.3232212117E+03    0.1153337585E+03    0.1019874637E+04
          97    0.3272314683E+03    0.1152298614E+03   -0.1315251846E+04
          98    0.3738086948E+03    0.2738393153E+03   -0.3698437083E+03
          99    0.3737950486E+03    0.2740965122E+03   -0.3711274449E+03
         100    0.3207932749E+03    0.2628428591E+03   -0.9508304087E+03
