Model_ID, [(c_i,i=0,n)_j,j=1,ntask]
           1    0.4619397218E+02    0.3384995517E+02
           2    0.6833509223E+02    0.5662876792E+02
           3    0.2923950077E+02   -0.2669186307E+02
           4    0.3957209981E+02   -0.3894029947E+02
           5    0.4216836514E+02    0.3312230013E+02
           6    0.4584244833E+02   -0.3740212846E+02
           7    0.6991227963E+02    0.5873160171E+02
           8    0.6697757358E+02    0.5650378532E+02
           9    0.5222443035E+02   -0.3406262701E+02
          10    0.3940290431E+02   -0.3914352914E+02
          11    0.5222153042E+02   -0.3382733115E+02
          12    0.4838642561E+02   -0.3361780516E+02
          13    0.5711414681E+02    0.5115696960E+02
          14    0.4967398771E+02    0.3231911033E+02
          15    0.5628749014E+02    0.4244917444E+02
          16    0.4093351372E+02   -0.3072040662E+02
          17    0.4925421989E+02   -0.3218767767E+02
          18    0.4615112232E+02   -0.3617158168E+02
          19    0.4603933397E+02   -0.3595561895E+02
          20    0.5707534601E+02   -0.4955485145E+02
          21    0.2348331627E+02    0.8411360735E+02
          22    0.6532555566E+02   -0.5294012805E+02
          23    0.2053027519E+02    0.9070729345E+02
          24    0.2175519226E+02    0.8861792575E+02
          25    0.4101496739E+02   -0.3046165377E+02
          26    0.7047539375E+02   -0.6235601290E+02
          27    0.5619072357E+02    0.4306072270E+02
          28    0.3271185842E+02    0.3925871974E+02
          29    0.4571748773E+02   -0.3463801132E+02
          30    0.4192728905E+02   -0.3419941165E+02
          31    0.4750911752E+02   -0.3390392775E+02
          32    0.6758595714E+02   -0.5499800705E+02
          33    0.4598005737E+02   -0.3655573014E+02
          34    0.5672392808E+02    0.4717924131E+02
          35    0.4007490422E+02    0.3943527498E+02
          36    0.2179176996E+02    0.8858717037E+02
          37    0.4500512320E+02   -0.3577780037E+02
          38    0.4574121343E+02   -0.3472944073E+02
          39    0.6903412933E+02   -0.6201233633E+02
          40    0.4919801712E+02   -0.3184377048E+02
          41    0.2261781242E+02    0.8676698533E+02
          42    0.4499901088E+02   -0.3544078911E+02
          43    0.4563385380E+02   -0.3493162908E+02
          44    0.4252104932E+02    0.3666271169E+02
          45    0.4466083288E+02   -0.3893398262E+02
          46    0.3336375737E+02    0.2596484250E+02
          47    0.4934102109E+02    0.3504379598E+02
          48    0.6998867573E+02    0.2957812129E+02
          49    0.4567560174E+02   -0.3478509335E+02
          50    0.4459280774E+02    0.3604344963E+02
          51    0.3280907151E+02   -0.3904369495E+02
          52    0.4582840944E+02    0.3443800051E+02
          53    0.4027704075E+02   -0.3589038090E+02
          54    0.5554705829E+02   -0.3695498093E+02
          55    0.4944500376E+02   -0.3086750449E+02
          56    0.4513199694E+02   -0.3748570837E+02
          57    0.2775391893E+02    0.2223903584E+02
          58    0.4490208204E+02   -0.3788982077E+02
          59    0.4540113367E+02   -0.3789219483E+02
          60    0.4539224865E+02    0.3790608895E+02
          61    0.4539178374E+02   -0.3790679033E+02
          62    0.4538328502E+02   -0.3791916933E+02
          63    0.2998429398E+02    0.2368508964E+02
          64    0.3683060617E+02   -0.3519578890E+02
          65    0.3290835054E+02   -0.3902687085E+02
          66    0.4588354781E+02    0.3384482424E+02
          67    0.5090335315E+02    0.4606927024E+02
          68    0.4560249563E+02   -0.3680057373E+02
          69    0.4890884810E+02    0.3466999652E+02
          70    0.6986156138E+02   -0.6063458348E+02
          71    0.3688309088E+02   -0.3507941179E+02
          72    0.4531986300E+02    0.3798663154E+02
          73    0.7280050771E+02    0.6343873317E+02
          74    0.4491201550E+02    0.3565352071E+02
          75    0.1961912262E+02   -0.5971782689E+02
          76    0.4526942605E+02   -0.3757707080E+02
          77    0.4113292936E+02    0.3921144028E+02
          78    0.2142118613E+02    0.8893911819E+02
          79    0.2726688986E+02   -0.2257260086E+02
          80    0.7304255820E+02   -0.6622201253E+02
          81    0.6531249083E+02    0.6000175825E+02
          82    0.4322178102E+02    0.3570845199E+02
          83    0.2074531599E+02   -0.5882481289E+02
          84    0.4797450206E+02    0.3733400737E+02
          85    0.3252608531E+02    0.3935343648E+02
          86    0.4279890038E+02   -0.2733136902E+02
          87    0.6494323584E+02    0.5802602340E+02
          88    0.4590786160E+02    0.3365759675E+02
          89    0.3000701974E+02    0.2366721489E+02
          90    0.1821913749E+02   -0.6189996011E+02
          91    0.3134025666E+02    0.3272125674E+02
          92    0.4589890665E+02    0.3407996233E+02
          93    0.4531831805E+02   -0.3538345683E+02
          94    0.4473499111E+02    0.3532115995E+02
          95    0.4451483786E+02    0.3600465684E+02
          96    0.2969141109E+02    0.2377061292E+02
          97    0.2116873902E+02    0.8967258918E+02
          98    0.6492077157E+02    0.5821801551E+02
          99    0.4543709420E+02   -0.3499933278E+02
         100    0.4523969584E+02   -0.3801601464E+02
