Model_ID, [(c_i,i=0,n)_j,j=1,ntask]
           1    0.2526832116E+03   -0.1936603779E+03
           2    0.2906512928E+03    0.1940600483E+03
           3    0.2786351716E+03    0.1886348128E+03
           4    0.3308263657E+03   -0.2080026290E+03
           5    0.2566267903E+03    0.1736758098E+03
           6    0.2908926934E+03    0.1955969222E+03
           7    0.3108657075E+03    0.2554687952E+03
           8    0.2787423922E+03    0.1904602882E+03
           9    0.3000162543E+03    0.2528606603E+03
          10    0.2988049334E+03    0.2503426736E+03
          11    0.3127056661E+03    0.2581051851E+03
          12    0.3740804087E+03    0.2939379422E+03
          13    0.2897852236E+03   -0.1959017839E+03
          14    0.2950448322E+03   -0.1834990040E+03
          15    0.3129121361E+03    0.2580259129E+03
          16    0.3129128258E+03    0.2580254863E+03
          17    0.3129135154E+03    0.2580250586E+03
          18    0.2924324708E+03    0.1937986026E+03
          19    0.2929275545E+03   -0.2298236987E+03
          20    0.3128303181E+03    0.1709276340E+03
          21    0.2803475371E+03    0.1887939754E+03
          22    0.2958800926E+03    0.2195932830E+03
          23    0.3006957013E+03    0.2530456392E+03
          24    0.3006963994E+03    0.2530453478E+03
          25    0.3006970975E+03    0.2530450554E+03
          26    0.2997604719E+03    0.2484031075E+03
          27    0.2827384211E+03    0.1863184228E+03
          28    0.2776754569E+03   -0.1904478704E+03
          29    0.3087493993E+03   -0.1891717692E+03
          30    0.3131138393E+03    0.2578522585E+03
          31    0.2998629251E+03    0.2086503229E+03
          32    0.2906266057E+03    0.1808569936E+03
          33    0.3132395194E+03    0.2576917338E+03
          34    0.2987013586E+03    0.2094815861E+03
          35    0.2810521894E+03    0.2288043748E+03
          36    0.3521110571E+03    0.2657089308E+03
          37    0.2792858379E+03    0.2093531863E+03
          38    0.2920396209E+03    0.2180019515E+03
          39    0.3010333616E+03    0.2527843520E+03
          40    0.2809720626E+03    0.2250902639E+03
          41    0.2980957250E+03    0.2396051634E+03
          42    0.1227264978E+03   -0.9549368962E+02
          43    0.2689862612E+03    0.1741530296E+03
          44    0.2943195363E+03   -0.1861568196E+03
          45    0.3075271826E+03   -0.2193579882E+03
          46    0.3114713214E+03    0.2581220361E+03
          47    0.3024731453E+03    0.2552408964E+03
          48    0.2932562931E+03   -0.1886305222E+03
          49    0.2395361992E+03   -0.1744526060E+03
          50    0.2577449497E+03    0.1703576354E+03
          51    0.3094149201E+03   -0.1917806768E+03
          52    0.3045207499E+03    0.1683946854E+03
          53    0.3045166645E+03    0.1802019446E+03
          54    0.3134507511E+03    0.2573226349E+03
          55    0.2927081448E+03    0.2147465595E+03
          56    0.3012585358E+03    0.2524723568E+03
          57    0.3021673115E+03    0.2377948711E+03
          58    0.2778642796E+03   -0.2297968625E+03
          59    0.2809308025E+03    0.2240753066E+03
          60    0.3037021287E+03   -0.1842103367E+03
          61    0.3004985128E+03    0.2166187572E+03
          62    0.2804175616E+03    0.2245486896E+03
          63    0.2388654226E+03    0.1664663433E+03
          64    0.3102525647E+03    0.2276654361E+03
          65    0.3010072018E+03    0.2355598931E+03
          66    0.2805392754E+03    0.1896515229E+03
          67    0.2992751934E+03    0.2528570957E+03
          68    0.2797415846E+03   -0.2291783116E+03
          69    0.3020311415E+03    0.2492204028E+03
          70    0.3013596398E+03    0.2522951655E+03
          71    0.3035612937E+03    0.1847585338E+03
          72    0.3035603955E+03   -0.1847619020E+03
          73    0.2882921629E+03    0.2421251955E+03
          74    0.3140607850E+03    0.2536964346E+03
          75    0.2944666654E+03   -0.1889948567E+03
          76    0.2795256695E+03    0.2293170920E+03
          77    0.2800073631E+03    0.2289093850E+03
          78    0.3028561591E+03   -0.2090358945E+03
          79    0.2908560813E+03    0.1820370854E+03
          80    0.2924239044E+03    0.2007436042E+03
          81    0.3590020981E+03   -0.2907824503E+03
          82    0.2801426665E+03    0.2287337641E+03
          83    0.2794057030E+03    0.1904292970E+03
          84    0.2921204040E+03   -0.1671013286E+03
          85    0.3090171975E+03    0.2414987185E+03
          86    0.2391097612E+03   -0.9269936986E+02
          87    0.2802907603E+03    0.1931237445E+03
          88    0.3181344029E+03   -0.2081883229E+03
          89    0.3101676056E+03    0.2297978078E+03
          90    0.3091626811E+03    0.2379836796E+03
          91    0.3091616711E+03   -0.2379895614E+03
          92    0.3047838754E+03    0.2229183371E+03
          93    0.2581749034E+03   -0.1691050900E+03
          94    0.1243614352E+03   -0.8962993600E+02
          95    0.2756996349E+03    0.1672590893E+03
          96    0.3070211714E+03   -0.2195268654E+03
          97    0.2936279101E+03   -0.1871404285E+03
          98    0.2936669498E+03   -0.1870691059E+03
          99    0.2938135040E+03    0.1869606834E+03
         100    0.3028092845E+03    0.2380174599E+03
