Model_ID, [(c_i,i=0,n)_j,j=1,ntask]
           1    0.3500232976E+03   -0.3311437011E+03    0.2929633948E+03
           2    0.3083466551E+03    0.2988494250E+03   -0.1357931705E+04
           3    0.3993677231E+03   -0.3712340130E+03    0.1659121243E+03
           4    0.3583133929E+03   -0.3518949058E+03    0.1637238438E+03
           5    0.3551312351E+03   -0.3489809455E+03   -0.2035181389E+03
           6    0.3977439940E+03   -0.3703355905E+03   -0.1572351170E+03
           7    0.3094757731E+03    0.2959146014E+03   -0.8885151369E+03
           8    0.3553923672E+03   -0.3405551038E+03   -0.2106966390E+03
           9    0.3749629762E+03   -0.3652007889E+03   -0.4735707355E+03
          10    0.3749361120E+03   -0.3651609251E+03   -0.4733246940E+03
          11    0.3099744109E+03    0.3025543907E+03   -0.1310995501E+04
          12    0.3930324646E+03   -0.3602090428E+03    0.1745950456E+03
          13    0.3880106519E+03   -0.3557721387E+03    0.1775883885E+03
          14    0.3180781538E+03   -0.2974292186E+03   -0.1106600775E+03
          15    0.3764045766E+03   -0.3379877854E+03    0.2374327466E+03
          16    0.3730306386E+03   -0.3406231642E+03    0.5507997328E+03
          17    0.3099783594E+03    0.3016346595E+03   -0.1331505193E+04
          18    0.3748662465E+03   -0.3618152981E+03   -0.3106680291E+03
          19    0.3764847271E+03   -0.3666742681E+03   -0.4912125798E+03
          20    0.3954806292E+03   -0.3657569944E+03    0.1658995369E+03
          21    0.3733666655E+03   -0.3627593753E+03   -0.4555438690E+03
          22    0.3739836462E+03   -0.3543280532E+03    0.1985946720E+03
          23    0.3673584456E+03   -0.3552932572E+03   -0.2746483681E+03
          24    0.3899253969E+03   -0.3670100794E+03    0.1146464604E+03
          25    0.3785528764E+03   -0.3681222160E+03   -0.4838939342E+03
          26    0.3530178700E+03   -0.3175543734E+03    0.1798355435E+03
          27    0.4007466579E+03   -0.3826815857E+03    0.1539567378E+03
          28    0.3553676074E+03   -0.3147959668E+03   -0.2405259519E+03
          29    0.3745689035E+03   -0.3623871253E+03    0.5009976468E+03
          30    0.3943274006E+03   -0.3652077831E+03    0.1590318323E+03
          31    0.3127425660E+03    0.2967971401E+03   -0.8739723096E+03
          32    0.3547740712E+03   -0.3408424237E+03   -0.1891116649E+03
          33    0.3736756945E+03   -0.3632248420E+03   -0.4555329913E+03
          34    0.3478154931E+03   -0.3202592181E+03    0.1241289035E+04
          35    0.3115942515E+03    0.3053434063E+03   -0.1286941295E+04
          36    0.3457772648E+03   -0.3101622319E+03   -0.2342344623E+03
          37    0.3525476168E+03   -0.3105661506E+03    0.2337352113E+03
          38    0.3490283589E+03   -0.3351082156E+03    0.1293223998E+03
          39    0.3566682198E+03   -0.3226411693E+03   -0.2063735280E+03
          40    0.3523639033E+03   -0.3386183917E+03    0.2839154008E+03
          41    0.3099896188E+03    0.2987147126E+03   -0.8586808450E+03
          42    0.3541845445E+03   -0.3187315078E+03    0.2020485829E+03
          43    0.3455398339E+03   -0.3236435554E+03    0.1618083228E+03
          44    0.3262112781E+03   -0.3091559180E+03    0.9091243181E+02
          45    0.3538288260E+03   -0.3305869739E+03   -0.3950685161E+03
          46    0.3554884016E+03   -0.3334124468E+03    0.3729244048E+03
          47    0.3099741612E+03    0.2948794304E+03   -0.8698918819E+03
          48    0.3748612076E+03   -0.3615105140E+03    0.5193442322E+03
          49    0.3520365852E+03   -0.3160010445E+03   -0.1769272614E+03
          50    0.3597555817E+03   -0.3347738812E+03    0.2346366075E+03
          51    0.3547582866E+03   -0.3404078596E+03   -0.1894874898E+03
          52    0.3534849502E+03   -0.3299689879E+03    0.3896410102E+03
          53    0.3472129208E+03   -0.3125137524E+03   -0.4011768396E+03
          54    0.3756327356E+03   -0.3649203709E+03   -0.4757831881E+03
          55    0.3562875787E+03   -0.3487429177E+03    0.2629285085E+03
          56    0.3496894160E+03   -0.3096954650E+03   -0.6080938987E+03
          57    0.3708782637E+03   -0.3670585174E+03   -0.3871539381E+03
          58    0.3783692100E+03   -0.3646817721E+03   -0.3194491248E+03
          59    0.3570601356E+03   -0.3364674388E+03   -0.8138769432E+03
          60    0.3959566485E+03   -0.3639609960E+03    0.1787441388E+03
          61    0.3520303134E+03    0.3256790752E+03    0.3355969174E+03
          62    0.3922111589E+03   -0.3792475418E+03    0.1426596060E+03
          63    0.3518788340E+03   -0.3292752563E+03    0.3934999266E+03
          64    0.3589920393E+03   -0.3320791344E+03    0.2209437876E+03
          65    0.3477633860E+03   -0.3114190871E+03    0.1414226727E+03
          66    0.3933885477E+03   -0.3711029150E+03    0.1220404885E+03
          67    0.3491147190E+03   -0.3156483223E+03   -0.3795570270E+03
          68    0.3739128627E+03   -0.3635642830E+03   -0.4530404490E+03
          69    0.3281228950E+03   -0.3109474546E+03    0.8216919138E+02
          70    0.3932857519E+03   -0.3703491549E+03   -0.1222772654E+03
          71    0.3835240556E+03   -0.3665670857E+03   -0.1012727383E+03
          72    0.3127100323E+03    0.2951828913E+03    0.5934559000E+03
          73    0.3592161966E+03   -0.3370634952E+03    0.6712158320E+03
          74    0.3564911613E+03   -0.3359422568E+03    0.6886345881E+03
          75    0.3672079981E+03   -0.3680232250E+03    0.2304043842E+03
          76    0.3479582222E+03   -0.3240038009E+03    0.3874720851E+03
          77    0.3695657045E+03   -0.3432644654E+03   -0.1482619848E+03
          78    0.3596469547E+03   -0.3378347494E+03    0.6623388537E+03
          79    0.3700883555E+03   -0.3537626151E+03   -0.1245566206E+04
          80    0.3767947487E+03   -0.3670870308E+03   -0.4804592866E+03
          81    0.3451555042E+03   -0.3178121974E+03   -0.8948894197E+02
          82    0.3476194934E+03   -0.3135406037E+03    0.1217611113E+03
          83    0.3614703600E+03   -0.3574198360E+03   -0.3128903028E+03
          84    0.3864126453E+03   -0.3695900939E+03    0.2331175163E+03
          85    0.3703977568E+03   -0.3597651345E+03   -0.5895829768E+03
          86    0.3515205780E+03   -0.3241443561E+03    0.3203355548E+03
          87    0.3513891797E+03   -0.3265242038E+03    0.3618006387E+03
          88    0.3285811899E+03   -0.3123750113E+03    0.1847771441E+03
          89    0.3569167535E+03   -0.3301876223E+03    0.2261329160E+03
          90    0.3390310150E+03   -0.3304101489E+03    0.2257972978E+03
          91    0.3931425208E+03   -0.3700835567E+03    0.1228119247E+03
          92    0.3745056988E+03   -0.3640580123E+03   -0.4597972591E+03
          93    0.3485342625E+03   -0.3338727566E+03   -0.1260824818E+03
          94    0.3729930904E+03   -0.3545892093E+03    0.1010239950E+03
          95    0.3560268113E+03   -0.3347690301E+03   -0.3704244851E+03
          96    0.3358349211E+03   -0.3252213583E+03    0.2537950674E+03
          97    0.3580555517E+03   -0.3254172831E+03   -0.1993920459E+03
          98    0.3532461917E+03   -0.3131443631E+03    0.2392311135E+03
          99    0.3823874995E+03   -0.3602629475E+03    0.1535157562E+03
         100    0.3496003352E+03   -0.3244577216E+03    0.1560969563E+03
