Model_ID, [(c_i,i=0,n)_j,j=1,ntask]
           1   -0.4009055072E+01   -0.4201710236E+02
           2    0.2218696839E+02    0.2797200353E+02
           3    0.2928100203E+02    0.3003221922E+02
           4   -0.2127652056E+01    0.3882973104E+02
           5    0.1848998928E+02    0.2029460379E+02
           6    0.4242158255E+01   -0.1245400744E+02
           7    0.1874431992E+02    0.2039724271E+02
           8    0.4910768801E+01   -0.1696856004E+02
           9    0.2496242456E+02    0.2566824532E+02
          10    0.4536661847E+01   -0.2822397496E+02
          11    0.3914279486E+01    0.2687922571E+02
          12    0.3205620255E+01    0.2171577490E+02
          13    0.2751736153E+01    0.1318461526E+02
          14    0.1828749539E+02   -0.1990667280E+02
          15    0.3055578947E+02    0.3229426045E+02
          16    0.1838312609E+02   -0.1849300352E+02
          17    0.1291611031E+02    0.1954645854E+02
          18    0.3973531903E+01    0.3010462362E+02
          19    0.2150602238E+02    0.2663605613E+02
          20    0.1414939215E+02    0.1796236117E+02
          21    0.3779313881E+01    0.3039695564E+02
          22    0.1812250136E+02    0.1959496698E+02
          23    0.2172134013E+02   -0.2695311904E+02
          24    0.4250724192E+01   -0.1940796082E+02
          25    0.2239409348E+02    0.2766147109E+02
          26    0.1288763212E+02    0.2077407115E+02
          27    0.2589209446E+02    0.2757644803E+02
          28    0.3245733728E+01    0.1694367211E+02
          29    0.4277974855E+01    0.2967671389E+02
          30    0.4319175025E+01    0.2960842106E+02
          31    0.2202997998E+02   -0.2739552639E+02
          32    0.4239780339E+01    0.2973460067E+02
          33    0.4463457507E+01    0.2605411648E+02
          34    0.3761046898E+01    0.2646524009E+02
          35    0.4901005971E+01    0.2860144744E+02
          36    0.1674292638E+02    0.1820767031E+02
          37    0.2121233506E+02   -0.2605842511E+02
          38    0.4481236473E+01    0.2930002468E+02
          39    0.2468581826E+01    0.1994240038E+02
          40    0.3395488411E+01    0.2061471310E+02
          41    0.4133102063E+01    0.2985129513E+02
          42    0.4570637944E+01    0.2914035954E+02
          43    0.3880379470E+01    0.1847885355E+02
          44    0.1714174128E+02    0.2613940343E+02
          45    0.1274317189E+02    0.1693752100E+02
          46    0.4720413207E+01    0.2875873051E+02
          47    0.1841251244E+02   -0.1991992191E+02
          48    0.2895741665E+01    0.1741296490E+02
          49    0.4578776890E+01    0.1808652993E+02
          50    0.3740756574E+01   -0.8682746601E+01
          51    0.1658483039E+02   -0.1667070302E+02
          52    0.1844044508E+02    0.2672279831E+02
          53    0.3827825521E+01    0.1876042195E+02
          54    0.4077926109E+01    0.2945389873E+02
          55    0.1634210624E+02    0.1771063896E+02
          56    0.1793633373E+02   -0.1918860143E+02
          57    0.4992848400E+01    0.2835811207E+02
          58    0.4916021062E+01   -0.1557028767E+02
          59    0.1859822776E+02   -0.2017208422E+02
          60    0.1835782228E+02   -0.1791168051E+02
          61    0.5007207395E+01   -0.1934041600E+02
          62    0.2675664636E+02    0.3544949413E+02
          63    0.3224599222E+01    0.1190149712E+02
          64    0.4873885953E+01    0.2598144742E+02
          65    0.5269384694E+01    0.1573094463E+02
          66    0.4649986154E+01   -0.2637238575E+02
          67    0.4113577880E+01    0.2977205989E+02
          68    0.3908647436E+01    0.1868610112E+02
          69    0.3863233061E+01   -0.1667531793E+02
          70    0.4890830117E+01    0.2601819428E+02
          71    0.3955113946E+01    0.1851448909E+02
          72    0.3803657259E+01    0.2742921084E+02
          73    0.4071186861E+01    0.4807705731E+02
          74    0.4518898344E+01    0.1577193500E+02
          75   -0.3857289597E+01    0.3582556289E+02
          76    0.4092416586E+01    0.4823259265E+02
          77    0.5237217009E+01    0.1813306031E+02
          78    0.4067730359E+01    0.4794226711E+02
          79    0.1661285886E+02   -0.1643886855E+02
          80    0.2140508539E+02   -0.2407563701E+02
          81    0.4051588306E+01    0.1717003467E+02
          82    0.3172402407E+01   -0.1024638622E+02
          83    0.3564160202E+01    0.1628664720E+02
          84    0.1296600233E+02    0.1841870009E+02
          85    0.1814474271E+02    0.1465639124E+02
          86    0.3542673223E+01    0.2921325810E+02
          87    0.2628206042E+02    0.2778212392E+02
          88    0.4356655203E+01    0.2678599097E+02
          89    0.4553400668E+01    0.2650031787E+02
          90    0.4622092471E+01    0.2639444606E+02
          91    0.1358291201E+02    0.1708560812E+02
          92   -0.3827284368E+01    0.2746893875E+02
          93    0.6608942996E+01   -0.2685178745E+02
          94    0.4492805029E+01    0.2658034280E+02
          95    0.4239443645E+01    0.1836308656E+02
          96    0.4137195518E+01   -0.4828439740E+02
          97    0.1627427732E+02   -0.1754141709E+02
          98    0.4703088330E+01    0.2625541497E+02
          99    0.4825216511E+01    0.2856798368E+02
         100    0.2911946162E+02   -0.2644804252E+02
