        Rank        RMSE       MaxAE  Feature_ID
           1    5.384055   15.400733  (       1)
           2    5.404216   15.337569  (       2)
           3    5.453801   13.413994  (       3)
           4    5.490583   15.757799  (       4)
           5    5.492773   17.616621  (       5)
           6    5.533267   15.254941  (       6)
           7    5.579944   17.917211  (       7)
           8    5.583783   17.538088  (       8)
           9    5.593722   13.975285  (       9)
          10    5.602239   16.883363  (      10)
          11    5.604322   16.174994  (      11)
          12    5.605684   16.459813  (      12)
          13    5.612825   16.147768  (      13)
          14    5.616537   17.239290  (      14)
          15    5.620851   13.261598  (      15)
          16    5.624922   16.697790  (      16)
          17    5.636683   15.289834  (      17)
          18    5.637240   15.627541  (      18)
          19    5.639037   14.692141  (      19)
          20    5.641422   15.426720  (      20)
          21    5.654527   15.643789  (      21)
          22    5.655800   16.933812  (      22)
          23    5.656851   14.756451  (      23)
          24    5.657976   16.563836  (      24)
          25    5.661647   15.509495  (      25)
          26    5.668004   14.735165  (      26)
          27    5.668045   14.084690  (      27)
          28    5.668338   17.212732  (      28)
          29    5.677643   15.623907  (      29)
          30    5.677840   15.615940  (      30)
          31    5.678583   15.115237  (      31)
          32    5.680082   15.627389  (      32)
          33    5.687847   15.090607  (      33)
          34    5.690892   17.182305  (      34)
          35    5.694152   15.686050  (      35)
          36    5.696345   17.954998  (      36)
          37    5.696849   15.087793  (      37)
          38    5.697800   15.609685  (      38)
          39    5.699771   15.439057  (      39)
          40    5.706657   15.492105  (      40)
          41    5.708554   15.604725  (      41)
          42    5.712497   15.633679  (      42)
          43    5.712712   15.124350  (      43)
          44    5.713340   15.589376  (      44)
          45    5.713573   15.706463  (      45)
          46    5.714553   15.754939  (      46)
          47    5.715164   17.370278  (      47)
          48    5.725435   15.075822  (      48)
          49    5.726745   15.371293  (      49)
          50    5.727025   17.650876  (      50)
          51    5.728291   16.848767  (      51)
          52    5.728987   16.607655  (      52)
          53    5.729334   15.395802  (      53)
          54    5.730995   15.903713  (      54)
          55    5.732117   17.247566  (      55)
          56    5.732800   16.564499  (      56)
          57    5.735275   15.767026  (      57)
          58    5.736951   15.677117  (      58)
          59    5.738766   17.669641  (      59)
          60    5.743441   16.410488  (      60)
          61    5.746406   18.024885  (      61)
          62    5.747318   13.785544  (      62)
          63    5.749184   15.629261  (      63)
          64    5.749736   15.443447  (      64)
          65    5.750034   16.244904  (      65)
          66    5.752492   15.529355  (      66)
          67    5.753001   15.642101  (      67)
          68    5.756509   15.391101  (      68)
          69    5.756865   16.678576  (      69)
          70    5.758721   15.489512  (      70)
          71    5.761402   15.240091  (      71)
          72    5.761935   15.520530  (      72)
          73    5.762592   15.911461  (      73)
          74    5.764001   15.060284  (      74)
          75    5.765231   18.283653  (      75)
          76    5.766451   15.822561  (      76)
          77    5.766897   16.816732  (      77)
          78    5.767212   15.973562  (      78)
          79    5.767893   16.733780  (      79)
          80    5.768226   15.245047  (      80)
          81    5.769112   15.660380  (      81)
          82    5.769442   17.245021  (      82)
          83    5.769680   15.465110  (      83)
          84    5.774270   15.832786  (      84)
          85    5.775581   17.123366  (      85)
          86    5.776520   18.099003  (      86)
          87    5.777904   16.763389  (      87)
          88    5.778308   15.563794  (      88)
          89    5.779037   15.534152  (      89)
          90    5.780328   15.518943  (      90)
          91    5.780352   16.317628  (      91)
          92    5.781917   17.778953  (      92)
          93    5.783946   15.627964  (      93)
          94    5.784844   15.536974  (      94)
          95    5.787755   15.350198  (      95)
          96    5.787793   15.755243  (      96)
          97    5.788260   17.075346  (      97)
          98    5.789222   15.489761  (      98)
          99    5.790954   15.785606  (      99)
         100    5.792092   13.361311  (     100)
