        Rank        RMSE       MaxAE  Feature_ID
           1    4.667110   17.003247  (       1)
           2    4.695282   17.887526  (       2)
           3    4.767173   19.723602  (       3)
           4    4.775936   18.826029  (       4)
           5    4.797868   18.805643  (       5)
           6    4.799424   17.227908  (       6)
           7    4.805075   18.848879  (       7)
           8    4.805663   17.220730  (       8)
           9    4.809103   17.484788  (       9)
          10    4.810555   16.714088  (      10)
          11    4.828313   17.227981  (      11)
          12    4.829090   17.983438  (      12)
          13    4.829432   17.245620  (      13)
          14    4.831723   17.242929  (      14)
          15    4.836047   15.542023  (      15)
          16    4.836141   19.484497  (      16)
          17    4.838584   18.604698  (      17)
          18    4.838615   18.284337  (      18)
          19    4.840318   18.435182  (      19)
          20    4.842777   17.253362  (      20)
          21    4.844776   17.272251  (      21)
          22    4.845472   18.352362  (      22)
          23    4.845756   19.672293  (      23)
          24    4.851486   19.630254  (      24)
          25    4.852084   17.346403  (      25)
          26    4.852254   18.168966  (      26)
          27    4.854267   18.135812  (      27)
          28    4.855052   18.149256  (      28)
          29    4.855239   18.175957  (      29)
          30    4.855347   17.800913  (      30)
          31    4.857144   18.134143  (      31)
          32    4.858264   19.018188  (      32)
          33    4.858951   18.258431  (      33)
          34    4.860990   19.713557  (      34)
          35    4.862577   18.070899  (      35)
          36    4.862596   18.814848  (      36)
          37    4.864784   17.602802  (      37)
          38    4.865200   18.513410  (      38)
          39    4.865272   18.495100  (      39)
          40    4.866236   17.562867  (      40)
          41    4.866415   16.529207  (      41)
          42    4.867279   17.560582  (      42)
          43    4.867408   19.688184  (      43)
          44    4.868258   19.681961  (      44)
          45    4.870277   18.134434  (      45)
          46    4.871576   16.915671  (      46)
          47    4.873237   19.690600  (      47)
          48    4.873670   17.698361  (      48)
          49    4.876606   17.294033  (      49)
          50    4.878254   21.461755  (      50)
          51    4.878531   19.676738  (      51)
          52    4.879530   19.718442  (      52)
          53    4.879714   19.693809  (      53)
          54    4.880203   18.858636  (      54)
          55    4.880862   16.528090  (      55)
          56    4.881574   15.281434  (      56)
          57    4.882841   17.693138  (      57)
          58    4.884086   16.607373  (      58)
          59    4.884735   17.682550  (      59)
          60    4.885779   17.682088  (      60)
          61    4.885828   17.682123  (      61)
          62    4.885877   17.682158  (      62)
          63    4.887207   17.998928  (      63)
          64    4.887436   17.676495  (      64)
          65    4.887484   17.267712  (      65)
          66    4.887629   19.710487  (      66)
          67    4.887786   17.380864  (      67)
          68    4.888299   17.441911  (      68)
          69    4.888456   17.683945  (      69)
          70    4.890427   18.922516  (      70)
          71    4.891192   17.318766  (      71)
          72    4.891221   18.176049  (      72)
          73    4.892816   16.552166  (      73)
          74    4.893979   18.731198  (      74)
          75    4.896336   18.537976  (      75)
          76    4.897039   19.500783  (      76)
          77    4.899153   21.151072  (      77)
          78    4.900805   19.822571  (      78)
          79    4.901361   17.432829  (      79)
          80    4.901812   17.395965  (      80)
          81    4.902253   17.690676  (      81)
          82    4.902712   17.166769  (      82)
          83    4.903440   18.954865  (      83)
          84    4.903708   17.797694  (      84)
          85    4.903905   16.711319  (      85)
          86    4.904137   17.053696  (      86)
          87    4.904697   17.928816  (      87)
          88    4.905257   18.716177  (      88)
          89    4.906077   19.101371  (      89)
          90    4.906249   16.600254  (      90)
          91    4.907251   18.961055  (      91)
          92    4.907383   21.234371  (      92)
          93    4.907794   17.515974  (      93)
          94    4.909035   17.593038  (      94)
          95    4.910318   16.608476  (      95)
          96    4.910539   19.551778  (      96)
          97    4.910785   16.683162  (      97)
          98    4.911078   21.224562  (      98)
          99    4.911524   16.783989  (      99)
         100    4.913210   21.211188  (     100)
