Model_ID, [(c_i,i=0,n)_j,j=1,ntask]
           1    0.2970911167E+03    0.1904942908E+03
           2    0.2732568437E+03    0.2350290310E+03
           3    0.3002946821E+03    0.1919925282E+03
           4    0.2672819368E+03    0.2276795402E+03
           5    0.2735562701E+03    0.2185752775E+03
           6    0.2894952037E+03    0.2496919093E+03
           7    0.2977662950E+03    0.1939448305E+03
           8    0.2884843024E+03    0.2502786861E+03
           9    0.2511269300E+03    0.2096380175E+03
          10    0.2867425092E+03    0.2514417507E+03
          11    0.2559541815E+03    0.2049168187E+03
          12    0.2905732129E+03    0.2471359677E+03
          13    0.3217745180E+03    0.2288074875E+03
          14    0.3221108374E+03    0.2364089773E+03
          15    0.2928963150E+03    0.2547612345E+03
          16    0.2792789227E+03    0.2502321418E+03
          17    0.2945325641E+03    0.2178644867E+03
          18    0.3021011493E+03   -0.2190857230E+03
          19    0.2962699027E+03    0.2470985698E+03
          20    0.2950511497E+03    0.2228252896E+03
          21    0.3050261436E+03    0.2777849619E+03
          22    0.2871436952E+03    0.2416876639E+03
          23    0.2661413057E+03    0.2040036038E+03
          24    0.3240482223E+03    0.2412112255E+03
          25    0.3208436283E+03    0.2299732151E+03
          26    0.2947403922E+03    0.2408249812E+03
          27    0.2617619421E+03    0.2189978375E+03
          28    0.3512188885E+03    0.2871023271E+03
          29    0.2922575961E+03    0.2536225229E+03
          30    0.3035957850E+03    0.2733921420E+03
          31    0.3010361597E+03    0.1958199036E+03
          32    0.2972902055E+03    0.2449301903E+03
          33    0.3051373411E+03    0.2760748352E+03
          34    0.2971423635E+03    0.2452935147E+03
          35    0.3053460099E+03    0.2764736598E+03
          36    0.3209494785E+03    0.2355090601E+03
          37    0.2861760499E+03    0.2497239499E+03
          38    0.2907555791E+03    0.1860525974E+03
          39    0.2890742224E+03   -0.2176535440E+03
          40    0.2524568406E+03   -0.2243580340E+03
          41    0.2976716023E+03    0.2438346001E+03
          42    0.2184026671E+03   -0.1635346741E+03
          43    0.3051877568E+03    0.2787699656E+03
          44    0.3020518584E+03    0.1946233377E+03
          45    0.2764215704E+03   -0.2523285915E+03
          46    0.3731180609E+03    0.1763792226E+03
          47    0.2806354172E+03   -0.2185107764E+03
          48    0.3094428574E+03   -0.2697407163E+03
          49    0.2408941657E+03   -0.1955378169E+03
          50    0.3056572511E+03    0.2749206227E+03
          51    0.2983525071E+03    0.2541016252E+03
          52    0.3022016540E+03    0.2707272597E+03
          53    0.2707249473E+03    0.2095001942E+03
          54    0.2933284845E+03    0.2557272733E+03
          55    0.3059511490E+03    0.2838102020E+03
          56    0.2487453698E+03    0.1971044147E+03
          57    0.2847739859E+03   -0.2181084820E+03
          58    0.3028160288E+03   -0.2116770386E+03
          59    0.2894790353E+03   -0.2555837111E+03
          60    0.3306404693E+03   -0.2441772849E+03
          61    0.2637753940E+03    0.1981433824E+03
          62    0.3311304674E+03    0.2728873870E+03
          63    0.3852032669E+03    0.3045934734E+03
          64    0.2771985602E+03    0.2093925978E+03
          65    0.3015205966E+03    0.2192257202E+03
          66    0.2739403089E+03    0.2123478186E+03
          67    0.2460447160E+03    0.1723201852E+03
          68    0.3060594146E+03    0.2820465871E+03
          69    0.3850274349E+03   -0.3075324884E+03
          70    0.2865234357E+03   -0.2055058491E+03
          71    0.3074264278E+03    0.2077838250E+03
          72    0.2816784104E+03    0.2632624150E+03
          73    0.3062740781E+03    0.2824676475E+03
          74    0.2867966138E+03    0.2351593182E+03
          75    0.2595735855E+03   -0.1156810579E+03
          76    0.3085918223E+03   -0.1940142823E+03
          77    0.3850611375E+03    0.3071716653E+03
          78    0.2721857224E+03    0.2079583334E+03
          79    0.2921943504E+03   -0.2426125701E+03
          80    0.2671414022E+03    0.2055607703E+03
          81    0.3860275506E+03   -0.2981740535E+03
          82    0.3013044421E+03   -0.2189975471E+03
          83    0.2693296047E+03   -0.1839721109E+03
          84    0.3013481813E+03   -0.2189149251E+03
          85    0.3013918592E+03   -0.2188289585E+03
          86    0.3409097630E+03    0.2956717143E+03
          87    0.3054354328E+03    0.2711491525E+03
          88    0.2921829554E+03    0.2152288659E+03
          89    0.2898896012E+03    0.2355901056E+03
          90    0.2875420617E+03    0.2162699489E+03
          91    0.3486725861E+03    0.1571241865E+03
          92    0.3128007778E+03   -0.2566408596E+03
          93    0.3260429957E+03    0.2420623249E+03
          94    0.3061180714E+03    0.2847705565E+03
          95    0.1385754661E+03    0.5650755383E+03
          96    0.2772559719E+03    0.2182787059E+03
          97    0.2813191968E+03    0.2260472728E+03
          98    0.2862479385E+03   -0.2112043248E+03
          99    0.3157613134E+03    0.2938167654E+03
         100    0.3072326689E+03    0.2182098691E+03
