Model_ID, [(c_i,i=0,n)_j,j=1,ntask]
           1    0.2194465268E+03    0.3549404629E+03    0.1714523416E+03
           2    0.2251558991E+03   -0.3406694479E+03    0.1737047450E+03
           3    0.2253813764E+03    0.3399108506E+03    0.1768663120E+03
           4    0.2261607985E+03    0.3374808937E+03    0.1806736276E+03
           5    0.2184747627E+03    0.3499837803E+03    0.1810238094E+03
           6    0.2146666374E+03    0.3413445935E+03    0.1570256713E+03
           7    0.2412803724E+03    0.4487399530E+03    0.1806027615E+03
           8    0.2694241021E+03    0.1880287021E+03   -0.1017605432E+04
           9    0.2310076087E+03    0.2007244042E+03    0.1846947065E+03
          10    0.2354181196E+03    0.4316319225E+03    0.1677892377E+03
          11    0.2160697967E+03    0.3512828531E+03    0.1847688974E+03
          12    0.2117654007E+03    0.3565931354E+03    0.1435782059E+03
          13    0.2297354832E+03    0.1981519180E+03   -0.1481494174E+03
          14    0.2182519527E+03    0.1409640213E+03    0.1930480887E+03
          15    0.2185646313E+03    0.1430832333E+03    0.1912962345E+03
          16    0.2140400072E+03    0.2821836383E+03    0.1352217392E+03
          17    0.2346637400E+03    0.3144476155E+03    0.1865505710E+03
          18    0.2295863108E+03    0.3211353372E+03    0.1859497274E+03
          19    0.2889459283E+03    0.2273062401E+03   -0.9729782118E+03
          20    0.2655625641E+03    0.1828211793E+03   -0.9680425484E+03
          21    0.2282322189E+03    0.2016459619E+03    0.1464199571E+03
          22    0.2280366731E+03    0.2022577277E+03    0.1454418180E+03
          23    0.2204177441E+03   -0.3262636634E+03    0.1588657330E+03
          24    0.2277635595E+03    0.2022563005E+03    0.1464391243E+03
          25    0.2243085864E+03   -0.3348002762E+03    0.1826176182E+03
          26    0.2240894826E+03   -0.3351331578E+03   -0.1369407518E+03
          27    0.2278081310E+03    0.2018884484E+03   -0.1471524062E+03
          28    0.2246783438E+03    0.3335570258E+03    0.1863941804E+03
          29    0.2298720976E+03    0.1965439597E+03    0.1761935236E+03
          30    0.2207519803E+03    0.3246416718E+03    0.1618752358E+03
          31    0.2918374972E+03   -0.2276810713E+03   -0.1066887766E+04
          32    0.2256096399E+03    0.3306030780E+03    0.1908950056E+03
          33    0.2367952588E+03    0.4350503402E+03    0.1733064844E+03
          34    0.2400738450E+03    0.4414700629E+03   -0.1439672460E+03
          35    0.2263419307E+03    0.2017688921E+03    0.1476736368E+03
          36    0.2885089015E+03   -0.2114814645E+03    0.1502247752E+03
          37    0.2241037184E+03   -0.3331401378E+03    0.1628931767E+03
          38    0.2245215242E+03    0.3334728626E+03   -0.1393883143E+03
          39    0.2153722885E+03    0.1401742766E+03    0.1888468737E+03
          40    0.2403206622E+03    0.4407202193E+03    0.1917972338E+03
          41    0.2156429558E+03    0.3439280025E+03    0.1604799561E+03
          42    0.2119274937E+03    0.1325961862E+03    0.1766885012E+03
          43    0.2134096112E+03    0.1382551902E+03    0.1940090026E+03
          44    0.2216589163E+03    0.3211955860E+03    0.1655550400E+03
          45    0.2303307297E+03    0.1968745756E+03    0.1963889609E+03
          46    0.2777430026E+03    0.2281672985E+03   -0.6978623972E+03
          47    0.2276905861E+03    0.2000204769E+03    0.1497193822E+03
          48    0.2134655931E+03    0.1269297717E+03    0.1885973165E+03
          49    0.2225131170E+03   -0.3406722099E+03    0.1346329489E+03
          50    0.2223086253E+03   -0.3416354972E+03    0.1336645729E+03
          51    0.2175438498E+03   -0.3417199331E+03    0.1453395561E+03
          52    0.2335255237E+03    0.4508319879E+03    0.1534808043E+03
          53    0.2936204742E+03   -0.2346245238E+03   -0.1018370418E+04
          54    0.2183600569E+03    0.3486061132E+03   -0.1329359008E+03
          55    0.2109806382E+03    0.1273621996E+03    0.1817569751E+03
          56    0.2245408957E+03    0.3315316426E+03    0.1660501488E+03
          57    0.2180698658E+03    0.2823754907E+03    0.1364760133E+03
          58    0.2093808125E+03    0.2906248147E+03    0.1322807701E+03
          59    0.2332911944E+03    0.2017478672E+03   -0.1878893418E+03
          60    0.2177652686E+03    0.2848317444E+03    0.1342870585E+03
          61    0.2440315483E+03    0.1995600437E+03    0.1953711820E+03
          62    0.1955138806E+03   -0.3147279495E+03    0.1142312754E+03
          63    0.2220034357E+03   -0.3417914344E+03    0.1345096863E+03
          64    0.2220444116E+03   -0.3412630008E+03   -0.1352024695E+03
          65    0.2123501900E+03    0.1218416939E+03    0.1933320855E+03
          66    0.2756006672E+03    0.1611224504E+03   -0.3540144109E+03
          67    0.2188110341E+03    0.3550003834E+03    0.1847530678E+03
          68    0.2790202707E+03    0.1596584190E+03    0.4802872992E+03
          69    0.3579186958E+03   -0.2908828438E+03   -0.1056047417E+04
          70    0.2312331508E+03    0.3250271987E+03    0.1789271969E+03
          71    0.3366316089E+03    0.2673355293E+03   -0.7557103005E+04
          72    0.2730560778E+03    0.2355695156E+03   -0.4681829846E+03
          73    0.1931596629E+03    0.1699705268E+03    0.1370085979E+03
          74    0.2223033093E+03    0.3345472553E+03    0.1902439103E+03
          75    0.2411500681E+03    0.1911077347E+03    0.2011941358E+03
          76    0.2219239710E+03   -0.3358889902E+03    0.1861055088E+03
          77    0.2218549038E+03   -0.3389289311E+03    0.1378965777E+03
          78    0.2602708668E+03    0.1792790424E+03   -0.1085426983E+04
          79    0.2248412944E+03    0.2837360234E+03    0.1629819382E+03
          80    0.2178620240E+03    0.3402031093E+03    0.1481223368E+03
          81    0.2864705053E+03   -0.2288264470E+03   -0.9716762895E+03
          82    0.2144498473E+03    0.1954537210E+03    0.1400388774E+03
          83    0.2255789998E+03    0.3299104692E+03   -0.1424471547E+03
          84    0.2205878387E+03    0.1973928234E+03    0.1293809279E+03
          85    0.2343607553E+03    0.1996911600E+03   -0.1900517342E+03
          86    0.2209946369E+03    0.1956806020E+03    0.1313228162E+03
          87    0.2229366018E+03    0.3390511697E+03    0.1371041960E+03
          88    0.2019049847E+03    0.1245340483E+03    0.2888093140E+03
          89    0.2322377270E+03    0.2141343809E+03    0.1776223237E+03
          90    0.2232307997E+03    0.3315144128E+03    0.1951224905E+03
          91    0.2227274592E+03    0.3400282908E+03    0.1361116060E+03
          92    0.2269706281E+03    0.2005558044E+03    0.1486285734E+03
          93    0.3369484369E+03    0.2672906493E+03   -0.7511735839E+04
          94    0.2255810726E+03    0.3280823110E+03    0.1699113912E+03
          95    0.2155176197E+03    0.1380545861E+03    0.1437309314E+03
          96    0.2121873267E+03    0.1330678477E+03   -0.2846646414E+03
          97    0.2379539687E+03    0.4421314205E+03    0.1962347578E+03
          98    0.2261741939E+03    0.2020757927E+03    0.1484279628E+03
          99    0.2336673591E+03    0.1777776348E+03    0.3069608399E+03
         100    0.2295000960E+03    0.2186916702E+03    0.1763555756E+03
