     Index              y_true              y_pred        descriptor_1        descriptor_2
         1    0.1000000000E+00    0.2368719955E+01    0.0000000000E+00    0.0000000000E+00
         2    0.2600000000E+01    0.2368719955E+01    0.0000000000E+00    0.0000000000E+00
         3    0.4090000000E+02    0.3255283618E+02    0.3314010157E+00    0.4314733951E-01
         4    0.1560000000E+01    0.2373834736E+01    0.4996375408E-01   -0.1840079167E-01
         5    0.6650000000E+01    0.8912173374E+01    0.5808963182E-02    0.3370979370E-01
         6    0.2280000000E+01    0.2368719955E+01    0.0000000000E+00    0.0000000000E+00
         7    0.3140000000E+01   -0.1193605332E+01    0.9533094261E-01   -0.5468064038E-01
         8    0.6070000000E+01    0.2368719955E+01    0.0000000000E+00    0.0000000000E+00
         9    0.4360000000E+01    0.8724648759E+01    0.1923487051E+00   -0.3612168654E-01
        10    0.1337000000E+02    0.1282348781E+02    0.1743686187E+00   -0.7031797119E-02
        11    0.2141000000E+02    0.2094841863E+02    0.2076854010E+00    0.2519702160E-01
        12    0.1012000000E+02    0.7202438784E+01    0.2637821283E+00   -0.7080983237E-01
        13    0.4660000000E+01    0.4873061030E+01    0.8714871534E-01   -0.1842265959E-01
        14    0.1128000000E+02    0.1084675082E+02    0.1337314249E+00   -0.2873811212E-02
        15    0.6140000000E+01    0.3944264618E+01    0.2066207928E-01    0.1011526820E-02
        16    0.5980000000E+01    0.5026132115E+01    0.2365497229E-01    0.5835303331E-02
        17    0.3600000000E+01    0.8405000163E+01   -0.1701978461E-01    0.3935116867E-01
        18    0.4060000000E+01    0.4114553028E+01    0.3351238348E-01   -0.2795195666E-02
        19    0.4810000000E+01    0.7293360931E+01    0.1407160353E+00   -0.2491950490E-01
        20    0.1002000000E+02    0.1215425095E+02    0.1977303810E+00   -0.1931546786E-01
        21    0.1925000000E+02    0.2034667228E+02    0.3025102160E+00   -0.1307555743E-01
        22    0.2977000000E+02    0.3156474378E+02    0.3275162421E+00    0.3916633294E-01
        23    0.3366000000E+02    0.3180524747E+02    0.4261265321E+00    0.4112297748E-02
        24    0.2492000000E+02    0.2554650603E+02    0.3502389912E+00   -0.2189481408E-02
        25    0.1262000000E+02    0.2099080728E+02    0.2157271365E+00    0.2246313077E-01
        26    0.5650000000E+01    0.3137791023E+01    0.1133121257E-02    0.3795891164E-02
        27    0.2455000000E+02    0.2293717338E+02    0.3045249338E+00    0.3750035349E-03
        28    0.1040000000E+01    0.5020989482E+01    0.2220252933E+00   -0.6736051803E-01
        29    0.7980000000E+01    0.7723655996E+00   -0.2030884399E-01   -0.1255834325E-02
        30    0.4200000000E+00    0.2368719955E+01    0.0000000000E+00    0.0000000000E+00
        31    0.3850000000E+02    0.3141516724E+02    0.4205125946E+00    0.4045665260E-02
        32    0.2347000000E+02    0.2931945297E+02    0.3996512453E+00    0.2575641090E-03
        33    0.1576000000E+02    0.1478365568E+02    0.2303309697E+00   -0.1693315503E-01
        34    0.2613000000E+02    0.2833637655E+02    0.3518856423E+00    0.1248920842E-01
        35    0.1546000000E+02    0.1594830497E+02    0.3297661978E+00   -0.4722795504E-01
        36    0.2213000000E+02    0.2164953989E+02    0.2062945689E+00    0.2955155164E-01
