      rank       #data_overlap        size_overlap          feature_ID
         1                  19             0.10044   (      57     995)
         2                  19             0.10693   (     733    1897)
         3                  19             0.13161   (     737    1897)
         4                  19             0.14051   (      90    1057)
         5                  19             0.19217   (     826    1897)
         6                  19             0.70990   (     828     951)
         7                  19             0.70990   (     828     974)
         8                  20             0.06369   (       1    1969)
         9                  20             0.06538   (      51    1969)
        10                  20             0.06708   (      30    1969)
        11                  20             0.07217   (       1    1958)
        12                  20             0.07561   (       7    1958)
        13                  20             0.07598   (       2    1958)
        14                  20             0.08755   (       1    1014)
        15                  20             0.08801   (       3    1014)
        16                  20             0.08941   (       1    1016)
        17                  20             0.08952   (      30    1085)
        18                  20             0.08972   (      13    1196)
        19                  20             0.09054   (      29    1773)
        20                  20             0.09106   (       1    1215)
        21                  20             0.09123   (      55    1085)
        22                  20             0.09143   (      29    1196)
        23                  20             0.09222   (       3    1080)
        24                  20             0.09287   (       3    1010)
        25                  20             0.09351   (       3    1011)
        26                  20             0.09456   (       3    1191)
        27                  20             0.10008   (      55    1773)
        28                  20             0.10167   (      57     735)
        29                  20             0.10241   (     733     738)
        30                  20             0.10241   (     733    1404)
        31                  20             0.10241   (     733    1445)
        32                  20             0.10300   (     733    1093)
        33                  20             0.10551   (     733    1015)
        34                  20             0.10602   (     466     733)
        35                  20             0.10602   (     733    1048)
        36                  20             0.10602   (     733    1004)
        37                  20             0.10602   (     733    1001)
        38                  20             0.11125   (     181     822)
        39                  20             0.11901   (     822    1463)
        40                  20             0.11901   (     822    1484)
        41                  20             0.12968   (      90    1196)
        42                  20             0.13010   (      62    1773)
        43                  20             0.13131   (      46    1969)
        44                  20             0.13370   (     338    1053)
        45                  20             0.13623   (     106     822)
        46                  20             0.13787   (      62    1128)
        47                  20             0.13790   (      48    1457)
        48                  20             0.13790   (      48    1464)
        49                  20             0.14051   (      90    1093)
        50                  20             0.14321   (     822    1394)
        51                  20             0.14321   (     822    1433)
        52                  20             0.14321   (     822    1444)
        53                  20             0.14377   (     822    1106)
        54                  20             0.14377   (     822    1035)
        55                  20             0.16757   (     995    1209)
        56                  20             0.70990   (     828     888)
        57                  20             0.70990   (     828     924)
        58                  21             0.06708   (      50    1969)
        59                  21             0.09016   (       3    1002)
        60                  21             0.09054   (      49    1773)
        61                  21             0.09054   (      52    1773)
        62                  21             0.09164   (      85    1085)
        63                  21             0.09171   (      29    1253)
        64                  21             0.09171   (      13    1253)
        65                  21             0.09289   (       1    1094)
        66                  21             0.09446   (      52    1196)
        67                  21             0.09547   (      49    1128)
        68                  21             0.09547   (      52    1128)
        69                  21             0.10008   (      86    1773)
        70                  21             0.10234   (      54     995)
        71                  21             0.10257   (     737    1394)
        72                  21             0.10398   (      54     466)
        73                  21             0.10535   (      86    1128)
        74                  21             0.10672   (      54    1001)
        75                  21             0.12042   (     172    1444)
        76                  21             0.12042   (     172    1106)
        77                  21             0.12042   (     172    1394)
        78                  21             0.13092   (     737    1445)
        79                  21             0.13131   (      65    1969)
        80                  21             0.13131   (      64    1969)
        81                  21             0.13131   (      66    1969)
        82                  21             0.13131   (      63    1969)
        83                  21             0.13131   (      69    1969)
        84                  21             0.13131   (      67    1969)
        85                  21             0.13444   (     172     995)
        86                  21             0.13755   (     165    1196)
        87                  21             0.13782   (    1000    1578)
        88                  21             0.13868   (      90    1315)
        89                  21             0.13870   (      90    1457)
        90                  21             0.13870   (      90    1464)
        91                  21             0.14051   (      90    1429)
        92                  21             0.14051   (      90    1436)
        93                  21             0.14051   (      90    1469)
        94                  21             0.14051   (      90    1335)
        95                  21             0.14051   (      90     738)
        96                  21             0.14051   (      90    1345)
        97                  21             0.14051   (      90    1479)
        98                  21             0.14051   (      90    1388)
        99                  21             0.14613   (     825    1433)
       100                  21             0.14613   (     819    1444)
