      rank       #data_overlap        size_overlap          feature_ID
         1                  15             0.23873   (       8    1115)
         2                  16             0.21455   (       1    1115)
         3                  17             0.23349   (      40    1115)
         4                  18             0.20180   (      62    1897)
         5                  18             0.47863   (     631    1115)
         6                  19             0.10473   (      62    1891)
         7                  19             0.11245   (      16    1897)
         8                  19             0.19466   (      48    1897)
         9                  19             0.19627   (       4    1897)
        10                  19             0.26996   (      62    1215)
        11                  19             0.31973   (      62    1436)
        12                  20             0.04080   (      16    1003)
        13                  20             0.06197   (       4    1003)
        14                  20             0.07581   (       3    1116)
        15                  20             0.07943   (      36     259)
        16                  20             0.09347   (      62    1051)
        17                  20             0.11324   (      24    1116)
        18                  20             0.12038   (      62    1116)
        19                  20             0.15713   (     105    1051)
        20                  20             0.16263   (      48    1353)
        21                  20             0.16263   (      48    1354)
        22                  20             0.16263   (      48    1982)
        23                  20             0.17861   (      24    1897)
        24                  20             0.19373   (      61    1897)
        25                  20             0.19627   (      56    1897)
        26                  20             0.19627   (      57    1897)
        27                  20             0.19627   (      55    1897)
        28                  20             0.19627   (      53    1897)
        29                  20             0.19627   (      60    1897)
        30                  20             0.19627   (      27    1897)
        31                  20             0.19627   (      50    1897)
        32                  20             0.19627   (      49    1897)
        33                  20             0.19627   (      52    1897)
        34                  20             0.19627   (      58    1897)
        35                  20             0.19627   (      54    1897)
        36                  20             0.19778   (     104    1897)
        37                  20             0.19804   (      51    1897)
        38                  20             0.21141   (       3    1100)
        39                  20             0.21221   (      62    1225)
        40                  20             0.22076   (       3    1533)
        41                  20             0.22305   (      34    1115)
        42                  20             0.22332   (       5    1115)
        43                  20             0.22332   (       6    1115)
        44                  20             0.22332   (      19    1115)
        45                  20             0.24429   (       1    1390)
        46                  20             0.24920   (      62     259)
        47                  20             0.25371   (      62    1115)
        48                  20             0.27708   (     105    1115)
        49                  20             0.30549   (     604    1336)
        50                  20             0.32044   (      62    1222)
        51                  20             0.32457   (     105    1390)
        52                  20             0.43791   (     587    1460)
        53                  20             0.46157   (     587    1494)
        54                  20             0.51842   (     646    1115)
        55                  21             0.05808   (      62    1003)
        56                  21             0.06160   (      61    1003)
        57                  21             0.06197   (      48    1003)
        58                  21             0.06197   (     104    1003)
        59                  21             0.06197   (      56    1003)
        60                  21             0.06197   (      50    1003)
        61                  21             0.06197   (      52    1003)
        62                  21             0.06197   (      27    1003)
        63                  21             0.06197   (      51    1003)
        64                  21             0.06197   (      53    1003)
        65                  21             0.06197   (      55    1003)
        66                  21             0.06197   (      49    1003)
        67                  21             0.06197   (      58    1003)
        68                  21             0.06197   (      59    1003)
        69                  21             0.06197   (      60    1003)
        70                  21             0.09354   (      62    1041)
        71                  21             0.09498   (      48    1891)
        72                  21             0.09696   (      24    1891)
        73                  21             0.11282   (       4    1116)
        74                  21             0.11283   (      48    1116)
        75                  21             0.16680   (      23    1121)
        76                  21             0.16852   (       4    1353)
        77                  21             0.16852   (       4    1354)
        78                  21             0.17674   (      62    1467)
        79                  21             0.18996   (      23    1332)
        80                  21             0.19627   (      59    1897)
        81                  21             0.19627   (     103    1897)
        82                  21             0.19855   (     102    1897)
        83                  21             0.20889   (     294    1897)
        84                  21             0.21478   (       8    1399)
        85                  21             0.21478   (       1    1399)
        86                  21             0.21661   (      48    1115)
        87                  21             0.23407   (      62    1022)
        88                  21             0.23440   (      85    1555)
        89                  21             0.24002   (      23    1352)
        90                  21             0.24429   (       1     553)
        91                  21             0.24429   (       8    1393)
        92                  21             0.24860   (      83    1115)
        93                  21             0.26535   (      62    1545)
        94                  21             0.27348   (      62    1139)
        95                  21             0.27348   (      62    1431)
        96                  21             0.27348   (      62    1456)
        97                  21             0.27987   (      62    1009)
        98                  21             0.28102   (      62    1243)
        99                  21             0.30797   (      62    1148)
       100                  21             0.32256   (      62    1149)
