        Rank        RMSE       MaxAE  Feature_ID
           1    9.367417   30.051215  (    5660   11878)
           2    9.458458   19.897641  (    7777   14828)
           3    9.461331   28.851135  (     863   11878)
           4    9.472271   27.205438  (    2948   18778)
           5    9.480043   19.411457  (    6009   14828)
           6    9.490771   30.413327  (    3428   10931)
           7    9.526835   30.594174  (    2486   10931)
           8    9.533696   30.438085  (     206   11878)
           9    9.549901   30.041504  (    3428   11344)
          10    9.561870   30.914051  (    7849   10931)
          11    9.567436   27.139254  (    8940   11878)
          12    9.568499   29.712774  (    4291   18778)
          13    9.569269   29.652402  (    7347   16669)
          14    9.574341   29.998973  (    8162   10931)
          15    9.584621   29.828571  (    3029   10931)
          16    9.594386   27.765180  (      65   11878)
          17    9.602528   27.889835  (       4   10688)
          18    9.610431   22.663046  (      46   10011)
          19    9.610536   30.711276  (    9163   10931)
          20    9.615215   24.578940  (     726   16753)
          21    9.630271   27.409606  (    1510   15846)
          22    9.631735   28.353650  (    5660   13840)
          23    9.634378   24.057600  (     503   13677)
          24    9.635771   24.164886  (     618   16753)
          25    9.638157   29.464932  (    3029   11344)
          26    9.638941   28.473187  (    5660   14883)
          27    9.643052   28.240307  (    5660   15338)
          28    9.653278   30.340473  (    9163   11344)
          29    9.660461   23.924852  (    6312   10095)
          30    9.663586   30.050314  (    5668   18778)
          31    9.665337   28.713203  (     149   11878)
          32    9.666782   31.472698  (    8636   10931)
          33    9.667721   27.312613  (    1510   16901)
          34    9.673801   28.108726  (       4   10256)
          35    9.676187   24.411572  (     854   16753)
          36    9.676518   31.716220  (    5846   11878)
          37    9.680010   30.231076  (    6674   18778)
          38    9.682001   29.987379  (    3216   10931)
          39    9.691012   28.815041  (     276   15338)
          40    9.692076   30.279938  (    8113   10931)
          41    9.693918   29.926937  (       4   14041)
          42    9.694766   31.256726  (    8725   11878)
          43    9.696367   28.630989  (    5660   15210)
          44    9.706224   31.211898  (    3999   11344)
          45    9.711527   23.940454  (    7055   10095)
          46    9.713630   30.624716  (    7957   10931)
          47    9.717853   28.929572  (     276   13840)
          48    9.719708   26.063939  (    2268   12729)
          49    9.721771   23.267252  (    1510   11878)
          50    9.724247   30.477260  (    7849   11344)
          51    9.727037   25.541742  (    8940   13840)
          52    9.727534   23.370566  (    6232   10016)
          53    9.728412   29.383882  (    9665   10931)
          54    9.728603   28.371036  (    5660   16513)
          55    9.729737   28.360084  (    5660   16490)
          56    9.731144   28.349427  (    5660   16478)
          57    9.733385   25.669761  (    8940   14883)
          58    9.736144   27.063324  (    1510   18884)
          59    9.740809   24.998778  (     767   10095)
          60    9.741810   24.553851  (    1003   16753)
          61    9.749786   23.692747  (    2375   10011)
          62    9.750351   28.885271  (    3002   11878)
          63    9.754497   18.544636  (    7428   14828)
          64    9.756569   29.035611  (     276   14883)
          65    9.760969   28.557008  (       4   11234)
          66    9.762619   30.082029  (       4   15448)
          67    9.766921   29.744617  (     656   11878)
          68    9.767019   19.433241  (    2375   10004)
          69    9.768522   27.186835  (     149   15338)
          70    9.770677   28.811502  (    5342   11878)
          71    9.772443   28.030671  (       4   10625)
          72    9.772717   28.328559  (       4   10453)
          73    9.774343   30.183448  (    5116   11878)
          74    9.776891   28.541750  (       4   10461)
          75    9.777071   26.966255  (    1510   18683)
          76    9.777307   25.864253  (     267   11878)
          77    9.778000   24.515036  (    1113   16753)
          78    9.780068   25.348627  (    3455   10095)
          79    9.780239   28.932727  (     276   16478)
          80    9.780281   29.651088  (       5   14041)
          81    9.783118   28.942234  (     276   16490)
          82    9.783560   22.974690  (     291   10511)
          83    9.785768   32.820468  (    5846   13840)
          84    9.786228   28.952032  (     276   16513)
          85    9.786416   28.552872  (       4   10423)
          86    9.787390   28.543900  (       4   10524)
          87    9.788091   22.904658  (    5012   18317)
          88    9.792221   28.540370  (       4   10642)
          89    9.793683   32.643660  (    5846   15338)
          90    9.794247   27.095898  (    1510   19696)
          91    9.794930   22.864965  (    5027   18317)
          92    9.794980   29.105059  (    1879   11344)
          93    9.795076   29.196193  (    6693   10931)
          94    9.795765   25.037472  (    2806   10095)
          95    9.797320   24.477732  (    1510   13840)
          96    9.798125   28.546441  (       4   10594)
          97    9.799444   29.211019  (    6178   10931)
          98    9.799683   20.807486  (    9024   10095)
          99    9.800042   28.998144  (    3416   11344)
         100    9.800279   24.557023  (    1301   16753)
