Model_ID, [(c_i,i=0,n)_j,j=1,ntask]
           1    0.1925032768E+02   -0.1782554556E+02   -0.6663954741E+02
           2    0.2873929079E+02   -0.2868790438E+02   -0.1494638400E+03
           3    0.2720422514E+02   -0.2764570459E+02    0.1014171425E+03
           4    0.1941690887E+02   -0.1736060879E+02    0.6387856674E+02
           5    0.2053996518E+02   -0.1594966025E+02    0.5924628882E+02
           6    0.2892183129E+02   -0.2719444692E+02   -0.6974661934E+02
           7    0.2050076084E+02   -0.1579472649E+02    0.4603182152E+02
           8    0.2091428568E+02   -0.1606566795E+02   -0.6961095130E+02
           9    0.3004472215E+02   -0.2893325395E+02   -0.1410083055E+03
          10    0.7083444460E+01   -0.1805269208E+02   -0.1057078875E+03
          11    0.2916414564E+02   -0.2776248835E+02    0.1301867804E+03
          12    0.2070435497E+02   -0.1555074673E+02   -0.1078449664E+03
          13    0.2071828748E+02   -0.1555079966E+02    0.1076080212E+03
          14    0.3113160668E+02   -0.3153565002E+02   -0.1035073263E+03
          15    0.6417608830E+01   -0.2567455362E+02    0.1046715191E+03
          16    0.2027314536E+02   -0.1571765209E+02    0.4052956625E+02
          17    0.4345984162E+01   -0.2052548694E+02   -0.1053830575E+03
          18    0.2919341667E+02   -0.2772170540E+02    0.1133039992E+03
          19    0.2700168725E+02   -0.2736635109E+02    0.1006449321E+03
          20    0.1946491472E+02    0.1845565403E+02   -0.4417341138E+02
          21    0.6411392543E+01   -0.2577831169E+02    0.1043812255E+03
          22    0.2917040177E+02   -0.2770692539E+02   -0.1134975834E+03
          23    0.4742552318E+01    0.1942895959E+02   -0.1759671568E+03
          24    0.3875470434E+01   -0.1023844783E+02   -0.1017018957E+03
          25    0.2682114043E+02   -0.2732262353E+02   -0.5608616230E+02
          26    0.2694594701E+02    0.2928979639E+02   -0.1309271985E+03
          27    0.4174788804E+01   -0.2054719664E+02   -0.1032369186E+03
          28    0.2120766585E+02    0.1252947709E+02    0.6351341781E+02
          29    0.1856691131E+02   -0.1805723714E+02   -0.9186031777E+02
          30    0.1871687778E+02   -0.1783176377E+02    0.4200401060E+02
          31    0.1897917386E+02    0.1853137634E+02   -0.1120231889E+03
          32    0.1859895063E+02   -0.1810026602E+02   -0.9163930044E+02
          33    0.3016194541E+02   -0.2988451458E+02   -0.1248083372E+03
          34    0.1777854686E+02    0.1746522034E+02   -0.4468724288E+02
          35    0.1853218896E+02    0.1806922295E+02   -0.9090277241E+02
          36    0.2096780936E+02   -0.1617298094E+02   -0.5987771706E+02
          37    0.2779438889E+02   -0.2731736482E+02    0.1350545216E+03
          38    0.2054120470E+02   -0.1542934313E+02    0.1084736721E+03
          39    0.1896807787E+02   -0.1679339634E+02    0.6717559804E+02
          40    0.1862972171E+02   -0.1813637525E+02   -0.9140255041E+02
          41    0.2587139499E+02    0.2278886355E+02    0.1086833922E+03
          42    0.2056990595E+02   -0.1588083772E+02    0.4116608445E+02
          43    0.1985681089E+02   -0.1555213860E+02    0.6478157893E+02
          44    0.2039127359E+02   -0.1539024463E+02    0.6028509565E+02
          45    0.2683093907E+02    0.2051149240E+02   -0.1114703263E+03
          46    0.2684550344E+02    0.2051178033E+02    0.1112298001E+03
          47    0.1474797862E+02   -0.1749548096E+02    0.5579672500E+02
          48    0.2899443541E+02    0.2734501080E+02    0.1151637838E+03
          49    0.2063973768E+02   -0.1532080461E+02    0.1106823886E+03
          50    0.1869704467E+02   -0.1796044150E+02   -0.1121695786E+03
          51    0.1818257309E+02   -0.1469681772E+02    0.1008645531E+03
          52    0.4690763593E+01    0.1940632940E+02   -0.1769816823E+03
          53    0.2191610125E+02   -0.2173785901E+02    0.1351512506E+03
          54    0.2013440704E+02   -0.1586693642E+02   -0.8785252532E+02
          55    0.6361002181E+01    0.2588599533E+02    0.1046099283E+03
          56    0.6667020378E+01    0.2538988494E+02    0.1040292357E+03
          57    0.5316944158E+01   -0.1914056473E+02   -0.9924786563E+02
          58    0.4656207077E+01   -0.1948667783E+02   -0.1756565091E+03
          59    0.1867712194E+02    0.1782770487E+02    0.4144296293E+02
          60    0.1886669810E+02   -0.1776662554E+02    0.4311073649E+02
          61    0.2693870932E+02   -0.2702688119E+02   -0.9984146777E+02
          62    0.1874324753E+02   -0.1785228766E+02    0.4174645053E+02
          63    0.1864445583E+02   -0.1808896347E+02   -0.9214522881E+02
          64    0.2863902419E+02   -0.2679579650E+02    0.5062774775E+02
          65    0.2695136842E+02   -0.2702646891E+02    0.9961308825E+02
          66    0.1866016625E+02    0.1796859962E+02   -0.1109134686E+03
          67    0.2191408053E+02   -0.2259382380E+02    0.7482354189E+02
          68    0.2696381130E+02   -0.2714219823E+02   -0.5863527119E+02
          69    0.7317745297E+01    0.2638807028E+02   -0.9755131463E+02
          70    0.2164791542E+02   -0.1191514165E+02    0.5419317766E+02
          71    0.2081052150E+02   -0.1590655336E+02    0.8474504984E+02
          72    0.1861431880E+02    0.1935926672E+02   -0.6526080091E+02
          73    0.2441263009E+02   -0.2691965085E+02   -0.9806256161E+02
          74    0.4258584790E+01    0.2025584965E+02   -0.1035799633E+03
          75    0.1903865050E+02   -0.1814963824E+02    0.7424753297E+02
          76    0.3037803680E+02   -0.3033647803E+02   -0.1249167242E+03
          77    0.2160326458E+02   -0.2131111964E+02    0.6510818924E+02
          78    0.1928394514E+02   -0.1651024667E+02    0.5407448478E+02
          79    0.1892549778E+02   -0.1784568747E+02    0.4709417826E+02
          80    0.1971119759E+02   -0.1750470753E+02   -0.1101953079E+03
          81    0.1872552399E+02   -0.1798886887E+02   -0.1116291822E+03
          82    0.1865567615E+02    0.1808047509E+02   -0.9227066270E+02
          83    0.1972503732E+02   -0.1750360080E+02    0.1099312991E+03
          84    0.6832385704E+01   -0.2517866117E+02    0.1038031131E+03
          85    0.2072046872E+02   -0.1578697963E+02   -0.6080706744E+02
          86    0.6540021177E+01   -0.2560567925E+02    0.1044098106E+03
          87    0.2988048591E+02   -0.2850520476E+02    0.9733493535E+02
          88    0.1851186742E+02   -0.1705090943E+02    0.7809645997E+02
          89    0.6561782370E+01   -0.2560421785E+02    0.1049845325E+03
          90    0.2030019490E+02   -0.1537658762E+02   -0.6037898939E+02
          91    0.1915114190E+02   -0.1783206588E+02   -0.1227981253E+03
          92    0.5424632088E+01    0.9564247777E+01   -0.1011058810E+03
          93    0.2574857115E+02    0.2272472669E+02    0.6120011841E+02
          94    0.1836989916E+02   -0.1842631310E+02   -0.5475031238E+02
          95    0.1821462367E+02    0.1954779598E+02    0.7688726945E+02
          96    0.1894343417E+02   -0.1799958674E+02    0.6035751270E+02
          97    0.4530257415E+01    0.9659667693E+01   -0.1753393250E+03
          98    0.2565056834E+02   -0.2251016488E+02    0.1103973623E+03
          99    0.1959574785E+02   -0.1744943446E+02   -0.1088213815E+03
         100    0.6991791273E+01    0.2493224982E+02    0.1034603904E+03
