     Index              y_true              y_pred        descriptor_1
         1    0.2600000000E+01    0.3920781845E+01    0.0000000000E+00
         2    0.4090000000E+02    0.2806534254E+02    0.2450012989E+00
         3    0.1560000000E+01    0.3920781845E+01    0.0000000000E+00
         4    0.4660000000E+01    0.7219301280E+01    0.3347095672E-01
         5    0.1316000000E+02    0.7176652581E+01    0.3303818900E-01
         6    0.3140000000E+01    0.4435543388E+01    0.5223422715E-02
         7    0.2309000000E+02    0.1514419567E+02    0.1138869744E+00
         8    0.6070000000E+01    0.3920781845E+01    0.0000000000E+00
         9    0.1337000000E+02    0.1343166992E+02    0.9650951873E-01
        10    0.2141000000E+02    0.1711549799E+02    0.1338903049E+00
        11    0.1012000000E+02    0.2155524523E+02    0.1789416047E+00
        12    0.1470000000E+02    0.2026683370E+02    0.1658677491E+00
        13    0.4660000000E+01    0.7086732479E+01    0.3212574573E-01
        14    0.7530000000E+01    0.1081205376E+02    0.6992757470E-01
        15    0.5980000000E+01    0.4902893924E+01    0.9965753287E-02
        16    0.6970000000E+01    0.4781060128E+01    0.8729473253E-02
        17    0.4390000000E+01    0.3813490358E+01   -0.1088715335E-02
        18    0.7350000000E+01    0.3561428891E+01   -0.3646450290E-02
        19    0.4810000000E+01    0.9575874002E+01    0.5738372885E-01
        20    0.1002000000E+02    0.1888660751E+02    0.1518622258E+00
        21    0.2977000000E+02    0.3780045041E+02    0.3437860357E+00
        22    0.3366000000E+02    0.2358113796E+02    0.1994988787E+00
        23    0.2492000000E+02    0.2608850155E+02    0.2249417660E+00
        24    0.2218000000E+02    0.2514495969E+02    0.2153673950E+00
        25    0.1262000000E+02    0.1972549695E+02    0.1603746607E+00
        26    0.5650000000E+01    0.4237945639E+01    0.3218345635E-02
        27    0.2455000000E+02    0.2002612646E+02    0.1634252286E+00
        28    0.1040000000E+01    0.3920781845E+01    0.0000000000E+00
        29    0.7980000000E+01    0.8162376007E+01    0.4304058758E-01
        30    0.4200000000E+00    0.3920781845E+01    0.0000000000E+00
        31    0.3850000000E+02    0.3686967272E+02    0.3343411862E+00
        32    0.2347000000E+02    0.2284228533E+02    0.1920015439E+00
        33    0.1576000000E+02    0.1388948387E+02    0.1011550790E+00
        34    0.2613000000E+02    0.2147921528E+02    0.1781701085E+00
        35    0.1546000000E+02    0.1684752954E+02    0.1311711576E+00
        36    0.2213000000E+02    0.1660048601E+02    0.1286643410E+00
