Model_ID, [(c_i,i=0,n)_j,j=1,ntask]
           1    0.2022442352E+01   -0.6328741664E+02
           2   -0.1188959230E+01   -0.5481847612E+02
           3   -0.1089857747E+01    0.5532312693E+02
           4   -0.4781049840E+00   -0.5242159912E+02
           5   -0.4561815282E+00    0.5237112168E+02
           6   -0.7520087411E+00    0.5293609502E+02
           7   -0.2931165985E+00   -0.5152473775E+02
           8   -0.9380981187E+00   -0.5507112208E+02
           9   -0.9033156066E+00   -0.5300766095E+02
          10   -0.1976435105E+00    0.5195840863E+02
          11   -0.1766521854E+00    0.5191061861E+02
          12   -0.8550953804E+00   -0.5295326970E+02
          13   -0.4586354656E+00    0.5243453759E+02
          14   -0.2288528197E+00    0.5080091244E+02
          15   -0.7832841883E+00    0.5339775320E+02
          16   -0.7478337853E+00   -0.5267561481E+02
          17   -0.1641751637E+01    0.5415151681E+02
          18    0.3213607912E+01    0.5257162497E+02
          19   -0.3757264894E-01   -0.5168658543E+02
          20   -0.8692754892E+00   -0.5283980809E+02
          21   -0.8793497926E+00    0.5287057399E+02
          22   -0.8766521152E+00   -0.5283842743E+02
          23   -0.8835199307E+00   -0.5283516700E+02
          24   -0.7029662596E+00   -0.5254905419E+02
          25    0.6254615252E+00   -0.4967372789E+02
          26   -0.1005125140E+01   -0.5312568356E+02
          27   -0.7293321463E+00   -0.5247916089E+02
          28   -0.8484440990E+00   -0.5257394316E+02
          29   -0.7093640525E+00    0.5212443360E+02
          30   -0.6994852428E+00   -0.5228488611E+02
          31    0.4785435264E+00   -0.5000310471E+02
          32   -0.8880478720E+00   -0.5318423504E+02
          33   -0.1447193030E+01   -0.5322473793E+02
          34   -0.4013580909E+00   -0.5032963485E+02
          35   -0.7051782812E+00   -0.5200591550E+02
          36   -0.5550714177E+00    0.5243043563E+02
          37   -0.7581087767E+00   -0.5466272011E+02
          38   -0.7451601572E+00    0.5271601913E+02
          39   -0.7028086040E+00   -0.5196781603E+02
          40   -0.8116602312E+00   -0.5229939839E+02
          41   -0.5887241432E+00   -0.5230082724E+02
          42   -0.8090946186E+00   -0.5228162751E+02
          43   -0.8814435076E+00   -0.5324352489E+02
          44   -0.8021985463E+00    0.5223449278E+02
          45    0.5209276054E-01    0.4976654841E+02
          46    0.1711538712E+01   -0.4671053859E+02
          47   -0.8739030013E+00    0.5327697163E+02
          48   -0.5101003403E+00   -0.5190677957E+02
          49   -0.1142830977E+01   -0.5338665710E+02
          50   -0.6501431835E+00   -0.5236336985E+02
          51   -0.7681175991E+00    0.5201232121E+02
          52   -0.6797480974E+00   -0.5171778595E+02
          53   -0.6409604328E+00    0.5236232248E+02
          54    0.3395103084E+00   -0.5022397546E+02
          55    0.1022272360E+01   -0.5067560819E+02
          56   -0.1586620977E+00    0.5009766308E+02
          57   -0.1875561795E+00    0.5015497874E+02
          58   -0.1980441452E+00   -0.5017516209E+02
          59    0.9105664351E-01   -0.4965959026E+02
          60    0.2218445283E+00   -0.5032892902E+02
          61   -0.8146044888E-01    0.4993425919E+02
          62   -0.9737619451E+00   -0.5284254317E+02
          63   -0.6681332979E+00    0.5161891688E+02
          64   -0.5417854480E-01    0.4989051479E+02
          65    0.3834945973E+00   -0.5005901070E+02
          66    0.6395756440E-01    0.4960156540E+02
          67   -0.6112945748E-01   -0.4988915763E+02
          68   -0.2507325902E+00    0.5027060237E+02
          69   -0.6433272682E+00   -0.5252974993E+02
          70   -0.2550798176E+00    0.5027796761E+02
          71   -0.6765029148E-01    0.4988620961E+02
          72   -0.3497023569E+00   -0.5108304712E+02
          73   -0.2603011450E+00   -0.5028669634E+02
          74   -0.8566229598E+00   -0.5331328003E+02
          75   -0.3946229470E-01    0.4984028032E+02
          76   -0.1375909315E-01    0.4978129516E+02
          77   -0.7116351594E-02   -0.4976588441E+02
          78   -0.9594096051E+00   -0.5248571207E+02
          79   -0.4520462439E+00    0.5216433977E+02
          80   -0.9446963257E+00   -0.5277581569E+02
          81    0.1904934740E+00    0.4945658751E+02
          82   -0.1699642132E+00    0.5011472603E+02
          83    0.2314515959E+00   -0.4917816901E+02
          84    0.5913471695E-01    0.4978792798E+02
          85   -0.7484880621E+00   -0.5097434783E+02
          86    0.2506645683E+00    0.4913640971E+02
          87   -0.8399359421E+00    0.5332532014E+02
          88   -0.3339254407E+00   -0.5039257426E+02
          89   -0.3373453881E+00   -0.5039649157E+02
          90   -0.7256711153E+00   -0.5092213163E+02
          91   -0.4729541654E+00   -0.5166416946E+02
          92    0.9232219959E-01    0.4952803218E+02
          93   -0.9186879957E+00   -0.5244039439E+02
          94   -0.1038359329E+01    0.5153569738E+02
          95   -0.8744660655E+00   -0.5263691372E+02
          96   -0.3595960520E+00   -0.5041892047E+02
          97   -0.2833064338E+00   -0.5128274674E+02
          98    0.1386905323E+00    0.4941313814E+02
          99   -0.4088473712E+00    0.5204221923E+02
         100   -0.5671261313E+00    0.5230938496E+02
