The coordinates (x,y) of 2D-vertices arranged in clockwise direction
Task :    1
Hull    1
   -0.1766883000E+00   -0.1837561239E+00
   -0.1697260000E+00   -0.7794658872E-01
   -0.1187010000E-02    0.2570711349E+00
    0.2170000000E-01    0.0000000000E+00
    0.1920408000E-01   -0.4563115000E-01
   -0.2636486000E-01   -0.1580746032E+00
   -0.4042136000E-01   -0.1799777834E+00
   -0.1753718800E+00   -0.3429015619E+00
Hull    2
   -0.3445092000E-01   -0.2019859519E+00
   -0.3108240000E-01   -0.1652055491E+00
   -0.1085035000E-01   -0.3344322450E-02
   -0.6807360000E-02    0.0000000000E+00
   -0.3844890000E-02    0.0000000000E+00
   -0.1310520000E-02    0.0000000000E+00
   -0.9790400000E-03    0.0000000000E+00
   -0.9790400000E-03    0.0000000000E+00
    0.1616220000E-02    0.0000000000E+00
    0.2061324300E+00   -0.1034561603E-01
    0.2277978200E+00   -0.4721969000E-01
    0.2232598500E+00   -0.7298091603E-01
   -0.1674204000E-01   -0.3658346012E+00
   -0.2908356000E-01   -0.2717044800E+00
