        Rank        RMSE       MaxAE  Feature_ID
           1   11.530890   24.506302  (       1)
           2   11.617246   27.605138  (       2)
           3   11.644911   23.733406  (       3)
           4   11.734830   26.389949  (       4)
           5   11.807149   24.201717  (       5)
           6   11.820591   25.984219  (       6)
           7   11.824916   26.670012  (       7)
           8   11.831458   25.923105  (       8)
           9   11.846445   27.678904  (       9)
          10   11.874087   33.518284  (      10)
          11   11.875872   27.403585  (      11)
          12   11.883172   25.954416  (      12)
          13   11.887162   26.060629  (      13)
          14   11.888032   25.253533  (      14)
          15   11.891793   28.023555  (      15)
          16   11.901285   26.362141  (      16)
          17   11.902482   26.160705  (      17)
          18   11.902660   23.767068  (      18)
          19   11.911765   24.727759  (      19)
          20   11.914657   23.983932  (      20)
          21   11.923209   26.062686  (      21)
          22   11.929120   27.688079  (      22)
          23   11.930116   26.313151  (      23)
          24   11.930879   26.265775  (      24)
          25   11.937304   26.870267  (      25)
          26   11.937926   27.051625  (      26)
          27   11.939907   26.849704  (      27)
          28   11.940916   27.374209  (      28)
          29   11.943319   28.553787  (      29)
          30   11.944784   26.054105  (      30)
          31   11.944796   28.118452  (      31)
          32   11.951603   32.228982  (      32)
          33   11.952477   22.068663  (      33)
          34   11.959394   32.241596  (      34)
          35   11.963880   26.165249  (      35)
          36   11.963986   26.206826  (      36)
          37   11.969100   26.170357  (      37)
          38   11.970556   26.356516  (      38)
          39   11.974435   27.692133  (      39)
          40   11.977231   27.355732  (      40)
          41   11.985610   27.468797  (      41)
          42   11.991830   30.912695  (      42)
          43   12.003254   26.328066  (      43)
          44   12.005611   27.588492  (      44)
          45   12.006577   27.552436  (      45)
          46   12.011684   27.641409  (      46)
          47   12.013117   26.421952  (      47)
          48   12.014998   27.421565  (      48)
          49   12.020936   28.693779  (      49)
          50   12.021215   30.426005  (      50)
          51   12.023147   31.215393  (      51)
          52   12.025372   31.529539  (      52)
          53   12.031004   25.617033  (      53)
          54   12.032523   30.757293  (      54)
          55   12.034588   27.329353  (      55)
          56   12.034843   31.618325  (      56)
          57   12.036712   27.693060  (      57)
          58   12.036833   27.483718  (      58)
          59   12.036890   26.142111  (      59)
          60   12.040114   27.480417  (      60)
          61   12.040223   26.063699  (      61)
          62   12.040922   27.279117  (      62)
          63   12.044833   30.232776  (      63)
          64   12.048783   24.877560  (      64)
          65   12.049890   23.925992  (      65)
          66   12.056731   24.371816  (      66)
          67   12.057295   25.119140  (      67)
          68   12.059836   25.279935  (      68)
          69   12.059932   31.765679  (      69)
          70   12.065334   31.331673  (      70)
          71   12.067986   23.951626  (      71)
          72   12.071896   27.769552  (      72)
          73   12.072016   27.606106  (      73)
          74   12.076143   25.201705  (      74)
          75   12.078803   33.114218  (      75)
          76   12.079190   30.364670  (      76)
          77   12.081354   31.414460  (      77)
          78   12.082565   28.890190  (      78)
          79   12.087342   31.484015  (      79)
          80   12.089978   24.461251  (      80)
          81   12.091243   24.478745  (      81)
          82   12.091813   27.487235  (      82)
          83   12.092896   23.261595  (      83)
          84   12.094694   26.247924  (      84)
          85   12.099168   29.041712  (      85)
          86   12.101134   31.160395  (      86)
          87   12.107763   25.774837  (      87)
          88   12.108385   31.567206  (      88)
          89   12.108881   24.392446  (      89)
          90   12.113050   27.506289  (      90)
          91   12.113891   25.347062  (      91)
          92   12.117385   26.840297  (      92)
          93   12.120893   36.394907  (      93)
          94   12.122494   31.829360  (      94)
          95   12.125856   27.326126  (      95)
          96   12.125878   27.172563  (      96)
          97   12.129646   24.533669  (      97)
          98   12.130956   28.382710  (      98)
          99   12.131156   39.570660  (      99)
         100   12.131334   28.325469  (     100)
