Model_ID, [(c_i,i=0,n)_j,j=1,ntask]
           1    0.6710854381E+02    0.4491395618E+02    0.2290656950E+03
           2    0.3455864065E+02    0.5073493385E+02   -0.2607646112E+03
           3    0.3411753362E+02    0.5171558968E+02    0.2580841729E+03
           4    0.5536042046E+02    0.3960514841E+02    0.2438998740E+03
           5    0.1930909471E+02   -0.3867472146E+02   -0.6356983837E+03
           6    0.6495685644E+02    0.4237923812E+02    0.1485271137E+03
           7    0.3242832150E+02    0.5181980882E+02   -0.5401374893E+03
           8    0.5562562678E+02    0.4071564818E+02    0.1754555457E+03
           9    0.6682752497E+02    0.4294905740E+02   -0.4968206965E+03
          10    0.5303328519E+02   -0.4882225648E+02    0.6383263604E+03
          11    0.5342133347E+02   -0.4984331649E+02   -0.6081646320E+03
          12    0.6685643515E+02    0.4414158871E+02    0.2588414509E+03
          13    0.6776301227E+02   -0.5161918731E+02    0.3062766506E+03
          14    0.3196398897E+02    0.5969978391E+02    0.1536612478E+03
          15    0.4876955033E+02   -0.4263906719E+02   -0.4911005023E+03
          16    0.5508331670E+02    0.4291486788E+02    0.1722555050E+03
          17    0.6768270319E+02   -0.5156581961E+02    0.3019196786E+03
          18    0.6055949737E+02   -0.2714366190E+02    0.1586071849E+03
          19    0.3428724165E+02    0.5153352113E+02   -0.2593605441E+03
          20    0.3432228932E+02    0.5029833556E+02   -0.2695488108E+03
          21    0.3329783741E+02    0.5053086861E+02   -0.5482633221E+03
          22    0.6765426500E+02   -0.5144331322E+02   -0.3099009559E+03
          23    0.8161573237E+02   -0.6129951547E+02    0.3930680283E+03
          24    0.6605634702E+02    0.4425657692E+02   -0.2350163009E+03
          25    0.3255509774E+02    0.5164226589E+02   -0.5367369160E+03
          26    0.3298727136E+02    0.5306474993E+02   -0.2382918636E+03
          27    0.5549201487E+02    0.4179562335E+02    0.2499561431E+03
          28    0.5025552336E+02   -0.1138027089E+03   -0.1703448887E+03
          29    0.6623517839E+02    0.4435370717E+02    0.2356395078E+03
          30    0.6696595952E+02    0.4334427090E+02    0.2361647990E+03
          31    0.3403207505E+02    0.4888764327E+02   -0.5696951060E+03
          32    0.6661901985E+02    0.4267720593E+02    0.4988881603E+03
          33    0.5472234672E+02    0.4222560099E+02    0.2370674348E+03
          34    0.6807420937E+02    0.4560012521E+02    0.2040052872E+03
          35    0.5207878547E+02   -0.5077538220E+02   -0.5083570046E+03
          36    0.5564799653E+02    0.3961731529E+02    0.2361604113E+03
          37    0.3474339919E+02    0.5066008185E+02   -0.2673226696E+03
          38    0.5659856075E+02   -0.3179270618E+02   -0.2159844390E+03
          39    0.6051376629E+02    0.4323306494E+02   -0.6745505459E+03
          40    0.5507437349E+02    0.4058399296E+02    0.3488763498E+03
          41    0.5144289804E+02    0.4088138329E+02   -0.1581360439E+03
          42    0.1494780011E+02    0.4042833445E+02    0.3634659379E+03
          43    0.8117421756E+02   -0.6015292397E+02    0.3957714807E+03
          44    0.2349656414E+02    0.3536945446E+02   -0.6170342763E+03
          45    0.6583126679E+02    0.4402987261E+02   -0.2289756837E+03
          46    0.3447976410E+02    0.5015173045E+02   -0.2707590466E+03
          47    0.7222491670E+02   -0.4516286444E+02    0.4137605170E+03
          48    0.5577725703E+02    0.3952130302E+02    0.2401765062E+03
          49    0.5318864138E+02    0.3165700989E+02    0.6288900275E+03
          50    0.6018566969E+02   -0.7891799028E+02    0.1531825488E+03
          51    0.3336425794E+02   -0.5802049899E+02   -0.6041477253E+03
          52    0.6154362637E+02   -0.4658495045E+02   -0.1879946190E+03
          53    0.5461499067E+02   -0.3740932846E+02    0.3677104992E+03
          54    0.7360737242E+02   -0.4884767813E+02    0.3792345542E+03
          55    0.6685633563E+02   -0.7195409097E+02    0.2411169787E+03
          56    0.5565703808E+02    0.3835185528E+02    0.2396586545E+03
          57    0.3095140705E+02    0.6004633066E+02    0.1629553458E+03
          58    0.6664038661E+02    0.4274068847E+02    0.1348381313E+03
          59    0.6313763324E+02   -0.7324720036E+02    0.2473527339E+03
          60    0.3002094561E+02   -0.4696238672E+02   -0.2362311602E+03
          61    0.6840940263E+02    0.4570182753E+02    0.2042985685E+03
          62    0.6839198354E+02    0.4539288684E+02    0.2047136184E+03
          63    0.3000681302E+02    0.6761196680E+02    0.1281027741E+04
          64    0.3340696226E+02    0.5034410787E+02   -0.5378158010E+03
          65    0.5846004534E+02   -0.6749461288E+02    0.1016878273E+03
          66    0.6643422491E+02    0.4402545048E+02    0.2359531197E+03
          67    0.6641113793E+02    0.4401506689E+02   -0.2357674699E+03
          68    0.4778416934E+02   -0.4242662946E+02    0.7213096851E+03
          69    0.6641007392E+02    0.4400782142E+02   -0.2357494274E+03
          70    0.6640898970E+02    0.4400055654E+02   -0.2357304431E+03
          71    0.6638492695E+02    0.4398917413E+02   -0.2354977523E+03
          72    0.6315942301E+02   -0.7324659796E+02    0.2492811753E+03
          73    0.5407143199E+02   -0.4694833230E+02   -0.6179683874E+03
          74    0.6835175315E+02    0.4571154133E+02   -0.1960167833E+03
          75    0.5482399355E+02   -0.3675107713E+02    0.2406048734E+03
          76    0.6833223809E+02    0.4541265728E+02   -0.1963233898E+03
          77    0.5004443128E+02   -0.1200667929E+03   -0.1610367829E+03
          78    0.6839227872E+02    0.4538651204E+02    0.2038695929E+03
          79    0.3157744003E+02   -0.6102291026E+02   -0.5802952350E+03
          80    0.3512684426E+02    0.5278895587E+02   -0.2927301849E+03
          81    0.6738456394E+02    0.4502581564E+02    0.1976698675E+03
          82    0.6868606991E+02    0.4559562548E+02    0.2054338906E+03
          83    0.3022750830E+02    0.5774059735E+02    0.2145111909E+03
          84    0.3415430695E+02    0.4873848956E+02   -0.5676173600E+03
          85    0.3164909189E+02   -0.5975870886E+02    0.6079417647E+03
          86    0.3351682709E+02   -0.5568527053E+02    0.7598461708E+03
          87    0.6825361949E+02    0.4530885653E+02    0.1176139947E+03
          88    0.6669649208E+02    0.4186167097E+02    0.4966121641E+03
          89    0.6760319220E+02    0.4543478602E+02    0.1947120068E+03
          90    0.6800182588E+02   -0.2282713719E+02    0.3898995830E+03
          91    0.6759006401E+02    0.4546566788E+02   -0.1874957173E+03
          92    0.6786371943E+02    0.4588185543E+02   -0.1842944841E+03
          93    0.5289415258E+02   -0.3498941403E+02    0.3544784053E+03
          94    0.5975293251E+02   -0.4135954079E+02    0.3470661375E+03
          95    0.6861712620E+02    0.4560998545E+02   -0.1970694854E+03
          96    0.5609747251E+02   -0.3136738099E+02   -0.1963987848E+03
          97    0.6831237655E+02    0.4502799876E+02    0.2033217403E+03
          98    0.3225592859E+02    0.5451253965E+02    0.2452289877E+03
          99    0.3752500405E+02    0.4396498558E+02    0.6059614940E+03
         100    0.5458660516E+02   -0.3828420264E+02    0.2406354681E+03
