The coordinates (x,y) of 2D-vertices arranged in clockwise direction
Task :    1
Hull    1
   -0.4461312000E-01    0.2063000000E+00
   -0.2412111000E-01    0.2746000000E+00
    0.3512999000E-01    0.3993000000E+00
    0.1358856800E+00    0.3695000000E+00
    0.2016908100E+00    0.2726000000E+00
    0.2177113500E+00    0.2354000000E+00
    0.2249797000E+00    0.1677000000E+00
    0.6196430000E-01   -0.4043000000E+00
Hull    2
   -0.9363065000E-01    0.1978000000E+00
   -0.1193353000E-01    0.1021500000E+01
    0.6119400000E-01    0.6199000000E+00
    0.6512220000E-01    0.3860000000E+00
    0.5659043000E-01    0.2834000000E+00
    0.3400799000E-01    0.1576000000E+00
    0.1947672000E-01    0.8880000000E-01
   -0.4444523000E-01    0.1338000000E+00
