        Rank        RMSE       MaxAE  Feature_ID
           1    3.337688    7.230689  (    4245   17046)
           2    3.414070    6.645671  (       2   10005)
           3    3.416374    6.804404  (       2   10002)
           4    3.417555    6.877412  (    4245   19465)
           5    3.437743    7.168706  (    9941   14791)
           6    3.437935    7.109560  (    4245   18597)
           7    3.440404    6.746527  (       2   10004)
           8    3.442458    6.907692  (    4245   13525)
           9    3.460521    8.532528  (      25   19078)
          10    3.467266    8.314615  (     488   12620)
          11    3.470188    7.560610  (     193   12620)
          12    3.472216    7.048951  (    4245   19507)
          13    3.473332    6.867962  (       2   10001)
          14    3.482259    6.990203  (    4245   14269)
          15    3.482562    7.886238  (      25   11832)
          16    3.483353    8.505643  (      25   17082)
          17    3.488312    8.420058  (      25   17767)
          18    3.489215    7.573781  (     354   12620)
          19    3.501772    7.812890  (     738   12620)
          20    3.503300    7.104598  (    4245   19772)
          21    3.510863    6.652687  (       1   10005)
          22    3.510940    6.894220  (    1828   17046)
          23    3.511202    7.035559  (    1828   14791)
          24    3.514991    9.102940  (      25   11937)
          25    3.516372    8.611984  (      25   18406)
          26    3.516680    7.954109  (      25   13218)
          27    3.517718    8.525908  (      25   15615)
          28    3.521467    6.898653  (    4245   12167)
          29    3.523360    8.529729  (      25   17642)
          30    3.528164    8.442005  (      25   18379)
          31    3.528704    8.822591  (       2   14479)
          32    3.530873    7.414845  (       2   10003)
          33    3.531098    8.180693  (      25   14571)
          34    3.533784    8.457339  (      25   14003)
          35    3.533805    6.854880  (    9258   14791)
          36    3.533998    6.986966  (    8937   13525)
          37    3.534565    6.850559  (       2   10006)
          38    3.537339    6.854505  (    1828   15845)
          39    3.538422    8.154791  (      25   13479)
          40    3.538427    7.803529  (    8937   10758)
          41    3.542452    7.809319  (       1   10001)
          42    3.542685    9.724306  (      25   11317)
          43    3.543290    6.985877  (    9452   14791)
          44    3.543890    6.574896  (       1   10004)
          45    3.545325   10.238876  (      25   10124)
          46    3.546361    6.520088  (       1   10002)
          47    3.547097    7.273047  (    4245   11502)
          48    3.548302    7.718077  (       2   10007)
          49    3.553435    8.031163  (      25   15617)
          50    3.554224    7.626780  (    4245   12098)
          51    3.556600    6.568083  (    1828   19465)
          52    3.556814    7.840386  (      25   13650)
          53    3.560180    7.614198  (      25   12620)
          54    3.560734    7.984942  (      25   13505)
          55    3.563275    7.127641  (    4245   15845)
          56    3.563822    8.264400  (      25   18505)
          57    3.563840    8.348689  (      25   14232)
          58    3.567422    7.663510  (     810   12620)
          59    3.572268    6.887959  (    8937   12167)
          60    3.573536    6.890621  (    8937   10483)
          61    3.574984    6.695030  (    1828   13525)
          62    3.577553    8.277997  (       1   10003)
          63    3.578494    7.050737  (       2   10008)
          64    3.579026    8.933189  (       2   15889)
          65    3.579044    7.903060  (     322   11832)
          66    3.579895    9.028901  (      25   19599)
          67    3.580144    8.445940  (      25   18852)
          68    3.580654    8.649358  (    1641   10758)
          69    3.582107    6.984119  (    8937   14269)
          70    3.583275    8.896266  (      25   11003)
          71    3.584192   10.716466  (     125   11122)
          72    3.585336    6.949991  (    9133   17046)
          73    3.585864    7.818686  (     322   15615)
          74    3.586353    8.975579  (      25   16237)
          75    3.588744    8.680187  (      25   17321)
          76    3.589104    6.795362  (    1828   18597)
          77    3.590387    6.861558  (    8937   19465)
          78    3.590800   10.281215  (      25   10329)
          79    3.591071    6.957551  (    8114   17046)
          80    3.591173    9.276323  (      25   17283)
          81    3.592878    9.647803  (      25   19725)
          82    3.596700   10.255435  (      25   14075)
          83    3.597714    9.774783  (       1   14479)
          84    3.598499    8.422332  (      25   17090)
          85    3.599066    7.828117  (     322   17082)
          86    3.599410    9.033589  (      25   17101)
          87    3.600678    9.641429  (     322   10124)
          88    3.600779    7.727281  (     322   17767)
          89    3.600839    8.440998  (     322   11937)
          90    3.601576    8.256395  (      25   15442)
          91    3.601913    7.875238  (      25   13996)
          92    3.602107   10.290093  (      25   19003)
          93    3.603592    8.671711  (      25   15164)
          94    3.603758    8.687513  (      25   14457)
          95    3.604361    8.657557  (      25   16246)
          96    3.605105   10.545467  (     125   12833)
          97    3.606158    8.645994  (      25   17490)
          98    3.607920    8.495905  (    1641   17912)
          99    3.610675    8.241145  (      25   12045)
         100    3.612488    9.041017  (      25   15182)
