        Rank        RMSE       MaxAE  Feature_ID
           1    4.581319   15.541633  (       1)
           2    4.593116   15.529398  (       2)
           3    4.626776   15.805092  (       3)
           4    4.627728   17.325335  (       4)
           5    4.649612   17.345453  (       5)
           6    4.664464   17.364148  (       6)
           7    4.668269   17.364319  (       7)
           8    4.670541   17.360137  (       8)
           9    4.674047   17.357543  (       9)
          10    4.674723   17.377810  (      10)
          11    4.676007   17.354908  (      11)
          12    4.676305   17.353006  (      12)
          13    4.679747   17.386578  (      13)
          14    4.694574   17.456118  (      14)
          15    4.695829   17.419192  (      15)
          16    4.729681   17.919527  (      16)
          17    4.737497   18.496466  (      17)
          18    4.738648   18.176309  (      18)
          19    4.739052   16.968291  (      19)
          20    4.741418   15.893599  (      20)
          21    4.741997   17.428613  (      21)
          22    4.742278   16.515275  (      22)
          23    4.750024   17.398188  (      23)
          24    4.751631   16.971112  (      24)
          25    4.754923   18.303063  (      25)
          26    4.756987   16.981764  (      26)
          27    4.757265   15.105500  (      27)
          28    4.758948   16.976217  (      28)
          29    4.762018   17.469020  (      29)
          30    4.762175   16.972406  (      30)
          31    4.763686   16.967298  (      31)
          32    4.763769   16.964236  (      32)
          33    4.764106   16.998716  (      33)
          34    4.769475   17.009256  (      34)
          35    4.781152   17.777256  (      35)
          36    4.784628   17.033135  (      36)
          37    4.786918   17.089889  (      37)
          38    4.792712   16.357138  (      38)
          39    4.794180   17.247017  (      39)
          40    4.797025   17.831058  (      40)
          41    4.801448   16.365211  (      41)
          42    4.803684   15.822038  (      42)
          43    4.805949   16.069101  (      43)
          44    4.812305   16.455827  (      44)
          45    4.812461   17.672538  (      45)
          46    4.817011   17.841753  (      46)
          47    4.820028   17.545418  (      47)
          48    4.821080   15.598450  (      48)
          49    4.821360   18.267833  (      49)
          50    4.828114   16.300255  (      50)
          51    4.829365   17.543385  (      51)
          52    4.831778   15.123538  (      52)
          53    4.832626   17.058800  (      53)
          54    4.832676   17.518689  (      54)
          55    4.832697   17.437988  (      55)
          56    4.833331   15.363394  (      56)
          57    4.835131   17.600539  (      57)
          58    4.835214   19.642287  (      58)
          59    4.836823   18.287389  (      59)
          60    4.837222   17.008949  (      60)
          61    4.838619   15.955576  (      61)
          62    4.841077   17.319398  (      62)
          63    4.842274   17.025401  (      63)
          64    4.845126   15.905751  (      64)
          65    4.847882   19.254413  (      65)
          66    4.848388   17.474097  (      66)
          67    4.851061   18.421519  (      67)
          68    4.851566   17.613882  (      68)
          69    4.851592   15.604638  (      69)
          70    4.852425   17.568933  (      70)
          71    4.853782   17.104429  (      71)
          72    4.854384   19.217784  (      72)
          73    4.855399   17.565937  (      73)
          74    4.855713   17.673998  (      74)
          75    4.855953   17.174003  (      75)
          76    4.857460   17.579803  (      76)
          77    4.857513   19.202276  (      77)
          78    4.858035   17.618778  (      78)
          79    4.858826   17.109933  (      79)
          80    4.858839   17.641361  (      80)
          81    4.859505   17.564463  (      81)
          82    4.861367   13.757579  (      82)
          83    4.861721   17.357772  (      83)
          84    4.862878   18.521352  (      84)
          85    4.866199   13.920462  (      85)
          86    4.866264   18.660427  (      86)
          87    4.867410   17.461594  (      87)
          88    4.869412   17.648729  (      88)
          89    4.869681   17.329808  (      89)
          90    4.869803   17.371114  (      90)
          91    4.870276   15.100073  (      91)
          92    4.870450   16.491010  (      92)
          93    4.872497   16.992660  (      93)
          94    4.873464   16.669260  (      94)
          95    4.873965   15.025044  (      95)
          96    4.876655   15.886818  (      96)
          97    4.877353   16.164076  (      97)
          98    4.877473   16.602303  (      98)
          99    4.877707   15.897228  (      99)
         100    4.878435   20.055788  (     100)
