      rank       #data_overlap        size_overlap          feature_ID
         1                  39             0.29354   (       1)
         2                  40             0.22094   (       2)
         3                  41             0.29354   (       3)
         4                  41             0.29354   (       4)
         5                  41             0.29354   (       5)
         6                  41             0.33751   (       6)
         7                  42             0.21953   (       7)
         8                  42             0.21953   (       8)
         9                  42             0.21953   (       9)
        10                  42             0.26758   (      10)
        11                  42             0.27867   (      11)
        12                  42             0.29354   (      12)
        13                  42             0.29354   (      13)
        14                  42             0.29354   (      14)
        15                  42             0.29354   (      15)
        16                  42             0.29354   (      16)
        17                  42             0.29354   (      17)
        18                  42             0.29354   (      18)
        19                  42             0.29354   (      19)
        20                  42             0.29354   (      20)
        21                  42             0.29354   (      21)
        22                  42             0.29354   (      22)
        23                  42             0.29354   (      23)
        24                  42             0.29354   (      24)
        25                  42             0.29354   (      25)
        26                  42             0.29354   (      26)
        27                  42             0.29748   (      27)
        28                  42             0.41443   (      28)
        29                  42             0.46753   (      29)
        30                  42             0.52651   (      30)
        31                  43             0.29100   (      31)
        32                  43             0.29354   (      32)
        33                  43             0.29365   (      33)
        34                  43             0.32914   (      34)
        35                  43             0.33751   (      35)
        36                  43             0.33751   (      36)
        37                  43             0.33751   (      37)
        38                  43             0.33751   (      38)
        39                  43             0.33751   (      39)
        40                  43             0.40427   (      40)
        41                  43             0.46753   (      41)
        42                  43             0.46753   (      42)
        43                  43             0.46753   (      43)
        44                  43             0.51796   (      44)
        45                  43             0.55057   (      45)
        46                  44             0.29354   (      46)
        47                  44             0.29418   (      47)
        48                  44             0.33724   (      48)
        49                  44             0.33751   (      49)
        50                  44             0.33751   (      50)
        51                  44             0.33751   (      51)
        52                  44             0.34514   (      52)
        53                  44             0.36227   (      53)
        54                  44             0.44288   (      54)
        55                  44             0.46746   (      55)
        56                  44             0.46753   (      56)
        57                  44             0.46753   (      57)
        58                  44             0.54437   (      58)
        59                  44             0.65106   (      59)
        60                  44             0.65106   (      60)
        61                  44             0.65106   (      61)
        62                  44             0.65106   (      62)
        63                  45             0.29448   (      85)
        64                  45             0.47805   (      86)
        65                  45             0.51742   (      87)
        66                  45             0.54437   (      88)
        67                  45             0.54437   (      89)
        68                  45             0.54437   (      90)
        69                  45             0.54437   (      91)
        70                  45             0.54437   (      92)
        71                  45             0.54437   (      93)
        72                  45             0.54437   (      94)
        73                  45             0.54437   (      95)
        74                  45             0.54437   (      96)
        75                  45             0.54437   (      97)
        76                  45             0.54480   (      98)
        77                  45             0.55920   (      99)
        78                  45             0.57549   (     100)
        79                  45             0.59131   (     101)
        80                  45             0.65106   (     118)
        81                  45             0.65106   (     119)
        82                  45             0.65106   (     120)
        83                  45             0.65106   (     121)
        84                  45             0.65106   (     102)
        85                  45             0.65106   (     103)
        86                  45             0.65106   (     104)
        87                  45             0.65106   (     105)
        88                  45             0.65106   (     106)
        89                  45             0.65106   (     107)
        90                  45             0.65106   (     108)
        91                  45             0.65106   (     109)
        92                  45             0.65106   (     110)
        93                  45             0.65106   (     111)
        94                  45             0.65106   (     112)
        95                  45             0.65106   (     113)
        96                  45             0.65106   (     114)
        97                  45             0.65106   (     115)
        98                  45             0.65106   (     116)
        99                  45             0.65106   (     117)
       100                  45             0.86615   (     122)
