        Rank        RMSE       MaxAE  Feature_ID
           1    8.487424   17.632361  (       1)
           2    8.952617   19.249123  (       2)
           3    8.969558   18.780068  (       3)
           4    9.656451   22.552685  (       4)
           5    9.693167   20.446681  (       5)
           6    9.850689   24.794397  (       6)
           7    9.975142   26.203099  (       7)
           8   10.089802   28.369591  (       8)
           9   10.111209   21.441718  (       9)
          10   10.111723   18.988548  (      10)
          11   10.168534   20.353965  (      11)
          12   10.193322   24.023255  (      12)
          13   10.281248   21.633224  (      13)
          14   10.354391   22.486881  (      14)
          15   10.469295   19.209594  (      15)
          16   10.600775   19.559228  (      16)
          17   10.635538   21.772133  (      17)
          18   10.687910   24.642175  (      18)
          19   10.739895   23.110505  (      19)
          20   10.778659   29.664962  (      20)
          21   10.822382   25.210547  (      21)
          22   10.882544   24.790264  (      22)
          23   10.893269   23.409499  (      23)
          24   10.901412   19.671162  (      24)
          25   10.912124   25.738094  (      25)
          26   10.919798   20.638143  (      26)
          27   10.926220   19.010471  (      27)
          28   10.935617   20.139685  (      28)
          29   10.968923   31.839953  (      29)
          30   11.005674   26.197752  (      30)
          31   11.033516   22.286704  (      31)
          32   11.084410   24.255258  (      32)
          33   11.087360   20.352627  (      33)
          34   11.101794   32.763964  (      34)
          35   11.104131   26.645759  (      35)
          36   11.119046   25.752876  (      36)
          37   11.123942   23.589349  (      37)
          38   11.133728   18.975226  (      38)
          39   11.139982   27.358414  (      39)
          40   11.153801   20.063853  (      40)
          41   11.155087   18.491698  (      41)
          42   11.162825   22.202514  (      42)
          43   11.163443   25.522850  (      43)
          44   11.168860   23.634748  (      44)
          45   11.169088   23.631098  (      45)
          46   11.169102   23.630883  (      46)
          47   11.170729   23.713414  (      47)
          48   11.202077   22.693619  (      48)
          49   11.209909   31.002931  (      49)
          50   11.212787   23.438377  (      50)
          51   11.217153   24.338154  (      51)
          52   11.221372   18.996469  (      52)
          53   11.227102   23.817448  (      53)
          54   11.231629   27.569835  (      54)
          55   11.247120   23.355739  (      55)
          56   11.254749   23.912774  (      56)
          57   11.254919   23.912981  (      57)
          58   11.257830   23.916476  (      58)
          59   11.265833   22.219953  (      59)
          60   11.291003   31.163237  (      60)
          61   11.293940   26.640282  (      61)
          62   11.294999   25.148587  (      62)
          63   11.313233   23.588473  (      63)
          64   11.327250   28.710375  (      64)
          65   11.327284   26.120897  (      65)
          66   11.327561   28.709768  (      66)
          67   11.329322   24.507705  (      67)
          68   11.329970   23.450490  (      68)
          69   11.337774   26.584198  (      69)
          70   11.337988   24.406818  (      70)
          71   11.347290   23.997629  (      71)
          72   11.349037   25.017501  (      72)
          73   11.351838   26.973373  (      73)
          74   11.355605   24.374645  (      74)
          75   11.359868   24.079070  (      75)
          76   11.361655   24.079703  (      76)
          77   11.361764   27.023090  (      77)
          78   11.362755   24.836717  (      78)
          79   11.363443   24.080985  (      79)
          80   11.363816   24.715656  (      80)
          81   11.365435   21.521786  (      81)
          82   11.369759   24.012768  (      82)
          83   11.377591   22.747763  (      83)
          84   11.382853   26.596191  (      84)
          85   11.393589   29.170489  (      85)
          86   11.396000   30.378926  (      86)
          87   11.398886   28.088065  (      87)
          88   11.400790   28.186255  (      88)
          89   11.406798   25.738469  (      89)
          90   11.409779   25.039814  (      90)
          91   11.412041   25.502708  (      91)
          92   11.412140   24.985021  (      92)
          93   11.412572   26.410727  (      93)
          94   11.413389   27.036471  (      94)
          95   11.413770   24.900376  (      95)
          96   11.413893   25.036681  (      96)
          97   11.425726   25.424663  (      97)
          98   11.426577   27.638518  (      98)
          99   11.426588   25.154668  (      99)
         100   11.427834   25.892008  (     100)
