        Rank        RMSE       MaxAE  Feature_ID
           1   22.620095   54.097560  (    9321   10474)
           2   22.853371   55.844076  (    9306   10048)
           3   22.980704   55.072035  (    9601   10474)
           4   23.116483   55.749869  (      16   11416)
           5   23.351670   59.175953  (    9306   10079)
           6   23.373425   55.317489  (    9511   10474)
           7   23.418761   50.758091  (      25   10016)
           8   23.452086   57.759584  (    8289   10474)
           9   23.518811   50.748487  (      21   10016)
          10   23.531576   55.327168  (    7475   10474)
          11   23.590803   55.160151  (      26   11416)
          12   23.710576   64.833930  (     360   10008)
          13   23.745303   53.275557  (    7337   10474)
          14   23.811429   63.737182  (     360   10016)
          15   24.093189   54.505268  (      39   11416)
          16   24.180384   48.634079  (    1630   10016)
          17   24.183002   52.970374  (      21   10008)
          18   24.186197   62.425119  (      65   10128)
          19   24.221388   61.858776  (    6521   10048)
          20   24.225349   55.394054  (       5   10016)
          21   24.257271   68.298648  (     635   10008)
          22   24.270795   53.114691  (      21   10011)
          23   24.287660   66.354233  (     569   10008)
          24   24.296160   58.213569  (     624   10932)
          25   24.321993   53.429145  (     156   10011)
          26   24.337451   61.057990  (      21   10026)
          27   24.341382   67.104117  (     635   10016)
          28   24.346713   65.213820  (     569   10016)
          29   24.350880   62.485145  (    2059   10128)
          30   24.360458   55.290394  (    9306   10012)
          31   24.371415   79.987617  (    2542   13936)
          32   24.377899   55.109992  (    9306   10011)
          33   24.400449   56.611015  (    2353   10128)
          34   24.408959   64.990956  (     360   10012)
          35   24.409345   55.930592  (      24   11416)
          36   24.427377   55.263386  (    9306   10008)
          37   24.437996   44.955344  (     654   10016)
          38   24.472004   57.642392  (    3304   10026)
          39   24.475989   55.123725  (      51   10026)
          40   24.513251   72.573584  (       2   10377)
          41   24.517970   53.309797  (      21   10012)
          42   24.523073   72.718243  (       2   10379)
          43   24.530842   83.921475  (     262   11628)
          44   24.532766   52.895335  (      25   10008)
          45   24.607053   56.338231  (     137   10016)
          46   24.616128   62.296352  (      21   10048)
          47   24.634627   84.159615  (     262   12012)
          48   24.641068   68.421994  (    6165   10016)
          49   24.651445   70.068517  (      21   10002)
          50   24.655708   84.157104  (     262   12168)
          51   24.668235   62.511021  (     184   10026)
          52   24.673911   56.426899  (      16   11347)
          53   24.678209   69.353166  (    5833   10474)
          54   24.682475   63.542434  (    8486   10012)
          55   24.694586   61.575546  (      25   10026)
          56   24.695162   75.524892  (    3189   12965)
          57   24.709389   56.798750  (    9880   10008)
          58   24.714358   46.310421  (      87   17292)
          59   24.718365   50.772080  (    1895   10128)
          60   24.720480   55.072357  (    1017   10016)
          61   24.728171   63.288347  (    4619   10016)
          62   24.729970   52.003760  (      22   10008)
          63   24.734917   51.689023  (     156   10012)
          64   24.736050   73.075233  (     745   10474)
          65   24.736894   70.752642  (      21   10005)
          66   24.740048   51.580729  (      26   12152)
          67   24.749969   63.363019  (    8486   10011)
          68   24.755149   59.904959  (    4629   10302)
          69   24.760423   54.285236  (      87   11416)
          70   24.765993   53.454235  (     156   10032)
          71   24.771372   59.933530  (    3304   10302)
          72   24.779608   70.988666  (      21   10006)
          73   24.795587   54.007595  (     156   10042)
          74   24.804024   69.150082  (     970   10008)
          75   24.816005   71.684435  (      21   10007)
          76   24.817370   71.430765  (      21   10003)
          77   24.832376   64.104632  (     347   10016)
          78   24.851424   53.786045  (      15   10016)
          79   24.851649   71.632260  (      21   10004)
          80   24.853164   67.930815  (     970   10016)
          81   24.861846   71.662888  (       2   10053)
          82   24.863556   65.461338  (       2   10026)
          83   24.863652   54.457650  (      67   10016)
          84   24.877500   69.050894  (      21   10053)
          85   24.888650   51.706026  (     156   10064)
          86   24.913967   72.984966  (       2   10054)
          87   24.914201   63.527853  (    8486   10032)
          88   24.918974   73.065928  (    7475   10759)
          89   24.923612   51.782683  (      23   10016)
          90   24.924490   54.796838  (      15   10008)
          91   24.930871   55.252118  (      22   10016)
          92   24.933054   62.176154  (      74   10016)
          93   24.933585   73.180530  (       2   10058)
          94   24.936005   69.371715  (      21   10015)
          95   24.942632   68.886153  (    7475   13936)
          96   24.945225   68.478472  (     635   10012)
          97   24.948095   52.919004  (      25   10011)
          98   24.949162   70.007537  (    3480   10474)
          99   24.953768   48.296693  (       1   10001)
         100   24.957122   56.159225  (    9306   10032)
