        Rank        RMSE       MaxAE  Feature_ID
           1    9.517032   21.151759  (    1649   10491)
           2    9.558637   21.583712  (    1649   17591)
           3    9.697044   22.397829  (     574   10491)
           4    9.743623   29.140883  (    8936   11797)
           5    9.753450   20.893378  (    1649   10941)
           6    9.855874   32.600244  (    1913   11584)
           7    9.855977   32.616521  (     542   12806)
           8    9.873323   32.658454  (    1913   11110)
           9    9.875578   32.822088  (     542   15228)
          10    9.877733   31.018562  (    6910   11797)
          11    9.905652   32.729719  (     127   10719)
          12    9.908889   32.984310  (     542   12344)
          13    9.918130   22.136224  (    3349   10491)
          14    9.928263   31.522052  (    5801   11797)
          15    9.929150   31.946693  (     542   10861)
          16    9.933738   31.975355  (     542   10236)
          17    9.934277   30.656971  (       5   10012)
          18    9.936210   31.952303  (     542   11314)
          19    9.938192   32.943832  (     542   14561)
          20    9.939475   33.215326  (     127   11580)
          21    9.940935   32.689401  (     542   13917)
          22    9.941109   33.149294  (    1913   15673)
          23    9.946524   21.555022  (    3349   17591)
          24    9.950763   32.911007  (     542   14394)
          25    9.953672   32.089230  (     542   11074)
          26    9.956746   32.957290  (     127   11063)
          27    9.957346   32.072856  (     542   11031)
          28    9.959095   33.183877  (     127   10783)
          29    9.959637   35.522045  (    7777   10025)
          30    9.959814   32.884038  (     542   13977)
          31    9.960488   33.028577  (     127   11296)
          32    9.960637   31.927860  (     542   10875)
          33    9.961721   33.352906  (    1913   14058)
          34    9.962002   32.869681  (     542   11648)
          35    9.962044   32.119854  (     542   11040)
          36    9.965802   32.052316  (     542   11018)
          37    9.965893   31.865157  (     542   10848)
          38    9.966080   32.054837  (     542   11896)
          39    9.966115   32.935895  (     127   10565)
          40    9.966825   33.005736  (     542   14478)
          41    9.967795   32.868054  (     542   14324)
          42    9.968368   32.955580  (     127   10548)
          43    9.969451   28.941187  (     542   10076)
          44    9.970790   31.984685  (     542   10999)
          45    9.971130   32.882279  (     542   14453)
          46    9.973701   32.539721  (     542   13193)
          47    9.974157   30.255217  (    1913   11893)
          48    9.974772   32.896365  (     542   14573)
          49    9.975887   33.096017  (     154   10535)
          50    9.976714   33.003443  (     127   10647)
          51    9.978002   33.275126  (    1913   15892)
          52    9.978636   32.031599  (     542   11026)
          53    9.979457   32.704031  (     127   10535)
          54    9.979629   32.049574  (     542   10670)
          55    9.979678   32.757186  (     542   14502)
          56    9.980638   32.625758  (    5312   11584)
          57    9.980656   32.907939  (     542   16140)
          58    9.982851   33.102013  (     127   11249)
          59    9.983334   29.442330  (     542   11893)
          60    9.983671   33.055170  (     154   10719)
          61    9.984010   31.953369  (     542   10202)
          62    9.984656   33.076052  (     127   10576)
          63    9.987138   31.784050  (     542   13388)
          64    9.989056   31.723718  (     542   12737)
          65    9.989457   32.691243  (    5312   11110)
          66    9.990958   31.411519  (    8936   14389)
          67    9.991130   32.174365  (     542   11429)
          68    9.991133   32.848247  (     542   13608)
          69    9.991561   31.807445  (     542   10799)
          70    9.992189   32.014829  (     542   11061)
          71    9.992908   33.147638  (     127   11520)
          72    9.993450   32.957515  (     542   11807)
          73    9.994032   32.016639  (     542   10980)
          74    9.995951   32.033031  (    1915   12806)
          75    9.996025   32.087686  (    3232   11110)
          76    9.996572   32.926274  (    6699   11584)
          77    9.997619   33.118727  (     127   11419)
          78    9.997623   32.478632  (    1915   12344)
          79   10.000239   30.296582  (    5312   11893)
          80   10.000279   33.211645  (     127   11523)
          81   10.000855   32.850744  (     542   14664)
          82   10.001443   32.086204  (    1915   13193)
          83   10.001994   33.155323  (     127   11196)
          84   10.003891   32.874100  (     542   15464)
          85   10.003957   33.125049  (     127   11487)
          86   10.005912   31.763309  (     542   14062)
          87   10.006340   32.009304  (    3232   11584)
          88   10.006791   32.246783  (    1915   15228)
          89   10.007158   33.131367  (     127   11522)
          90   10.010454   33.137636  (     127   11550)
          91   10.011040   32.234088  (     542   11731)
          92   10.011626   31.985637  (     542   10914)
          93   10.013148   29.697196  (    3232   11893)
          94   10.013158   32.693369  (     542   12532)
          95   10.013400   33.305354  (     154   10548)
          96   10.013914   22.530120  (     574   10941)
          97   10.014223   31.848422  (     542   12505)
          98   10.014573   33.112619  (     127   10731)
          99   10.014711   32.929094  (     542   13079)
         100   10.015274   32.155362  (     542   11416)
