        Rank        RMSE       MaxAE  Feature_ID
           1    2.265577    5.728384  (    1996   12596)
           2    2.278694    6.291853  (    2016   12596)
           3    2.325543    5.634304  (    3931   11558)
           4    2.335284    6.368738  (    3931   15412)
           5    2.384973    7.557385  (    3931   16334)
           6    2.385448    7.698049  (    1139   13744)
           7    2.386195    5.953546  (    3931   12978)
           8    2.401546    7.717817  (    3931   19467)
           9    2.401578    7.568702  (    3590   13744)
          10    2.402045    5.615981  (    3931   11427)
          11    2.406810    5.329046  (    6071   10386)
          12    2.406913    5.439589  (     230   13744)
          13    2.407580    7.510382  (    4876   13744)
          14    2.408520    7.646155  (    3931   17243)
          15    2.410211    7.567215  (    3182   13744)
          16    2.410413    7.573657  (    6453   13744)
          17    2.410546    7.568955  (    3220   13744)
          18    2.410765    5.148838  (    9398   19021)
          19    2.411043    7.570722  (    3253   13744)
          20    2.413125    7.911380  (     330   13744)
          21    2.422821    5.868011  (     293   10010)
          22    2.425441    7.570186  (    2998   13744)
          23    2.447233    7.723533  (    1139   17243)
          24    2.453463    5.583535  (    1658   11124)
          25    2.454654    7.910951  (    9398   10512)
          26    2.457996    4.949915  (    9398   16501)
          27    2.460015    5.483800  (    9958   19021)
          28    2.460080    8.544350  (    8040   10512)
          29    2.463354    7.594702  (    3590   17243)
          30    2.464014    4.984285  (    7216   19021)
          31    2.464019    4.984287  (    7217   19021)
          32    2.464781    7.635986  (    3105   13744)
          33    2.465965    6.735015  (    3883   12667)
          34    2.466269    7.460680  (    5309   13744)
          35    2.467619    5.644918  (    2016   10010)
          36    2.467973    7.535939  (    4876   17243)
          37    2.469183    7.657222  (    3931   18785)
          38    2.469362    6.756410  (    4619   10010)
          39    2.469708    5.486537  (     230   17243)
          40    2.469774    7.447680  (    9775   13744)
          41    2.470592    7.592670  (    3182   17243)
          42    2.471063    7.594476  (    3220   17243)
          43    2.471688    7.596307  (    3253   17243)
          44    2.472513    6.071731  (     156   10010)
          45    2.472672    7.697055  (    3931   13744)
          46    2.473613    7.935887  (     330   17243)
          47    2.474399    7.600619  (    6453   17243)
          48    2.474511    7.764098  (    7736   10852)
          49    2.475435    4.991378  (    8649   19021)
          50    2.476525    7.796588  (    3931   18228)
          51    2.476771    5.358211  (    1658   10010)
          52    2.477271    7.015709  (     293   10156)
          53    2.477911    6.204916  (    1996   13761)
          54    2.478843    4.989651  (    8084   19021)
          55    2.479067    6.257013  (    1996   15951)
          56    2.479405    5.929306  (    7254   11075)
          57    2.481122    5.010224  (    6257   19021)
          58    2.483368    8.278588  (    9398   12373)
          59    2.483413    8.434015  (    8040   11391)
          60    2.483653    5.866530  (    5701   12667)
          61    2.483794    8.334529  (    3931   13335)
          62    2.484251    7.103533  (    9616   12667)
          63    2.484470    7.595156  (    2998   17243)
          64    2.485060    5.399438  (    6939   19021)
          65    2.485514    7.703243  (    5128   13744)
          66    2.488087    8.074353  (    9398   10852)
          67    2.488303    7.810999  (    3931   14103)
          68    2.489490    5.937488  (    6450   10010)
          69    2.490455    5.841933  (     361   10010)
          70    2.491717    6.333478  (    4876   15412)
          71    2.492964    7.712396  (    7216   10512)
          72    2.492970    7.712400  (    7217   10512)
          73    2.493033    7.811705  (    9398   11391)
          74    2.495956    4.993767  (    8090   19021)
          75    2.496260    7.183747  (     293   10046)
          76    2.496890    7.986431  (    7736   12373)
          77    2.497438    5.858469  (    8651   10010)
          78    2.497501    6.994671  (     293   10045)
          79    2.498652    7.694551  (    3931   15477)
          80    2.499024    5.344125  (    8621   19021)
          81    2.499964    5.313345  (    7586   19021)
          82    2.500140    5.379688  (    7815   19021)
          83    2.500429    4.997926  (    9310   19021)
          84    2.500440    4.997931  (    9311   19021)
          85    2.500745    7.579248  (    3173   13744)
          86    2.500841    5.861656  (    5701   10010)
          87    2.501770    5.819055  (    4864   10010)
          88    2.501927    8.877798  (    8040   12373)
          89    2.503684    5.484413  (    6302   19021)
          90    2.505054    6.589991  (    1139   15412)
          91    2.505097    6.416099  (    3590   15412)
          92    2.505184    6.435550  (    1996   19021)
          93    2.505670    5.281920  (    1810   12596)
          94    2.505726    5.281610  (    9958   16501)
          95    2.506396    8.691545  (    8040   10852)
          96    2.506764    8.282820  (    3883   19021)
          97    2.507220    6.417274  (    3253   15412)
          98    2.507310    6.416201  (    3220   15412)
          99    2.507377    7.578207  (    8251   10512)
         100    2.507556    6.415149  (    3182   15412)
