        Rank        RMSE       MaxAE  Feature_ID
           1    4.788846   11.133838  (       1)
           2    4.795762   13.822965  (       2)
           3    4.808006   12.443454  (       3)
           4    4.812245   14.419249  (       4)
           5    4.813212   12.524062  (       5)
           6    4.824664   12.375542  (       6)
           7    4.837698   13.920918  (       7)
           8    4.853490   12.434056  (       8)
           9    4.860888   11.341389  (       9)
          10    4.880165   14.350730  (      10)
          11    4.891123   11.793001  (      11)
          12    4.892569   12.434902  (      12)
          13    4.894401   12.217960  (      13)
          14    4.894666   13.711368  (      14)
          15    4.910397   12.248245  (      15)
          16    4.925935   12.179344  (      16)
          17    4.926388   11.696131  (      17)
          18    4.931055   14.140158  (      18)
          19    4.931504   12.206173  (      19)
          20    4.940061   12.213678  (      20)
          21    4.940761   14.878203  (      21)
          22    4.940917   13.103786  (      22)
          23    4.942136    9.698724  (      23)
          24    4.942976   12.334490  (      24)
          25    4.944236    9.615160  (      25)
          26    4.952131   13.843883  (      26)
          27    4.954651   13.984644  (      27)
          28    4.956839   11.642676  (      28)
          29    4.957033   14.118332  (      29)
          30    4.959658   12.313876  (      30)
          31    4.961179   13.034774  (      31)
          32    4.961775   14.881896  (      32)
          33    4.962404   14.751328  (      33)
          34    4.965851   12.405072  (      34)
          35    4.966520   13.347523  (      35)
          36    4.970319   14.429949  (      36)
          37    4.972655   14.080008  (      37)
          38    4.973756   12.803715  (      38)
          39    4.976386   11.814708  (      39)
          40    4.980935   14.667827  (      40)
          41    4.981023   14.703078  (      41)
          42    4.981834   12.627601  (      42)
          43    4.982667   14.019748  (      43)
          44    4.985523   11.209423  (      44)
          45    4.988278   14.050310  (      45)
          46    4.989061   13.728932  (      46)
          47    4.989731   13.728779  (      47)
          48    4.992091   14.029333  (      48)
          49    4.992759   12.952362  (      49)
          50    4.993221    9.932663  (      50)
          51    4.995981   14.112256  (      51)
          52    4.997042   14.786318  (      52)
          53    4.999724   13.425609  (      53)
          54    4.999891   14.080175  (      54)
          55    5.001341   13.759461  (      55)
          56    5.001753   11.598876  (      56)
          57    5.003418   13.761580  (      57)
          58    5.003460   13.759632  (      58)
          59    5.006751   14.676163  (      59)
          60    5.007762   11.712140  (      60)
          61    5.008020   11.567921  (      61)
          62    5.008543   12.527720  (      62)
          63    5.011221   12.325422  (      63)
          64    5.013160   13.683282  (      64)
          65    5.013477   13.825748  (      65)
          66    5.014974   14.689884  (      66)
          67    5.016127   13.488956  (      67)
          68    5.017806   14.706330  (      68)
          69    5.018006   14.705408  (      69)
          70    5.018194   14.631739  (      70)
          71    5.018206   13.525160  (      71)
          72    5.019134   14.698618  (      72)
          73    5.021677   14.761855  (      73)
          74    5.023601   14.711329  (      74)
          75    5.024031   14.691211  (      75)
          76    5.024215   11.867581  (      76)
          77    5.024372   13.413382  (      77)
          78    5.024714   13.922186  (      78)
          79    5.024822   13.643483  (      79)
          80    5.025201   13.720580  (      80)
          81    5.026574   12.362580  (      81)
          82    5.026660   13.446891  (      82)
          83    5.027929   12.059491  (      83)
          84    5.028196   13.428803  (      84)
          85    5.028638   17.216997  (      85)
          86    5.028969   12.087568  (      86)
          87    5.029345   13.624759  (      87)
          88    5.030220   14.284603  (      88)
          89    5.030238   15.645943  (      89)
          90    5.030977   12.414071  (      90)
          91    5.033001   13.466142  (      91)
          92    5.033558   13.457166  (      92)
          93    5.033762   13.870384  (      93)
          94    5.034326   13.722860  (      94)
          95    5.036876   14.812486  (      95)
          96    5.038016   14.957349  (      96)
          97    5.038929   12.389222  (      97)
          98    5.039535   13.532487  (      98)
          99    5.040437   13.842390  (      99)
         100    5.040884   15.725450  (     100)
