        Rank        RMSE       MaxAE  Feature_ID
           1    3.184645    7.789097  (      17   19466)
           2    3.284484    8.323816  (      76   19466)
           3    3.430118   11.842470  (    2914   10288)
           4    3.430444    9.699198  (    2503   19466)
           5    3.435263   11.967467  (    2707   10288)
           6    3.435661    9.619332  (    3519   14917)
           7    3.435675   10.101794  (       9   19466)
           8    3.437714    9.088378  (      17   19864)
           9    3.438510   13.505119  (     786   12230)
          10    3.442909    6.943174  (      76   12604)
          11    3.444840   13.441199  (     889   12230)
          12    3.453992   12.038836  (    2837   10288)
          13    3.477831   12.057921  (     786   10288)
          14    3.480655   11.694497  (      11   19466)
          15    3.485932   10.572771  (       1   10010)
          16    3.495296    9.083066  (       1   10001)
          17    3.496426   12.003673  (     889   10288)
          18    3.498290   10.955021  (    2914   10279)
          19    3.498763   13.629869  (     786   12318)
          20    3.499373    8.219925  (      17   11739)
          21    3.500104   13.444672  (    2914   12230)
          22    3.500517   12.148972  (     255   19466)
          23    3.502531   13.663683  (     889   11528)
          24    3.504643    8.700731  (     203   19466)
          25    3.506504    6.698746  (      17   12604)
          26    3.506581    9.814673  (    1757   14917)
          27    3.507047   13.567940  (     889   12318)
          28    3.510656   11.083808  (    2707   10279)
          29    3.512094    7.093642  (      76   12387)
          30    3.512332    8.889056  (     629   19466)
          31    3.513776   14.025779  (     786   12587)
          32    3.514745   11.740435  (    4917   10288)
          33    3.519934   13.526942  (     786   14639)
          34    3.522594   13.552387  (    1525   11528)
          35    3.522891   13.966421  (     889   12587)
          36    3.524175   13.738642  (     786   11528)
          37    3.526888    9.586487  (     922   11370)
          38    3.529699   13.357924  (    1525   12230)
          39    3.530231   11.155278  (    2837   10279)
          40    3.530311   11.587069  (    2914   15844)
          41    3.531652   13.586207  (    2707   12230)
          42    3.533737   11.846055  (       1   10002)
          43    3.537977   11.717120  (    2707   15844)
          44    3.539387    8.977222  (      17   10349)
          45    3.539720    9.170824  (     528   10192)
          46    3.540869   13.819231  (     912   14639)
          47    3.541714   10.349741  (    4917   10235)
          48    3.546883   10.559064  (    2914   10235)
          49    3.547061    8.695559  (     737   12179)
          50    3.547318    9.426539  (    1119   19656)
          51    3.547357   11.844627  (     528   10596)
          52    3.549347    8.825953  (       1   10003)
          53    3.549515    9.854049  (    1119   10597)
          54    3.549578    8.929784  (       1   10007)
          55    3.549768   12.373181  (     912   10288)
          56    3.549810   13.981666  (    2914   12587)
          57    3.550435   10.679928  (       9   10825)
          58    3.552189    8.907936  (      76   10061)
          59    3.552413    8.799601  (      76   10179)
          60    3.553486   13.572619  (    2914   12318)
          61    3.553517   13.577516  (    2707   14639)
          62    3.554031    8.555438  (      17   12444)
          63    3.554554   11.122157  (     528   10197)
          64    3.555532   10.764937  (       9   12384)
          65    3.557546   10.011190  (      17   10179)
          66    3.557623   11.791269  (    2837   15844)
          67    3.557710   10.637916  (      17   11099)
          68    3.557867   13.318312  (    4917   12230)
          69    3.558600   13.480253  (     889   14639)
          70    3.559056   11.298239  (    1119   12230)
          71    3.559072   10.119263  (      17   10061)
          72    3.559090   10.838014  (    4917   10279)
          73    3.559627   10.673920  (       9   11109)
          74    3.560086   13.642779  (    2837   14639)
          75    3.561067   10.515210  (       9   10209)
          76    3.561106   13.527362  (    4917   11528)
          77    3.562190    8.945860  (      17   13295)
          78    3.562408   10.591563  (       9   10529)
          79    3.563284    8.696101  (      76   10529)
          80    3.563357    9.506139  (     922   11095)
          81    3.564018   13.664948  (    2837   12230)
          82    3.564047   12.093767  (     728   10596)
          83    3.565250    9.886185  (       1   10004)
          84    3.565788    9.907920  (      17   10529)
          85    3.566032   10.923183  (     981   14917)
          86    3.566156   12.689096  (    2914   10091)
          87    3.566192   12.685000  (    2707   10259)
          88    3.566225   10.671572  (       9   10845)
          89    3.566289   12.197024  (     354   19466)
          90    3.566292    9.999847  (     203   12179)
          91    3.568844   10.066578  (    1768   14917)
          92    3.569327   12.102672  (     469   10233)
          93    3.569607   11.813901  (     786   10072)
          94    3.569837   12.740898  (    2837   10259)
          95    3.570241   12.694504  (    2707   10518)
          96    3.570324   11.910205  (      29   10119)
          97    3.570816    9.821247  (      17   10021)
          98    3.571040   12.747712  (    2707   10143)
          99    3.571193   11.144451  (       1   10018)
         100    3.571231   10.677123  (       9   10881)
