Model_ID, [(c_i,i=0,n)_j,j=1,ntask]
           1    0.3015416365E+03    0.1966559119E+03   -0.1355153863E+04
           2    0.3013819668E+03    0.1970347313E+03    0.1466871323E+04
           3    0.3049234842E+03    0.2113796407E+03   -0.1493200700E+04
           4    0.3024424018E+03    0.1958705449E+03    0.1363598952E+04
           5    0.3022664063E+03    0.1960198434E+03   -0.1345865743E+04
           6    0.3058917596E+03    0.2104426456E+03    0.1505251503E+04
           7    0.3023230056E+03    0.1955441013E+03    0.1351643721E+04
           8    0.3023218589E+03    0.1955416239E+03   -0.1351623444E+04
           9    0.3023207132E+03    0.1955391478E+03   -0.1351602825E+04
          10    0.3057179025E+03    0.2105804627E+03   -0.1480796298E+04
          11    0.3006547838E+03    0.1964255786E+03    0.1413910557E+04
          12    0.3010508324E+03    0.1962063679E+03   -0.1449685771E+04
          13    0.3010377742E+03    0.1961541880E+03   -0.1445732640E+04
          14    0.3057429610E+03    0.2100482400E+03    0.1495578734E+04
          15    0.3057415050E+03    0.2100454917E+03   -0.1495596888E+04
          16    0.3057400501E+03    0.2100427446E+03   -0.1495614666E+04
          17    0.3018193184E+03    0.1954557843E+03   -0.1306321265E+04
          18    0.3048275347E+03    0.2116677960E+03    0.1597666009E+04
          19    0.3022193682E+03    0.1952426701E+03   -0.1333970683E+04
          20    0.2999127615E+03    0.2286867181E+03   -0.4924474075E+04
          21    0.3034048076E+03    0.2066532675E+03   -0.1272905336E+04
          22    0.3024201273E+03    0.1951288206E+03   -0.1340807059E+04
          23    0.3051349316E+03    0.2365727849E+03    0.4478368100E+04
          24    0.3044259677E+03    0.2368295159E+03   -0.4639641523E+04
          25    0.3102994147E+03    0.1982853704E+03   -0.1344719673E+04
          26    0.3006913899E+03    0.2284048947E+03    0.4739811346E+04
          27    0.3092021117E+03    0.1992313215E+03    0.1441714144E+04
          28    0.3058146169E+03    0.2095640700E+03   -0.1492496017E+04
          29    0.3056112986E+03    0.2096755740E+03   -0.1479713416E+04
          30    0.3040657927E+03    0.2060558044E+03   -0.1268400205E+04
          31    0.3201861597E+03    0.2521663313E+03   -0.4210078223E+04
          32    0.3044036409E+03    0.2107346885E+03   -0.1590941919E+04
          33    0.3092945163E+03    0.2064576167E+03   -0.1460454443E+04
          34    0.3111893296E+03    0.1979228798E+03   -0.1321949021E+04
          35    0.3042454297E+03    0.2058866519E+03    0.1280432245E+04
          36    0.3032753731E+03    0.2070176767E+03    0.1372666224E+04
          37    0.3208256438E+03    0.2519207206E+03    0.4056378254E+04
          38    0.3043859330E+03    0.2106708821E+03   -0.1587270083E+04
          39    0.3065092473E+03    0.1919181970E+03   -0.1305944650E+04
          40    0.2989914219E+03    0.2295341369E+03    0.5065466489E+04
          41    0.3101940990E+03    0.2056242139E+03    0.1481461923E+04
          42    0.3053628010E+03    0.2366990828E+03    0.4470077014E+04
          43    0.3101296341E+03    0.1988346302E+03    0.1413626234E+04
          44    0.1766432680E+03    0.9609228371E+02   -0.2152298149E+03
          45    0.3046565812E+03    0.2369553082E+03   -0.4630303196E+04
          46    0.3210686305E+03    0.2530220414E+03   -0.4106883816E+04
          47    0.3073284043E+03    0.1912240295E+03    0.1323781729E+04
          48    0.3216852593E+03    0.2527806318E+03    0.3961302192E+04
          49    0.3071815477E+03    0.1906564750E+03   -0.1335138260E+04
          50    0.3041187262E+03    0.2055909275E+03    0.1272593637E+04
          51    0.3041175160E+03    0.2055886283E+03   -0.1272608278E+04
          52    0.3041163066E+03    0.2055863304E+03   -0.1272622598E+04
          53    0.3100331648E+03    0.2049101610E+03   -0.1489776335E+04
          54    0.3194750285E+03    0.2530201884E+03    0.4321644470E+04
          55    0.3029158919E+03    0.2062643797E+03   -0.1367299933E+04
          56    0.3036061271E+03    0.2376636258E+03    0.4752398677E+04
          57    0.3029003709E+03    0.2062181699E+03   -0.1364226865E+04
          58    0.3001536764E+03    0.1969257287E+03    0.1449823752E+04
          59    0.3033823672E+03    0.1976091808E+03   -0.1212719064E+04
          60    0.3063810062E+03    0.1922613819E+03    0.1408769131E+04
          61    0.3100427280E+03    0.2052416030E+03    0.1471019133E+04
          62    0.3100412647E+03    0.2052389077E+03   -0.1471030055E+04
          63    0.3100398025E+03    0.2052362135E+03   -0.1471040609E+04
          64    0.3020276100E+03    0.2275560988E+03    0.4937150532E+04
          65    0.1736235427E+03    0.1008140995E+03   -0.2376316724E+03
          66    0.3552847918E+03    0.2414265692E+03    0.1441619836E+04
          67    0.3203892945E+03    0.2538705067E+03    0.4208813229E+04
          68    0.3024437809E+03    0.1890173119E+03   -0.2072572668E+04
          69    0.3072085604E+03    0.1909151112E+03    0.1310881331E+04
          70    0.3072074169E+03    0.1909127388E+03   -0.1310853107E+04
          71    0.3072062743E+03    0.1909103678E+03   -0.1310824552E+04
          72    0.3545963807E+03    0.2423467171E+03   -0.1417051588E+04
          73    0.3040059403E+03    0.2053205089E+03   -0.1259413621E+04
          74    0.3574140995E+03    0.2717876501E+03    0.5996957277E+03
          75    0.3034405592E+03    0.1892908498E+03    0.1382390316E+03
          76    0.3086403342E+03    0.1998165378E+03    0.1495164806E+04
          77    0.3038409982E+03    0.2377897755E+03    0.4741705989E+04
          78    0.9545344543E+02    0.9483946000E+02    0.4928762819E+03
          79    0.1702618141E+03    0.1019772095E+03    0.1906328328E+03
          80    0.3026246140E+03    0.2064061226E+03    0.1314669046E+04
          81    0.3098619136E+03    0.1988426925E+03   -0.1377595268E+04
          82    0.3551511544E+03    0.2415818215E+03   -0.1417711479E+04
          83    0.3014302226E+03    0.1959440054E+03   -0.1323186255E+04
          84    0.3545242569E+03    0.2428641828E+03    0.1538980294E+04
          85    0.3019630435E+03    0.1848337071E+03    0.3584626353E+04
          86    0.3008273060E+03    0.2332983566E+03    0.4758339480E+04
          87    0.3013948357E+03    0.1849968565E+03   -0.3711560769E+04
          88    0.3042095910E+03    0.2051955524E+03   -0.1261092316E+04
          89    0.3166618346E+03    0.2451949867E+03   -0.3035129054E+04
          90    0.3092158325E+03    0.2067283898E+03    0.1559794963E+04
          91    0.3550525196E+03    0.2410125860E+03    0.1433788274E+04
          92    0.3550505085E+03    0.2410095338E+03   -0.1433803927E+04
          93    0.3550484987E+03    0.2410064830E+03   -0.1433819220E+04
          94    0.3100980031E+03    0.2056134619E+03   -0.1435451991E+04
          95    0.1773566616E+03    0.9719756757E+02   -0.2270499121E+03
          96    0.1644219780E+03    0.8729940503E+02   -0.2117981884E+03
          97    0.3099088816E+03    0.2048814880E+03   -0.1454464950E+04
          98    0.3036907000E+03    0.2054733543E+03   -0.1217032172E+04
          99    0.3176203754E+03    0.2453333111E+03    0.2897017377E+04
         100    0.3107715202E+03    0.1984685408E+03   -0.1351541985E+04
