Materials	Properties	feature1	feature2	feature3	feature4	feature5	feature6	feature7	feature8	feature9	feature10	feature11	feature12	feature13	feature14	feature15	feature16	feature17	feature18	feature19	feature20
sample1	20.5000	0.0000	0.0000	0.0000	0.0000	0.0000	0.0000	0.0000	0.0000	0.0000	0.0000	0.0000	0.0000	0.0000	0.0000	0.0000	0.0000	1.0000	1.0000	0.9780	1.0000
sample2	139.9000	0.0000	0.0000	0.0000	0.0000	0.0000	0.0000	0.0000	0.0000	0.0000	0.0000	0.2979	0.0000	0.0000	0.1777	0.0000	0.5243	0.9425	0.5608	0.9402	1.0000
sample3	461.0000	0.0000	0.0000	0.0000	0.0000	0.0000	0.0000	0.0000	0.0000	0.0000	0.0000	0.9645	0.0000	0.7326	0.3805	0.0000	0.7114	0.1967	0.3635	0.3873	0.4762
sample4	76.2000	0.0000	0.0000	1.0000	0.0000	0.0000	0.0000	0.0000	0.0000	0.0000	0.0000	0.1489	0.0144	0.4535	0.2280	0.0000	0.1011	0.9682	0.9178	0.9816	0.9998
sample5	225.6100	0.0000	0.0000	0.0000	1.0000	0.0000	0.0000	0.0000	0.0000	0.0000	0.0000	0.4823	0.0133	0.3605	0.4366	0.0000	0.4731	0.9480	0.8039	1.0000	0.9998
sample6	320.0000	0.0000	0.0000	0.0000	0.0000	1.0000	0.0000	0.0000	0.0000	0.0000	0.0000	0.6028	0.0047	0.3372	1.0000	0.0000	0.6843	0.9036	0.6514	0.9521	0.9999
sample7	111.4000	0.0000	0.0000	0.0000	0.0000	0.0000	0.0000	0.0000	0.0000	0.0000	0.0000	0.2340	0.3148	0.7326	0.0949	0.4630	0.1878	0.7253	0.7336	0.7774	0.0944
sample8	133.8500	0.0000	0.0000	0.0000	0.0000	0.0000	0.0000	0.0000	0.0000	0.0000	0.0000	0.5035	1.0000	0.0000	0.2217	0.2160	0.6525	0.9098	0.3253	0.9288	0.5620
sample9	313.7600	0.0000	0.0000	0.0000	0.0000	0.0000	0.0000	0.0000	0.0000	0.0000	0.0000	0.6454	0.2949	0.7326	0.2787	0.2840	0.6272	0.2725	0.2768	0.4291	0.3796
sample10	353.5000	0.0000	0.0000	0.0000	0.0000	0.0000	0.0000	0.0000	0.0000	0.0000	0.0000	0.8085	0.9731	0.7326	0.3294	0.2469	0.6673	0.1622	0.5501	0.4739	0.2762
sample11	280.0000	0.0000	0.0000	0.0000	0.0000	0.0000	0.0000	0.0000	0.0000	0.0000	0.0000	0.4752	0.3427	0.7326	0.2724	0.4630	0.5871	0.1051	0.8326	0.1384	0.4244
sample12	228.7000	0.0000	0.0000	0.0000	0.0000	0.0000	0.0000	0.0000	0.0000	0.0000	0.0000	0.6738	0.2753	1.0000	0.2724	0.2685	0.6951	0.5524	0.3850	0.7075	0.3801
sample13	260.6000	0.0000	0.0000	0.0000	0.0000	0.0000	0.0000	0.0000	0.0000	0.0000	0.0000	0.4468	0.3360	0.6395	0.2762	0.4784	0.5563	0.7416	0.5008	0.8666	0.4564
sample14	267.7000	0.0000	0.0000	0.0000	0.0000	0.0000	0.0000	0.0000	0.0000	0.0000	0.0000	0.6099	0.3146	0.6395	0.3738	0.5525	0.5876	0.7365	0.4973	0.8485	0.5356
sample15	311.6500	0.0000	0.0000	0.0000	0.0000	0.0000	0.0000	0.0000	0.0000	0.0000	0.0000	0.7447	0.2602	0.6395	0.4727	0.4784	0.6296	0.7952	0.4939	0.8614	0.5005
sample16	219.5740	0.0000	0.0000	0.0000	0.2500	0.0000	0.0000	0.0000	0.0000	0.0000	0.0000	0.3688	0.2373	0.3605	0.2420	0.3148	0.5030	0.8432	0.6468	0.8832	0.6486
sample17	172.1500	0.0000	0.0000	0.0000	0.0000	0.0000	0.0000	0.5000	0.0000	0.0000	0.0000	0.5390	0.4777	0.3605	0.2863	0.5309	0.6182	0.8098	0.4610	0.8739	0.3630
sample18	198.4000	0.0000	0.0000	0.0000	0.0000	0.0000	0.0000	1.0000	0.0000	0.0000	0.0000	0.7660	0.5013	0.3605	0.3966	0.6142	0.7477	0.8193	0.4759	0.8730	0.2019
sample19	272.0000	0.0000	0.0000	0.0000	0.0000	0.0000	0.0000	0.0000	0.0000	0.0000	0.0000	0.9858	0.0184	0.7326	0.3738	0.0309	0.7914	0.1619	0.0688	0.3637	0.4913
sample20	341.0000	1.0000	0.0000	0.0000	0.0000	0.0000	0.0000	0.0000	0.0000	0.0000	0.0000	0.9716	0.1480	0.7326	0.4372	0.2778	0.7348	0.1220	0.3116	0.3266	0.4803
sample21	334.0000	0.0000	1.0000	0.0000	0.0000	0.0000	0.0000	0.0000	0.0000	0.0000	0.0000	0.9716	0.2540	0.7326	0.4892	0.5309	0.8391	0.0463	0.4129	0.3654	0.5573
sample22	395.8500	0.0000	0.0000	0.0000	0.0000	0.0000	0.0000	0.0000	0.0000	0.0000	0.0000	0.9716	0.2515	0.7326	0.4245	0.2160	0.7324	0.0000	0.3249	0.4333	0.7536
sample23	359.0000	0.0000	0.0000	0.0000	0.0000	0.0000	0.0000	0.0000	0.0000	0.0000	0.0000	0.9787	0.0089	1.0000	0.3776	0.0154	0.7561	0.1419	0.3788	0.4151	0.2326
sample24	341.0000	0.0000	0.0000	0.0000	0.0000	0.0000	0.0000	0.0000	0.0000	0.0000	0.0000	1.0000	0.0060	1.0000	0.3738	0.0185	0.7809	0.3782	0.0000	0.5868	0.3840
sample25	347.4000	0.0000	0.0000	0.0000	0.0000	0.0000	0.0000	0.0000	0.0000	0.0000	0.0000	0.9504	0.2070	0.7326	0.4283	0.2315	0.6937	0.5504	0.4083	0.6175	0.5640
sample26	312.4500	0.0000	0.0000	0.0000	0.0000	0.0000	0.0000	0.0000	0.0000	0.0000	0.0000	0.8865	0.1367	0.7326	0.5234	0.2315	0.6782	0.8906	0.5887	0.9326	0.6671
sample27	293.0000	0.0000	0.0000	0.0000	0.0000	0.0000	1.0000	0.0000	0.0000	0.0000	0.0000	0.9362	0.0232	0.7326	0.3928	0.0340	0.6600	0.3458	0.2324	0.6537	0.7343
sample28	183.2000	0.0000	0.0000	0.0000	0.0000	0.2500	0.0000	0.0000	0.0000	0.0000	0.0000	0.3901	0.5270	0.3372	0.3840	1.0000	0.5575	0.8761	0.6021	0.9108	0.4304
sample29	341.0000	0.0000	0.0000	0.0000	0.0000	0.0000	0.0000	0.0000	0.0000	0.0000	0.0000	0.9220	0.0965	0.7326	0.4752	0.2685	0.6864	0.7992	0.4457	0.8560	0.6862
sample30	230.0000	0.0000	0.0000	0.0000	0.0000	0.0000	0.0000	0.0000	0.0000	0.0000	0.0000	0.4894	0.3664	0.7326	0.2280	0.5000	0.4563	0.4288	0.8701	0.1630	0.0000
sample31	159.1000	0.0000	0.0000	0.0000	0.0000	0.0000	0.0000	0.0000	1.0000	0.0000	0.0000	0.3688	0.2563	0.4070	0.2787	0.2901	0.6748	0.8460	0.3597	0.8472	0.4304
sample32	174.4500	0.0000	0.0000	0.0000	0.0000	0.0000	0.0000	0.0000	0.0000	1.0000	0.0000	0.7092	0.2778	0.0000	0.3561	0.6111	1.0000	0.8623	0.0096	0.9110	0.4783
sample33	426.0000	0.0000	0.0000	0.0000	0.0000	0.0000	0.0000	0.0000	0.0000	0.0000	0.0000	0.8014	0.2593	0.7326	0.3738	0.3796	0.6692	0.1494	0.1101	0.0000	0.7114
sample34	352.5250	0.0000	0.0000	0.0000	0.0000	0.0000	0.0000	0.0000	0.0000	0.0000	0.0000	0.6170	0.2815	1.0000	0.2825	0.2778	0.5852	0.3112	0.1288	0.1506	0.3572
sample35	237.5000	0.0000	0.0000	0.0000	0.0000	0.0000	0.0000	0.0000	0.0000	0.0000	0.0000	0.4823	0.2303	1.0000	0.2280	0.2284	0.5661	0.6464	0.3112	0.7233	0.5488
sample36	213.8000	0.0000	0.0000	0.0000	0.2500	0.0000	0.0000	0.0000	0.0000	0.0000	0.0000	0.5035	0.2993	0.6395	0.3409	0.4753	0.5423	0.7035	0.4950	0.8543	0.5732
