        Rank        RMSE       MaxAE  Feature_ID
           1   31.326775   84.632203  (      40   10008)
           2   31.436923   82.787621  (       1   10020)
           3   31.767069   77.566596  (       1   10006)
           4   31.793631   83.751056  (      76   15719)
           5   31.816021  120.039580  (       1   10001)
           6   31.819299  116.465151  (       1   10002)
           7   31.846161  115.909017  (       1   10003)
           8   31.875237   96.092994  (      91   10008)
           9   32.388117   90.373688  (       1   10008)
          10   32.464077   95.634280  (      76   10014)
          11   32.548765  107.641679  (       1   10004)
          12   32.586299   74.952969  (       1   10021)
          13   32.602027   69.873673  (       1   10038)
          14   32.625539   84.923272  (    7063   14832)
          15   32.701587   94.594919  (       1   10022)
          16   32.704665   75.782093  (       1   10457)
          17   32.705626  119.103271  (       1   10005)
          18   32.799403  100.164919  (       1   10030)
          19   32.830677  119.112306  (       1   10007)
          20   32.903159   94.648224  (    7063   19845)
          21   32.923813  109.489581  (       1   10009)
          22   32.931686   81.329134  (       1   11827)
          23   32.967584  119.021964  (       1   10010)
          24   32.971201   79.173886  (      89   10003)
          25   32.973544   71.655264  (      91   19576)
          26   32.977962   85.765438  (       1   10012)
          27   32.983180   69.174023  (       1   10018)
          28   32.985921  119.263454  (       1   10011)
          29   32.986583   68.525058  (       1   10014)
          30   32.992817   95.564667  (       1   10059)
          31   33.004499   79.474978  (      89   10002)
          32   33.014296  112.451861  (       1   10016)
          33   33.043349   78.053593  (       1   11715)
          34   33.056960  119.508201  (       1   10013)
          35   33.068793   93.443556  (    1419   16580)
          36   33.069176  117.790015  (       1   10015)
          37   33.122500   81.613267  (       1   15459)
          38   33.128355   83.113786  (       1   10086)
          39   33.128681   83.114081  (       1   10087)
          40   33.134315  119.748520  (       1   10017)
          41   33.190786   85.027894  (      91   10032)
          42   33.191545   76.516481  (      34   10014)
          43   33.196164   90.544377  (       1   10131)
          44   33.201268  119.976311  (       1   10019)
          45   33.207080   72.949396  (       1   10040)
          46   33.242119   95.071703  (      40   10030)
          47   33.260079   82.572364  (       1   13937)
          48   33.267755   79.208318  (       1   10024)
          49   33.276531   92.908709  (      40   10204)
          50   33.280297   85.309328  (      91   10031)
          51   33.288492   68.036683  (       1   18128)
          52   33.292295   89.908924  (       1   10023)
          53   33.335650  114.538337  (       1   10046)
          54   33.378399   93.104693  (      40   17633)
          55   33.386145   84.427052  (       1   10322)
          56   33.390613   97.624178  (       1   10027)
          57   33.391741  109.703161  (      40   12341)
          58   33.428664   83.857897  (      40   10032)
          59   33.430890   97.708514  (      40   10685)
          60   33.437696   87.694994  (       1   10035)
          61   33.439833  100.708248  (       1   10165)
          62   33.450273   79.252464  (       1   10041)
          63   33.450405   85.629268  (      91   12254)
          64   33.464211   84.100647  (       1   14141)
          65   33.466572   84.066668  (      40   10031)
          66   33.467761  100.743612  (       1   10150)
          67   33.469037   72.780899  (       1   10075)
          68   33.472599   91.990915  (       1   10036)
          69   33.476139   81.576435  (    2333   12110)
          70   33.484956   93.276935  (       1   10033)
          71   33.496577   83.783900  (       1   10079)
          72   33.502920   91.481055  (       1   10029)
          73   33.510769   76.655721  (       1   10025)
          74   33.513563   96.001110  (       1   10026)
          75   33.527939  101.512937  (       1   10043)
          76   33.554887   73.998090  (       1   10157)
          77   33.555473  116.063150  (       1   10028)
          78   33.561852   80.856994  (       1   10031)
          79   33.566148   86.760074  (       1   10047)
          80   33.566168   84.334710  (       1   10044)
          81   33.568771  101.039914  (       1   10052)
          82   33.572992   97.094637  (       1   14734)
          83   33.575767   77.286647  (    6039   10014)
          84   33.580789   92.915264  (       1   10037)
          85   33.584667   80.722509  (       1   10032)
          86   33.591768   87.619397  (       1   13020)
          87   33.611339  109.333847  (       1   10034)
          88   33.622603   91.636667  (       1   10460)
          89   33.624379  100.524355  (       1   10381)
          90   33.635832   86.216184  (      91   13941)
          91   33.637259   97.287670  (       1   10054)
          92   33.646086   95.478387  (      40   10165)
          93   33.646482   92.488122  (    9040   16580)
          94   33.664269   94.387965  (       1   10098)
          95   33.667624  102.981635  (      40   10206)
          96   33.670029   72.330636  (       1   10148)
          97   33.670511   85.528290  (       1   10039)
          98   33.673930   92.126490  (       1   10042)
          99   33.680414  107.323581  (      40   19469)
         100   33.682848   70.620337  (       1   10764)
