Model_ID, [(c_i,i=0,n)_j,j=1,ntask]
           1    0.3131994707E+03    0.2416770035E+03   -0.2411831749E+03
           2    0.3578958195E+03    0.2527963442E+03    0.4545668011E+03
           3    0.3565358151E+03    0.2444120602E+03   -0.4734086903E+03
           4    0.2609095063E+03   -0.2013009773E+03    0.1165892362E+04
           5    0.3386811225E+03    0.2224598396E+03    0.3082718833E+03
           6    0.3368905533E+03    0.2214861849E+03    0.2830501429E+03
           7    0.3368503703E+03    0.2210554365E+03    0.2769815716E+03
           8    0.3102841472E+03    0.2282452974E+03   -0.2443225836E+03
           9    0.3118993695E+03    0.2104033552E+03   -0.2157905997E+03
          10    0.2719311646E+03   -0.2227435205E+03    0.1028454557E+04
          11    0.3417800361E+03    0.2247357187E+03   -0.2990431725E+03
          12    0.3587063052E+03    0.2419893496E+03    0.5505977460E+03
          13    0.3580273155E+03    0.2452466097E+03    0.5701055817E+03
          14    0.1113813891E+03    0.1374303965E+03   -0.6074694076E+03
          15    0.3457780106E+03    0.2408293577E+03   -0.1674716315E+03
          16    0.3624783816E+03    0.2523858546E+03    0.6066792976E+03
          17    0.3399245189E+03    0.2229127244E+03    0.2639456667E+03
          18    0.3094190821E+03    0.2419425036E+03    0.1439089532E+03
          19    0.3379649228E+03    0.2242531682E+03    0.2895929585E+03
          20    0.1244391658E+03    0.1255107690E+03   -0.6957210939E+03
          21    0.3447898349E+03    0.2210157482E+03   -0.2412909512E+03
          22    0.2731030452E+03    0.2540578393E+03    0.6640807338E+02
          23    0.3388519784E+03    0.2228981355E+03    0.2825296305E+03
          24    0.2355873872E+03   -0.1373666114E+03    0.2964150565E+03
          25    0.3649911010E+03    0.2774975657E+03   -0.2037370680E+04
          26    0.3527695038E+03    0.2202325139E+03   -0.5897567152E+02
          27    0.3550983247E+03    0.2323608227E+03    0.6530227906E+03
          28    0.3386145833E+03    0.2238696989E+03   -0.2834604443E+03
          29    0.3581045344E+03    0.2303915910E+03    0.8978961230E+03
          30    0.3467369817E+03    0.2432646546E+03    0.1748671898E+03
          31    0.2354670801E+03   -0.1376284297E+03    0.3022292390E+03
          32    0.3439485290E+03    0.2308273917E+03    0.5311005736E+03
          33    0.3589379450E+03    0.2528667645E+03    0.5011407938E+03
          34    0.3388051435E+03    0.2241686591E+03    0.2820113407E+03
          35    0.2451478314E+03   -0.1461126495E+03    0.1105949346E+04
          36    0.3373765155E+03    0.2226773931E+03    0.2888808686E+03
          37    0.2719461861E+03    0.2557436104E+03    0.6797832911E+02
          38    0.2619826619E+03    0.2432085814E+03    0.6058870564E+02
          39    0.2619778752E+03    0.2432123449E+03    0.6059309954E+02
          40    0.3390024668E+03    0.2244647215E+03    0.2803776046E+03
          41    0.2473199589E+03    0.2480006271E+03    0.6951510253E+02
          42    0.3515413916E+03    0.2333174137E+03    0.9658305230E+03
          43    0.3652708101E+03    0.2050478091E+03   -0.9126101358E+02
          44    0.3388271701E+03    0.2254303013E+03    0.2799457256E+03
          45    0.3580162736E+03    0.2383273773E+03    0.2891710273E+03
          46    0.3130332697E+03    0.2799131465E+03    0.1544009142E+03
          47    0.2796718467E+03    0.2534440884E+03    0.7589092665E+02
          48    0.2936283238E+03    0.2338681335E+03    0.8448432719E+02
          49    0.3552846171E+03    0.2736183368E+03    0.1037212655E+03
          50    0.2493574134E+03    0.2472927127E+03    0.6795978323E+02
          51    0.3618444103E+03    0.2556326701E+03    0.6121670274E+03
          52    0.3536747167E+03    0.2187048172E+03   -0.6140365967E+02
          53    0.3431027015E+03    0.2371562811E+03    0.1247961925E+03
          54    0.3285465212E+03    0.2560197511E+03   -0.9384702706E+02
          55    0.3299618398E+03    0.2447399017E+03    0.1015617665E+03
          56    0.3164109436E+03    0.2320133964E+03   -0.9163202516E+02
          57    0.3777259343E+03    0.2426228047E+03    0.8714436884E+02
          58    0.2547335105E+03    0.2613647429E+03    0.6628931471E+02
          59    0.3565813522E+03    0.2723958550E+03    0.1145231072E+03
          60    0.3593626275E+03    0.2329339234E+03   -0.5157118796E+02
          61    0.3096506509E+03    0.2422990027E+03    0.1451904659E+03
          62    0.2930014148E+03    0.2344640590E+03    0.8667486960E+02
          63    0.2478825916E+03    0.2360428961E+03    0.6356347962E+02
          64    0.3384446525E+03    0.2517023156E+03   -0.1091136906E+03
          65    0.2564726715E+03    0.2607058679E+03    0.6493759677E+02
          66    0.3114128850E+03    0.2416582816E+03    0.1332034085E+03
          67    0.3579578767E+03    0.2382067101E+03    0.2863258593E+03
          68    0.3105149796E+03    0.2322623453E+03    0.9362638917E+02
          69    0.3690289040E+03    0.2872192263E+03    0.7827031622E+03
          70    0.3138976905E+03    0.2311896303E+03    0.8131086426E+02
          71    0.3547818553E+03    0.2112250250E+03    0.8206420643E+02
          72    0.3155225571E+03    0.2199673677E+03    0.6230457786E+02
          73    0.2945098050E+03    0.2252835567E+03    0.8060584980E+02
          74    0.3588390115E+03    0.2230792437E+03    0.7589552088E+02
          75    0.3224146214E+03    0.2330530480E+03   -0.7725280255E+02
          76    0.2967098857E+03    0.2086883783E+03    0.1751393991E+03
          77    0.3377588315E+03    0.2240045916E+03    0.2386785304E+03
          78    0.2592871638E+03    0.2259669510E+03    0.5910196059E+02
          79    0.3554631938E+03    0.2332634416E+03   -0.1851968357E+03
          80    0.3007201032E+03    0.2326135791E+03    0.9093314910E+02
          81    0.3210282494E+03    0.2337061071E+03   -0.8051963949E+02
          82    0.2477732076E+03    0.2511129278E+03    0.1060692217E+03
          83    0.3592424460E+03    0.2573335671E+03    0.1240503352E+04
          84    0.3139103829E+03    0.2295622310E+03    0.4196080387E+02
          85    0.2579709977E+03    0.2264332131E+03    0.6014654417E+02
          86    0.3643498223E+03    0.1999650500E+03   -0.9057363014E+02
          87    0.3436050619E+03    0.2245583532E+03   -0.2504242153E+03
          88    0.3680532583E+03    0.2062612717E+03    0.9763915710E+02
          89    0.3092030314E+03    0.2424406369E+03    0.1436246824E+03
          90    0.2485061399E+03    0.2365015073E+03    0.6335223595E+02
          91    0.3152266264E+03    0.2325711124E+03   -0.9423236088E+02
          92    0.3126349138E+03    0.2809135417E+03    0.1582107074E+03
          93    0.3146195017E+03    0.2257139933E+03    0.1203300440E+04
          94    0.3530213469E+03    0.2121991600E+03    0.7837734279E+02
          95    0.3244074186E+03    0.2754163072E+03    0.1445194509E+03
          96    0.3584516079E+03    0.2389345875E+03    0.2901699992E+03
          97    0.3614500157E+03    0.2258696880E+03    0.7312818057E+02
          98    0.3167623688E+03    0.2284794267E+03    0.5447376519E+02
          99    0.3332369371E+03    0.2731455886E+03    0.1167620646E+03
         100    0.3633135679E+03    0.2438130948E+03    0.4085459413E+03
