        Rank        RMSE       MaxAE  Feature_ID
           1    4.205119   10.781613  (       1)
           2    4.221499   10.793933  (       2)
           3    4.245551   11.618543  (       3)
           4    4.284206   12.580253  (       4)
           5    4.327170   11.739101  (       5)
           6    4.363898    8.596004  (       6)
           7    4.372336   12.412066  (       7)
           8    4.375474   11.937368  (       8)
           9    4.378449   12.667835  (       9)
          10    4.381044   10.783723  (      10)
          11    4.384555   12.681583  (      11)
          12    4.387385   10.583459  (      12)
          13    4.398024    9.920557  (      13)
          14    4.400080   10.293041  (      14)
          15    4.401723   11.304836  (      15)
          16    4.403290   10.174070  (      16)
          17    4.408994    8.745227  (      17)
          18    4.410241   10.963619  (      18)
          19    4.415004   10.946124  (      19)
          20    4.422658    9.843761  (      20)
          21    4.427432   10.155091  (      21)
          22    4.434279   10.635204  (      22)
          23    4.435458   10.284444  (      23)
          24    4.435722   10.663894  (      24)
          25    4.442177   12.765745  (      25)
          26    4.442332   10.447197  (      26)
          27    4.443658   10.823509  (      27)
          28    4.443941   12.104883  (      28)
          29    4.446699   12.765113  (      29)
          30    4.447886   10.861351  (      30)
          31    4.448194   12.015638  (      31)
          32    4.449313    9.270812  (      32)
          33    4.449947   10.406558  (      33)
          34    4.451483   10.476852  (      34)
          35    4.451616   12.037456  (      35)
          36    4.451713   10.246816  (      36)
          37    4.452510   10.524396  (      37)
          38    4.452778    9.801090  (      38)
          39    4.453586   12.535102  (      39)
          40    4.453742    9.596749  (      40)
          41    4.455430   10.154473  (      41)
          42    4.457457   10.162011  (      42)
          43    4.458064   12.575770  (      43)
          44    4.458184   12.791685  (      44)
          45    4.458661   11.119624  (      45)
          46    4.458914   11.723341  (      46)
          47    4.459647   11.100985  (      47)
          48    4.462279   10.153605  (      48)
          49    4.462611   12.941186  (      49)
          50    4.463677   12.335880  (      50)
          51    4.467826   10.550707  (      51)
          52    4.469053   11.503761  (      52)
          53    4.469382   11.313173  (      53)
          54    4.469677   10.385427  (      54)
          55    4.469956   10.704590  (      55)
          56    4.471865   10.424423  (      56)
          57    4.471931   11.016216  (      57)
          58    4.473011   10.842562  (      58)
          59    4.473450   11.150049  (      59)
          60    4.473496   10.159007  (      60)
          61    4.475853   13.952922  (      61)
          62    4.476959   10.277766  (      62)
          63    4.477058   10.402678  (      63)
          64    4.477169    9.863591  (      64)
          65    4.477292   11.819993  (      65)
          66    4.477737   10.980268  (      66)
          67    4.477904   10.226390  (      67)
          68    4.479081   10.491264  (      68)
          69    4.479798   10.548191  (      69)
          70    4.482096   10.202267  (      70)
          71    4.485443   11.071062  (      71)
          72    4.485740   10.166081  (      72)
          73    4.488339   10.966014  (      73)
          74    4.489918    9.205738  (      74)
          75    4.490939   10.528081  (      75)
          76    4.492674   10.375420  (      76)
          77    4.493330   10.953902  (      77)
          78    4.493550   10.346053  (      78)
          79    4.499218   10.501227  (      79)
          80    4.499673    9.201555  (      80)
          81    4.501443   10.070167  (      81)
          82    4.502035   10.406284  (      82)
          83    4.503366   11.773632  (      83)
          84    4.504220   11.000201  (      84)
          85    4.505437   10.309691  (      85)
          86    4.506184   10.134075  (      86)
          87    4.507299   10.163178  (      87)
          88    4.507651   13.259065  (      88)
          89    4.508123   12.377189  (      89)
          90    4.508438   12.349563  (      90)
          91    4.510232   11.874481  (      91)
          92    4.510957   10.919651  (      92)
          93    4.511357   10.238261  (      93)
          94    4.511899   13.231042  (      94)
          95    4.512112   11.290738  (      95)
          96    4.514102    9.972071  (      96)
          97    4.515151   13.318259  (      97)
          98    4.515214    9.919930  (      98)
          99    4.515890   10.198100  (      99)
         100    4.517021   12.361158  (     100)
