Model_ID, [(c_i,i=0,n)_j,j=1,ntask]
           1    0.7418893839E+01    0.7433014942E+02
           2    0.7407825154E+01    0.7432605420E+02
           3    0.1568224014E+02    0.3240375802E+02
           4    0.6313909398E+01   -0.9224916453E+01
           5    0.5454083728E+01    0.2649108484E+02
           6    0.2710146341E+02    0.1392913583E+02
           7    0.5233252489E+01    0.1474021124E+02
           8    0.1481458695E+02   -0.2303587769E+02
           9    0.6765163187E+01   -0.1502657971E+02
          10    0.2436297726E+02   -0.1266688656E+02
          11    0.2336165236E+02    0.1357756310E+02
          12    0.6486429926E+01   -0.1324147865E+02
          13    0.4330657833E+01    0.1661078075E+02
          14    0.6607078841E+01    0.1633542269E+02
          15    0.8052862376E+01   -0.5749560715E+02
          16    0.6106543350E+01   -0.1316543372E+02
          17    0.4916154016E+01   -0.1608105223E+02
          18    0.1420239823E+02    0.2600048042E+02
          19    0.1421883514E+02   -0.2602900933E+02
          20    0.6128890691E+01    0.1720714296E+02
          21    0.6499746616E+01    0.1800641443E+02
          22    0.5027457742E+01    0.2133708894E+02
          23    0.6138565171E+01    0.2291762955E+02
          24    0.5564768652E+01    0.2419433304E+02
          25    0.4607134294E+01    0.2676573136E+02
          26    0.9771429404E+01    0.1856510397E+02
          27    0.3892256312E+01   -0.1350921835E+02
          28    0.1923780821E+02    0.2604631713E+02
          29    0.4171834182E+01    0.2820765759E+02
          30    0.6127046454E+01    0.1271612918E+02
          31    0.6626990675E+01    0.1519053715E+02
          32    0.6563831400E+01    0.2369194034E+02
          33    0.6194514153E+01    0.9231813904E+01
          34    0.2278224000E+02   -0.1181705555E+02
          35    0.1532968326E+02   -0.1649380326E+02
          36    0.5913350117E+01    0.1683906900E+02
          37    0.9834652783E+01    0.1871633125E+02
          38    0.6014433461E+01    0.1731560686E+02
          39    0.4187279415E+01   -0.2846022922E+02
          40    0.5912656457E+01    0.1125962534E+02
          41    0.5768649335E+01    0.2338567004E+02
          42    0.5962635222E+01    0.2319698410E+02
          43    0.1664372051E+02    0.1690275135E+02
          44    0.7560173360E+01   -0.9184478202E+02
          45    0.2070196787E+02    0.2598312186E+02
          46    0.7917763160E+01   -0.4187498245E+02
          47    0.5794522294E+01   -0.8179490484E+01
          48    0.5893091156E+01    0.2326996876E+02
          49    0.5145446850E+01    0.2819871073E+02
          50    0.5822577598E+01    0.2890231382E+02
          51    0.4908455032E+01    0.1333255149E+03
          52    0.2546900706E+02    0.1631959511E+02
          53    0.3875794763E+01   -0.1408354295E+02
          54    0.6344714810E+01    0.1645111762E+02
          55    0.5427946654E+01   -0.4755067384E+02
          56    0.6288991447E+01    0.2264572504E+02
          57    0.6664705075E+01    0.1234784689E+02
          58    0.2173651764E+02    0.1259028709E+02
          59    0.1638725654E+02    0.2754995186E+02
          60    0.5878858616E+01    0.2327823702E+02
          61    0.3122547955E+02    0.1067861166E+02
          62    0.6195389895E+01    0.2287067760E+02
          63    0.6098707537E+01    0.1843579336E+02
          64    0.2594373926E+02    0.1121239524E+02
          65    0.8235450574E+01    0.2294611300E+02
          66    0.6460722618E+01    0.1247544159E+02
          67    0.6074349473E+01    0.2303210959E+02
          68    0.4608027100E+01    0.1616583266E+02
          69    0.7145553384E+01    0.1579524509E+02
          70    0.6127741105E+01    0.2300470586E+02
          71    0.6549583921E+01    0.1237990102E+02
          72    0.5865312947E+01    0.2328429611E+02
          73    0.6313139707E+01    0.1256150580E+02
          74    0.4819555363E+01    0.3083044548E+02
          75    0.6469517565E+01    0.1626907404E+02
          76    0.6154401201E+01    0.1658746477E+02
          77    0.6196881243E+01    0.1262977297E+02
          78    0.5995701502E+01    0.1671547150E+02
          79    0.6422114771E+01    0.2244917180E+02
          80    0.2748160692E+02   -0.1430981546E+02
          81    0.5649060604E+01    0.2123453108E+02
          82    0.6263599576E+01    0.1649213180E+02
          83    0.7493023316E+01    0.1651155117E+02
          84    0.6400686516E+01    0.1249676828E+02
          85    0.6214893779E+01   -0.1323572745E+02
          86    0.6031430410E+01    0.1722758019E+02
          87    0.5975700729E+01   -0.1347462396E+02
          88    0.4356085880E+01    0.2740932331E+02
          89    0.6160290634E+01    0.2842061313E+02
          90    0.6858143091E+01   -0.2106844926E+02
          91    0.2034867900E+02    0.2711416286E+02
          92    0.5047590496E+01   -0.2147953600E+02
          93    0.6217015335E+01    0.2288741815E+02
          94    0.4483692463E+01   -0.1364604981E+02
          95    0.2060577498E+02    0.2576869156E+02
          96    0.5787473922E+01   -0.3562957495E+02
          97    0.4484781084E+01   -0.1359407649E+02
          98    0.6113097653E+01    0.1716546550E+02
          99    0.5812244571E+01    0.2330400449E+02
         100    0.6333178767E+01    0.2822126246E+02
