Model_ID, [(c_i,i=0,n)_j,j=1,ntask]
           1    0.1208370903E+02    0.1223743186E+02   -0.5084015565E+02
           2    0.1211640106E+02   -0.1209198419E+02   -0.5097353519E+02
           3    0.1806669818E+02    0.1807142377E+02    0.1095287370E+03
           4    0.1274090165E+02    0.1255809858E+02   -0.4804913035E+02
           5    0.2075918326E+02   -0.1053555184E+02   -0.3302408246E+03
           6    0.1276253437E+02    0.1251315704E+02   -0.4807410320E+02
           7    0.1278680842E+02   -0.1235695305E+02   -0.4825461277E+02
           8    0.1277094632E+02   -0.1233794355E+02   -0.4831948678E+02
           9    0.1688988005E+02    0.1603857432E+02    0.3731910131E+02
          10    0.1278353494E+02    0.1231691321E+02   -0.4835756753E+02
          11    0.1991440870E+02    0.1925653340E+02    0.1083417792E+03
          12    0.1278931924E+02    0.1225721450E+02   -0.4843941317E+02
          13    0.1391248132E+02    0.1344443847E+02   -0.4514486478E+02
          14    0.2142444208E+02   -0.1998436088E+02    0.3680992824E+03
          15    0.1789773770E+02    0.1785341186E+02    0.1100796620E+03
          16    0.1678620637E+02    0.1589832222E+02   -0.3752648057E+02
          17    0.1853482939E+02    0.1709689162E+02    0.3698258675E+02
          18    0.1605568052E+02    0.1445784044E+02    0.3525466280E+03
          19    0.1391745503E+02   -0.1317438916E+02   -0.4553492588E+02
          20    0.1265747800E+02   -0.1315522149E+02   -0.4921758133E+02
          21    0.1254061215E+02    0.1230891016E+02   -0.4619931147E+02
          22    0.1659963653E+02    0.1560678417E+02    0.3689115905E+02
          23    0.2134143209E+02    0.1988204057E+02    0.3601147532E+03
          24    0.2136131827E+02    0.1988762573E+02    0.3665145720E+03
          25    0.1637658389E+02    0.1466208897E+02    0.3614874767E+02
          26    0.1391002391E+02    0.1312875901E+02   -0.4565439009E+02
          27    0.1924413248E+02    0.1703126833E+02   -0.5013550334E+02
          28    0.1841547581E+02    0.1695462810E+02   -0.3727698944E+02
          29    0.1654345735E+02    0.1551399764E+02    0.3687330648E+02
          30    0.1664118033E+02    0.1519274488E+02   -0.9586520954E+02
          31    0.1649756509E+02   -0.1547895050E+02    0.3652676312E+02
          32    0.1649741866E+02    0.1547879361E+02    0.3652600832E+02
          33    0.1655572837E+02    0.1551022536E+02    0.3706831985E+02
          34    0.1899751782E+02    0.1642667965E+02   -0.4860803196E+02
          35    0.1655606083E+02    0.1550982250E+02    0.3707594467E+02
          36    0.2047551578E+02    0.1932772288E+02   -0.5111183109E+02
          37    0.1297885392E+02    0.1226466309E+02   -0.5385887489E+02
          38    0.1255937474E+02    0.1222318106E+02   -0.4634740116E+02
          39    0.6484950204E+01   -0.1106490812E+02   -0.4787341614E+02
          40    0.1759718600E+02    0.1601752408E+02   -0.4990548855E+02
          41    0.1267527742E+02    0.1305031238E+02   -0.4936957801E+02
          42    0.1922036445E+02    0.1824415010E+02    0.3632507287E+03
          43    0.1656165624E+02    0.1549119231E+02    0.3729655204E+02
          44    0.1918422367E+02    0.1820547081E+02    0.3578708589E+03
          45    0.1258541301E+02    0.1207331356E+02   -0.4654696074E+02
          46    0.2411710768E+02   -0.2253812915E+02   -0.3186092436E+03
          47    0.1007904868E+02   -0.1154147001E+02   -0.4673818663E+02
          48    0.1649875871E+02    0.1547317434E+02   -0.3712341476E+02
          49    0.1648418635E+02   -0.1541445589E+02    0.3686610374E+02
          50    0.8935636788E+01   -0.1002463502E+02   -0.2155124779E+03
          51    0.1296866697E+02   -0.1200247487E+02   -0.5443932697E+02
          52    0.2017821265E+02    0.1862123326E+02   -0.4944873038E+02
          53    0.1643002280E+02    0.1539433525E+02    0.3627398371E+02
          54    0.1260209957E+02   -0.1303931863E+02   -0.5919718712E+02
          55    0.1673537125E+02    0.1578529727E+02    0.3712753241E+02
          56    0.1895788624E+02    0.1693503312E+02   -0.5052704437E+02
          57    0.1472170862E+02    0.1340184280E+02    0.3543035765E+03
          58    0.6878122867E+01   -0.1006308629E+02   -0.4862992407E+02
          59    0.1257414993E+02    0.1324699761E+02   -0.5900771863E+02
          60    0.1388409199E+02   -0.1413633141E+02   -0.4623940405E+02
          61    0.1625933271E+02    0.1511426497E+02    0.3641588068E+02
          62    0.2049750794E+02    0.1976816335E+02   -0.1141778273E+03
          63    0.1256386065E+02   -0.7679228742E+01   -0.4458762255E+02
          64    0.1189716180E+02    0.1136804137E+02   -0.5598575029E+02
          65    0.1260567532E+02   -0.1300702176E+02   -0.5926310568E+02
          66    0.1644267621E+02    0.1538117766E+02   -0.3711231599E+02
          67    0.1405854244E+02   -0.1494412426E+02   -0.4452785855E+02
          68    0.1182371820E+02    0.1177853514E+02   -0.4880517755E+02
          69    0.1956390674E+02    0.1879385244E+02    0.1052517939E+03
          70    0.1191578499E+02    0.1132514318E+02   -0.5602095605E+02
          71    0.1639869797E+02   -0.1534853266E+02   -0.3676248792E+02
          72    0.1639855558E+02    0.1534838135E+02   -0.3676173222E+02
          73    0.1639563324E+02    0.1535277865E+02    0.3611577752E+02
          74    0.1645383430E+02    0.1537616268E+02   -0.3731098211E+02
          75    0.1366638373E+02    0.1313283276E+02   -0.4330170804E+02
          76    0.1634536521E+02    0.1518633787E+02    0.3630456776E+02
          77    0.1645412289E+02    0.1537571250E+02   -0.3731876911E+02
          78    0.2404470245E+02    0.2243896357E+02   -0.3171767573E+03
          79    0.2397078461E+02    0.2238345752E+02   -0.3105621384E+03
          80    0.1811681558E+02   -0.1651620827E+02    0.3650227242E+02
          81    0.1274849390E+02   -0.7664202099E+01   -0.5175036276E+02
          82    0.1295551074E+02    0.1195078690E+02   -0.5463708373E+02
          83    0.1193085548E+02   -0.1117729632E+02   -0.5630755360E+02
          84    0.1191378336E+02   -0.1115819872E+02   -0.5641854715E+02
          85    0.1893925184E+02   -0.1777280716E+02    0.3645776418E+03
          86    0.1253372141E+02   -0.1224230377E+02   -0.4661263744E+02
          87    0.6413979976E+01   -0.1069831066E+02   -0.4541687268E+02
          88    0.1364816170E+02   -0.8364475507E+01   -0.4226086966E+02
          89    0.1636879249E+02    0.1530558450E+02    0.3613860962E+02
          90    0.1258000625E+02    0.1314578278E+02   -0.5917426220E+02
          91    0.2067396700E+02    0.1963739813E+02   -0.1068793734E+03
          92    0.1002095758E+02   -0.1193184670E+02   -0.4751701423E+02
          93    0.1042004626E+02    0.1218263980E+02    0.4775999159E+02
          94    0.2145454851E+02    0.1835671304E+02   -0.4924968090E+02
          95    0.2033181679E+02    0.1910800765E+02   -0.5065717947E+02
          96    0.1920805390E+02   -0.1818410196E+02   -0.7364951316E+02
          97    0.1636095450E+02   -0.1529372754E+02    0.3612514415E+02
          98    0.1812431866E+02    0.1556981231E+02   -0.4710543810E+02
          99    0.5531682998E+01    0.2744311072E+02    0.3384972432E+03
         100    0.1318220459E+02   -0.1203769203E+02   -0.4583003294E+02
