Model_ID, [(c_i,i=0,n)_j,j=1,ntask]
           1    0.3582841938E+02    0.4321121996E+02    0.8808537124E+03
           2    0.3605834662E+02   -0.4234678490E+02    0.8667103696E+03
           3    0.3537409923E+02    0.4334237808E+02    0.8902403495E+03
           4    0.3544139273E+02    0.4318359364E+02    0.8939213027E+03
           5    0.3895408180E+02    0.4122685605E+02    0.8832960893E+03
           6    0.3584991116E+02    0.4448044246E+02    0.8925610458E+03
           7    0.3547719826E+02   -0.4361374678E+02    0.8501436555E+03
           8    0.3531861213E+02   -0.4341540954E+02    0.8785674404E+03
           9    0.2923416300E+02   -0.2878939784E+02    0.9653567029E+03
          10    0.3422617422E+02   -0.4951619164E+02    0.8531598502E+03
          11    0.3593930924E+02   -0.4436867144E+02    0.8913121233E+03
          12    0.3567629253E+02   -0.4277155206E+02    0.8711349922E+03
          13    0.3591504733E+02    0.4151223095E+02    0.8530243538E+03
          14    0.3503535073E+02   -0.4362649664E+02    0.8807529622E+03
          15    0.3774975263E+02    0.3878837359E+02    0.8353228105E+03
          16    0.3836098857E+02    0.4040509651E+02    0.9274252369E+03
          17    0.2524002628E+02    0.1831950076E+02   -0.1039880286E+03
          18    0.3912689659E+02   -0.4031305401E+02    0.8681301433E+03
          19    0.4216382366E+02   -0.3338941663E+02   -0.2552767736E+03
          20    0.2515540972E+02    0.1802847626E+02    0.1069460613E+03
          21    0.3864515691E+02   -0.4160880800E+02    0.8542197246E+03
          22    0.3487782093E+02    0.4350272424E+02    0.8406436474E+03
          23    0.2513740072E+02    0.1791901465E+02    0.1000067970E+03
          24    0.3581552531E+02    0.4245422010E+02    0.8674157612E+03
          25    0.3118473550E+02   -0.2971594127E+02    0.8782269643E+03
          26    0.3529770670E+02    0.4329973447E+02    0.8646221631E+03
          27    0.3495656935E+02    0.4359272264E+02    0.8802154836E+03
          28    0.1278616414E+02    0.7365240918E+02   -0.1425914371E+03
          29    0.3308546992E+02    0.3644282936E+02    0.8656327279E+03
          30    0.2545126771E+02    0.1783891048E+02   -0.1043119984E+03
          31    0.3746766736E+02    0.4856022469E+02    0.8461207551E+03
          32    0.3062447006E+02   -0.2832278495E+02    0.8549960693E+03
          33    0.3849054131E+02   -0.4133769782E+02    0.8801698967E+03
          34    0.2583097298E+02    0.1828060548E+02    0.9738020353E+02
          35    0.2815229313E+02   -0.2762192131E+02    0.9341848233E+03
          36    0.3211820045E+02   -0.3491351806E+02    0.8759693448E+03
          37    0.3445840812E+02    0.3986918223E+02    0.7869411245E+03
          38    0.3525943776E+02    0.4329855159E+02    0.8589437413E+03
          39    0.3425522006E+02   -0.2726309114E+02   -0.3103043954E+03
          40    0.2407085519E+02    0.1831263699E+02    0.9633632909E+02
          41    0.3392694909E+02    0.4034257425E+02    0.8437854830E+03
          42    0.3157047678E+02   -0.2775071337E+02    0.9667169178E+03
          43    0.4492775292E+02    0.2100736041E+02    0.9605794361E+02
          44    0.4085817784E+02    0.4641730622E+02    0.8544023970E+03
          45    0.3804190632E+02    0.4169666244E+02    0.8473857383E+03
          46    0.3708605810E+02    0.3417041585E+02    0.8294861665E+03
          47    0.1843679053E+02    0.7124059506E+02    0.6659788296E+03
          48    0.1276006000E+02    0.7368317379E+02   -0.1416077357E+03
          49    0.4180664419E+02   -0.3266212015E+02    0.2404239153E+03
          50    0.3786929043E+02   -0.4691503913E+02    0.8572499402E+03
          51    0.4430168555E+02    0.2038663950E+02   -0.1099673727E+03
          52    0.4174722308E+02   -0.3374703428E+02    0.2617355931E+03
          53    0.3264709236E+02   -0.2794698219E+02    0.9175252821E+03
          54    0.1311808588E+02    0.7470524278E+02    0.3416879083E+03
          55    0.3588575928E+02    0.2870384943E+02   -0.1017703529E+03
          56    0.3663456644E+02   -0.3591500503E+02    0.9108016735E+03
          57    0.3649181509E+02    0.4127966373E+02    0.8639251785E+03
          58    0.3481384417E+02    0.4260336513E+02    0.9033068199E+03
          59    0.2548687440E+02    0.1751763843E+02    0.1029030662E+03
          60    0.3797375608E+02    0.4594049302E+02    0.8183193661E+03
          61    0.2947974228E+02   -0.2726120504E+02    0.8348121348E+03
          62    0.3513711385E+02    0.4143974863E+02    0.8234031109E+03
          63    0.1446525230E+02    0.7311955125E+02   -0.1307178542E+03
          64    0.4112424006E+02    0.3975070502E+02    0.2808844070E+03
          65    0.3482906465E+02   -0.3030687771E+02    0.9302308568E+03
          66    0.3283431482E+02   -0.3393215086E+02   -0.3099295089E+03
          67    0.3562388960E+02    0.4555053642E+02    0.8413956141E+03
          68    0.3335416560E+02   -0.2932584404E+02    0.9047924405E+03
          69    0.2893412260E+02    0.2979969664E+02    0.9500873418E+03
          70    0.3770377412E+02   -0.4734254292E+02    0.8297487292E+03
          71    0.1428725889E+02    0.7341166981E+02   -0.1310912144E+03
          72    0.4376856570E+02    0.3609881997E+02    0.8434322604E+03
          73    0.3001542034E+02   -0.2973133857E+02    0.9442823654E+03
          74    0.3766855367E+02    0.4427461790E+02    0.8499799507E+03
          75    0.2429998554E+02   -0.1827431165E+02   -0.1084674135E+03
          76    0.1299966672E+02    0.7488963392E+02    0.3412144668E+03
          77    0.3616843807E+02   -0.4991984240E+02    0.8130121082E+03
          78    0.3744598897E+02    0.3763709519E+02    0.8202973711E+03
          79    0.3743379833E+02   -0.3765098356E+02    0.8204546375E+03
          80    0.4009805010E+02    0.3883631456E+02    0.2798404261E+03
          81    0.3841088029E+02    0.4136109341E+02    0.8630742135E+03
          82    0.3742170251E+02    0.3766421297E+02    0.8206037102E+03
          83    0.1787361505E+02    0.6523804421E+02    0.7265483909E+03
          84    0.3405369344E+02   -0.2875206436E+02    0.9404154539E+03
          85    0.2533894001E+02    0.1742491133E+02   -0.1003977100E+03
          86    0.2497627227E+02    0.1932227499E+02   -0.1089733363E+03
          87    0.4095215175E+02   -0.3956265703E+02    0.2814208336E+03
          88    0.3683988604E+02    0.4126001173E+02    0.8541344897E+03
          89    0.3000742922E+02   -0.2845611818E+02    0.8545310856E+03
          90    0.3248051897E+02    0.2543779542E+02    0.8447336905E+03
          91    0.3953425359E+02    0.3292959213E+02    0.8334962167E+03
          92    0.3599400727E+02    0.2929067541E+02   -0.9946642683E+02
          93    0.3485128425E+02   -0.3444622375E+02    0.8800633560E+03
          94    0.4029339871E+02   -0.4228675789E+02    0.7816308256E+03
          95    0.3702488411E+02   -0.4136015178E+02    0.8363621767E+03
          96    0.4081796302E+02   -0.3914916116E+02    0.2794734823E+03
          97    0.3523703302E+02    0.4123452917E+02    0.8126959941E+03
          98    0.2553252628E+02    0.1935485899E+02    0.1032831043E+03
          99    0.2881403422E+02   -0.2760127432E+02    0.9907100327E+02
         100    0.3663414614E+02    0.1920715537E+02    0.7961631321E+03
