        Rank        RMSE       MaxAE  Feature_ID
           1   21.651949   54.587617  (       3   10202)
           2   21.657724   54.583139  (       3   10205)
           3   21.933891   53.638662  (       3   10140)
           4   22.435282   53.288242  (       3   10171)
           5   22.444506   53.285496  (       3   10174)
           6   22.558975   51.931793  (      43   10373)
           7   22.909533   52.772496  (    5915   10071)
           8   23.132124   55.825139  (       3   11207)
           9   23.146735   49.906189  (       2   17443)
          10   23.156950   51.887394  (       3   19747)
          11   23.218048   59.516099  (       2   10138)
          12   23.250842   62.899326  (     531   19824)
          13   23.270322   57.520701  (       2   10037)
          14   23.382314   47.173540  (      20   10627)
          15   23.511462   57.213378  (       3   12270)
          16   23.580443   55.398032  (       2   10016)
          17   23.587548   53.798117  (       3   12976)
          18   23.594036   45.539674  (       3   19869)
          19   23.602589   47.719342  (      20   10745)
          20   23.645475   45.846780  (       3   11451)
          21   23.690902   54.572988  (       3   15571)
          22   23.699130   57.315838  (     245   15182)
          23   23.748076   64.645012  (    9036   17440)
          24   23.748403   55.767392  (       3   14125)
          25   23.773597   54.907093  (       3   10797)
          26   23.783350   57.201740  (       2   10164)
          27   23.791324   53.782283  (      83   10373)
          28   23.798471   63.879089  (       2   10075)
          29   23.814206   42.483049  (      20   10039)
          30   23.818501   42.498009  (      20   10041)
          31   23.834315   62.880339  (       3   16919)
          32   23.840662   57.208882  (    5915   10229)
          33   23.853024   72.478382  (    4375   13990)
          34   23.866032   49.551877  (       1   10001)
          35   23.874840   48.608031  (      83   10037)
          36   23.875038   49.754398  (       1   10002)
          37   23.896782   54.067964  (       3   11147)
          38   23.925081   54.763186  (       3   11526)
          39   23.931421   56.080035  (       3   17806)
          40   23.936509   70.679940  (      83   10138)
          41   23.961370   51.125807  (       3   11844)
          42   23.964279   58.206317  (       1   10005)
          43   23.999565   50.394078  (       1   10165)
          44   24.001208   60.739849  (       1   10046)
          45   24.009852   63.901637  (       2   10106)
          46   24.045703   50.352003  (       1   10215)
          47   24.072671   65.869973  (       2   11051)
          48   24.080708   57.545802  (       1   10014)
          49   24.106585   52.297964  (       1   10052)
          50   24.107695   58.501146  (       1   10069)
          51   24.130091   53.770809  (       2   10036)
          52   24.134521   59.778463  (       2   14269)
          53   24.135223   53.875576  (       3   15551)
          54   24.148407   59.921316  (       2   15451)
          55   24.153707   52.529397  (       1   10045)
          56   24.171867   55.824370  (       3   14004)
          57   24.186799   55.156982  (       3   11165)
          58   24.197074   41.766780  (    1965   11060)
          59   24.210889   54.596423  (       3   11324)
          60   24.217462   55.427992  (       3   11787)
          61   24.217854   57.526590  (    5915   10077)
          62   24.233462   60.118896  (    1185   19824)
          63   24.253368   51.075865  (       1   10088)
          64   24.262276   58.153878  (       1   10042)
          65   24.262867   56.137716  (    5915   10079)
          66   24.272568   56.827782  (       3   11054)
          67   24.279517   56.104882  (    5915   10214)
          68   24.296333   65.825747  (     587   19824)
          69   24.298152   56.140810  (    5915   10292)
          70   24.310543   53.537178  (       3   10463)
          71   24.311310   70.920200  (       1   10106)
          72   24.324373   69.227462  (       2   11653)
          73   24.332119   54.976049  (       3   11971)
          74   24.332292   55.008798  (       3   17058)
          75   24.333938   64.328926  (       2   10181)
          76   24.338793   61.968313  (       1   12091)
          77   24.342882   70.881514  (       1   10075)
          78   24.356786   53.468776  (       3   10960)
          79   24.367934   48.369649  (      83   10164)
          80   24.391098   45.825982  (      20   10186)
          81   24.392320   43.214075  (     487   11060)
          82   24.392804   52.095177  (       1   10003)
          83   24.397067   59.496091  (     487   12597)
          84   24.398672   64.223319  (       2   10460)
          85   24.400011   61.098186  (       3   10336)
          86   24.410211   46.070226  (      83   10016)
          87   24.429841   55.972471  (       1   10021)
          88   24.436760   71.348090  (       1   10181)
          89   24.453908   65.090658  (     810   19824)
          90   24.461926   57.359164  (       3   11623)
          91   24.464320   55.534503  (       3   11178)
          92   24.469101   55.074712  (       3   15134)
          93   24.470581   63.170561  (       3   13379)
          94   24.473869   55.377157  (       3   12084)
          95   24.476833   58.480322  (       3   10376)
          96   24.479558   66.268695  (       1   10138)
          97   24.484039   56.135466  (    5915   10183)
          98   24.503107   55.687714  (    5915   10033)
          99   24.507948   66.098024  (       1   10004)
         100   24.524742   58.886141  (       1   10188)
