        Rank        RMSE       MaxAE  Feature_ID
           1   11.589053   22.692936  (       1)
           2   12.180711   21.944218  (       2)
           3   12.190931   21.870583  (       3)
           4   12.240473   30.447314  (       4)
           5   12.256885   31.939542  (       5)
           6   12.335099   32.859017  (       6)
           7   12.510208   26.170268  (       7)
           8   12.557879   24.349460  (       8)
           9   12.702651   29.463233  (       9)
          10   12.714153   27.356912  (      10)
          11   12.715279   29.451835  (      11)
          12   12.727504   26.529833  (      12)
          13   12.747521   31.595983  (      13)
          14   12.768027   28.242486  (      14)
          15   12.769493   24.447468  (      15)
          16   12.785791   26.385103  (      16)
          17   12.786153   31.731007  (      17)
          18   12.789856   26.311210  (      18)
          19   12.796112   26.380934  (      19)
          20   12.818735   26.056211  (      20)
          21   12.823187   26.930733  (      21)
          22   12.828502   31.045077  (      22)
          23   12.833285   26.601297  (      23)
          24   12.855616   26.570806  (      24)
          25   12.870295   29.504047  (      25)
          26   12.874961   25.997843  (      26)
          27   12.876192   29.587999  (      27)
          28   12.880873   29.611410  (      28)
          29   12.883089   29.620682  (      29)
          30   12.883129   31.425826  (      30)
          31   12.886425   26.505392  (      31)
          32   12.894856   26.503610  (      32)
          33   12.903683   31.161993  (      33)
          34   12.906130   26.495245  (      34)
          35   12.906509   26.192189  (      35)
          36   12.913884   26.488010  (      36)
          37   12.920210   26.484359  (      37)
          38   12.922342   32.936415  (      38)
          39   12.922950   26.478939  (      39)
          40   12.929989   30.014286  (      40)
          41   12.931218   31.527732  (      41)
          42   12.939160   34.254464  (      42)
          43   12.942653   26.458775  (      43)
          44   12.946876   26.450343  (      44)
          45   12.956155   31.677189  (      45)
          46   12.957507   34.640993  (      46)
          47   12.960585   26.418244  (      47)
          48   12.964968   34.500785  (      48)
          49   12.975417   26.422924  (      49)
          50   12.978283   26.408980  (      50)
          51   12.980060   33.019737  (      51)
          52   12.996866   34.355503  (      52)
          53   13.004147   34.036872  (      53)
          54   13.005715   34.373116  (      54)
          55   13.005763   35.080841  (      55)
          56   13.010382   26.357566  (      56)
          57   13.011428   27.807540  (      57)
          58   13.011725   26.344259  (      58)
          59   13.015010   26.019384  (      59)
          60   13.015771   34.000574  (      60)
          61   13.028079   34.907352  (      61)
          62   13.029063   34.567421  (      62)
          63   13.034220   35.285444  (      63)
          64   13.037970   30.737210  (      64)
          65   13.038712   30.742038  (      65)
          66   13.045807   35.040084  (      66)
          67   13.046426   34.763973  (      67)
          68   13.050139   39.819782  (      68)
          69   13.055630   29.140057  (      69)
          70   13.060248   32.250929  (      70)
          71   13.061256   29.967348  (      71)
          72   13.063069   26.270399  (      72)
          73   13.066396   26.446278  (      73)
          74   13.069100   23.873046  (      74)
          75   13.071863   26.283026  (      75)
          76   13.072010   33.352217  (      76)
          77   13.072197   26.568395  (      77)
          78   13.072785   26.278441  (      78)
          79   13.073841   25.160723  (      79)
          80   13.076825   34.943688  (      80)
          81   13.077950   34.875949  (      81)
          82   13.082635   26.932965  (      82)
          83   13.087971   29.840430  (      83)
          84   13.088164   34.491484  (      84)
          85   13.088763   34.800785  (      85)
          86   13.090326   34.627226  (      86)
          87   13.093155   30.892836  (      87)
          88   13.093229   30.462890  (      88)
          89   13.093975   30.894279  (      89)
          90   13.094092   30.894485  (      90)
          91   13.097709   26.235977  (      91)
          92   13.103187   26.544903  (      92)
          93   13.104649   36.200448  (      93)
          94   13.106765   30.051909  (      94)
          95   13.107064   27.794273  (      95)
          96   13.109904   34.729378  (      96)
          97   13.110073   27.834119  (      97)
          98   13.114048   35.195662  (      98)
          99   13.116454   33.449492  (      99)
         100   13.116493   30.423502  (     100)
