        Rank        RMSE       MaxAE  Feature_ID
           1    8.037373   23.464090  (     506   14818)
           2    8.134896   23.481271  (    2496   14818)
           3    8.166117   20.853817  (       3   14818)
           4    8.198604   21.406489  (       3   16104)
           5    8.213678   25.049970  (       1   10001)
           6    8.342438   20.954433  (    4240   14938)
           7    8.349505   20.505685  (    8763   15136)
           8    8.412695   20.450752  (    9427   14818)
           9    8.452859   25.368249  (       1   10002)
          10    8.458447   25.288327  (       1   10003)
          11    8.475381   18.855708  (    2496   16649)
          12    8.481535   21.692321  (     311   14818)
          13    8.501460   23.000556  (       1   10302)
          14    8.524340   19.561395  (    4711   16649)
          15    8.525941   20.474186  (    4624   14818)
          16    8.537115   21.201537  (       3   11332)
          17    8.541590   20.716064  (    4240   14818)
          18    8.554729   21.119601  (    1700   14818)
          19    8.558103   22.107400  (     407   14818)
          20    8.568206   21.004525  (    1791   14818)
          21    8.571483   26.470809  (       1   10175)
          22    8.575672   19.144801  (     506   16649)
          23    8.579178   21.393484  (    1663   14818)
          24    8.580613   21.284313  (    5468   14818)
          25    8.588345   24.735081  (       1   10019)
          26    8.601456   20.992589  (    2015   14818)
          27    8.612527   21.138698  (    1672   16649)
          28    8.619681   23.134858  (       1   10234)
          29    8.638927   20.755559  (    4498   16649)
          30    8.645227   21.442361  (    8763   14818)
          31    8.646252   21.068519  (    1981   14818)
          32    8.646723   21.070344  (    1978   14818)
          33    8.646945   19.199750  (     471   16649)
          34    8.647200   21.072172  (    1976   14818)
          35    8.665436   20.166899  (       3   15136)
          36    8.666879   25.357869  (       1   10008)
          37    8.672362   22.963678  (       1   10555)
          38    8.675671   20.604452  (    1196   14818)
          39    8.677558   21.118194  (    2817   14818)
          40    8.678849   21.937309  (       1   15859)
          41    8.689598   21.114323  (    2646   16649)
          42    8.694309   24.438765  (     506   16104)
          43    8.698362   21.067596  (    1651   14818)
          44    8.698709   21.151494  (    1980   14818)
          45    8.701713   20.924603  (    2676   15136)
          46    8.703478   20.218069  (       3   12265)
          47    8.704095   24.837393  (       1   10010)
          48    8.705701   25.062803  (       1   10006)
          49    8.707081   21.167235  (    2646   15136)
          50    8.715250   21.657718  (    5899   15136)
          51    8.717338   20.949172  (    4498   15136)
          52    8.729569   24.282830  (       1   10017)
          53    8.730255   17.880103  (    9427   15136)
          54    8.732979   22.457426  (       1   10449)
          55    8.737128   20.999196  (       3   15032)
          56    8.738997   20.166761  (    1088   14818)
          57    8.741688   24.311926  (    5899   14818)
          58    8.742010   25.166269  (       1   10111)
          59    8.747912   27.257707  (       1   10105)
          60    8.748624   24.594827  (    1683   14818)
          61    8.755565   23.913597  (       1   17777)
          62    8.757320   24.538569  (    1607   14818)
          63    8.758080   21.154433  (    2360   14818)
          64    8.758372   21.267396  (    2676   16649)
          65    8.758731   21.086169  (     836   15136)
          66    8.760480   18.562427  (       3   16649)
          67    8.769447   21.324731  (    1856   15136)
          68    8.771685   22.080835  (       1   12302)
          69    8.772319   21.040253  (    2491   14818)
          70    8.774198   24.450691  (    2646   14818)
          71    8.774243   21.378227  (    1683   15136)
          72    8.774943   21.766644  (    1672   15136)
          73    8.775622   21.337350  (    1683   16649)
          74    8.778929   23.851804  (       1   19554)
          75    8.782713   24.987701  (     836   14818)
          76    8.782800   25.175724  (       1   10011)
          77    8.785108   24.618268  (    1856   14818)
          78    8.794670   24.433896  (    1672   14818)
          79    8.797712   20.590301  (    4481   14818)
          80    8.802843   25.483830  (       1   10058)
          81    8.807879   25.028823  (       1   12821)
          82    8.814102   24.567964  (    2676   14818)
          83    8.814946   25.438399  (       1   10069)
          84    8.816321   24.545125  (       1   10032)
          85    8.816738   21.369435  (    1856   16649)
          86    8.818302   25.593167  (       1   10216)
          87    8.821444   21.558114  (    1607   15136)
          88    8.828232   22.539745  (       1   11875)
          89    8.829390   22.685067  (       1   10499)
          90    8.830934   22.923901  (     311   14938)
          91    8.831208   24.528115  (    1839   14818)
          92    8.832901   26.279688  (       1   10681)
          93    8.836732   24.176144  (    4498   14818)
          94    8.839311   23.069730  (       1   11043)
          95    8.839701   20.928074  (     874   14818)
          96    8.841910   22.873751  (       1   11450)
          97    8.847547   21.296334  (    1607   16649)
          98    8.848449   25.264460  (       1   10157)
          99    8.849666   24.476621  (    2436   14818)
         100    8.855987   25.141283  (       1   12850)
