        Rank        RMSE       MaxAE  Feature_ID
           1   35.478907  122.892348  (       1)
           2   35.660301  105.074770  (       2)
           3   35.863291  119.593502  (       3)
           4   36.397321  102.736246  (       4)
           5   36.466875   99.524896  (       5)
           6   36.661244   87.793876  (       6)
           7   36.692657  121.446640  (       7)
           8   36.717454  125.494599  (       8)
           9   36.752092  118.401220  (       9)
          10   36.912505   94.517603  (      10)
          11   36.959376   95.344132  (      11)
          12   36.983948   97.259995  (      12)
          13   37.076472   98.414661  (      13)
          14   37.077674  105.149951  (      14)
          15   37.092054   97.679563  (      15)
          16   37.095768  108.357530  (      16)
          17   37.132192   98.534242  (      17)
          18   37.208187  134.633775  (      18)
          19   37.242271   98.158212  (      19)
          20   37.303611   88.422641  (      20)
          21   37.303674  100.378477  (      21)
          22   37.313763   97.531563  (      22)
          23   37.371278   97.245465  (      23)
          24   37.484434  106.839900  (      24)
          25   37.510551   93.747399  (      25)
          26   37.520187  127.044753  (      26)
          27   37.553344   85.616380  (      27)
          28   37.561840  133.836224  (      28)
          29   37.624826  109.169902  (      29)
          30   37.629808   96.962989  (      30)
          31   37.692766  105.532321  (      31)
          32   37.705983   80.384932  (      32)
          33   37.786035   97.094650  (      33)
          34   37.812081  109.119315  (      34)
          35   37.813188   97.497704  (      35)
          36   37.816128   99.100631  (      36)
          37   37.816148  109.267679  (      37)
          38   37.823883  102.733848  (      38)
          39   37.843154   98.104589  (      39)
          40   37.845572  106.187517  (      40)
          41   37.845883  122.116901  (      41)
          42   37.848206  109.009719  (      42)
          43   37.862270  124.523979  (      43)
          44   37.932736   97.217240  (      44)
          45   37.944088  105.846549  (      45)
          46   37.944972   84.638224  (      46)
          47   37.948770  103.217568  (      47)
          48   37.957787  105.875705  (      48)
          49   37.959322   99.336530  (      49)
          50   37.962948   97.775434  (      50)
          51   37.966031  101.700253  (      51)
          52   37.966663  135.249659  (      52)
          53   37.967240   99.825666  (      53)
          54   37.980387   77.889161  (      54)
          55   37.981476   97.257597  (      55)
          56   37.989588   98.889365  (      56)
          57   37.994024   98.498104  (      57)
          58   37.995692  108.017781  (      58)
          59   38.000652  117.830827  (      59)
          60   38.003177   99.813561  (      60)
          61   38.020956   95.242217  (      61)
          62   38.022523   98.848262  (      62)
          63   38.022762  107.576114  (      63)
          64   38.031473   97.298882  (      64)
          65   38.042085  115.148115  (      65)
          66   38.058568   98.861506  (      66)
          67   38.077680  103.181615  (      67)
          68   38.083585   95.191308  (      68)
          69   38.105474  106.137141  (      69)
          70   38.112952   98.460732  (      70)
          71   38.113649  107.665370  (      71)
          72   38.134557  109.851265  (      72)
          73   38.136850   99.006985  (      73)
          74   38.156441  107.021542  (      74)
          75   38.160978  113.029182  (      75)
          76   38.167669  132.151849  (      76)
          77   38.169650  112.859450  (      77)
          78   38.176121  130.466269  (      78)
          79   38.176179  108.587671  (      79)
          80   38.185782   98.736937  (      80)
          81   38.196378  121.109793  (      81)
          82   38.202935  119.565444  (      82)
          83   38.203121  110.232933  (      83)
          84   38.239770   92.424150  (      84)
          85   38.253952  119.163867  (      85)
          86   38.268923   97.712544  (      86)
          87   38.278316   98.976781  (      87)
          88   38.286001  101.208729  (      88)
          89   38.286645   99.209592  (      89)
          90   38.297876   98.295500  (      90)
          91   38.315019  107.482690  (      91)
          92   38.330510  131.129360  (      92)
          93   38.333057  125.644827  (      93)
          94   38.338124  107.518621  (      94)
          95   38.353712   89.407412  (      95)
          96   38.368336  112.045658  (      96)
          97   38.369163  102.037374  (      97)
          98   38.372396   99.117106  (      98)
          99   38.381506   99.541241  (      99)
         100   38.383581   88.618850  (     100)
