Model_ID, [(c_i,i=0,n)_j,j=1,ntask]
           1    0.1836988307E+03    0.1233254683E+03    0.1070125565E+04
           2    0.1837560190E+03    0.1231063182E+03   -0.1072450136E+04
           3    0.1861150719E+03    0.1211424620E+03   -0.8267693601E+03
           4    0.1860200775E+03    0.1212582114E+03    0.8100348715E+03
           5    0.1874092719E+03    0.1192196331E+03    0.8863017206E+03
           6    0.1884581206E+03    0.1181988505E+03   -0.8747065678E+03
           7    0.1866193457E+03    0.1199376773E+03    0.8788484305E+03
           8    0.1873530713E+03    0.1192747646E+03    0.8847482924E+03
           9    0.1881132838E+03   -0.1203340363E+03    0.8380374999E+03
          10    0.1871339416E+03   -0.1291836462E+03   -0.3917441190E+03
          11    0.1868856489E+03    0.1195185047E+03    0.8836167212E+03
          12    0.1874858045E+03    0.1190130521E+03   -0.8847784641E+03
          13    0.1868538056E+03    0.1195401745E+03    0.8830684676E+03
          14    0.1866974061E+03    0.1196585386E+03   -0.8811421553E+03
          15    0.1882214508E+03    0.1182881116E+03    0.8459716439E+03
          16    0.1867148936E+03    0.1195967267E+03    0.8814153851E+03
          17    0.1867134490E+03    0.1195977719E+03    0.8814019873E+03
          18    0.1867120045E+03    0.1195988168E+03    0.8813885677E+03
          19    0.2642851135E+03    0.9215435179E+02    0.1199405624E+04
          20    0.1869392567E+03    0.1193074353E+03   -0.8839712785E+03
          21    0.2722121214E+03    0.9573984778E+02    0.1461855179E+04
          22    0.1865734294E+03    0.1196477704E+03    0.8792159026E+03
          23    0.1845754963E+03   -0.1246925362E+03   -0.1059504578E+04
          24    0.1869073594E+03    0.1193290981E+03   -0.8834118081E+03
          25    0.1865418909E+03    0.1196672656E+03    0.8785318793E+03
          26    0.1875327465E+03    0.1189376122E+03    0.8632875263E+03
          27    0.1880956045E+03    0.1193536433E+03    0.1238775108E+04
          28    0.1867682824E+03    0.1193858154E+03   -0.8817390397E+03
          29    0.1867668363E+03    0.1193868594E+03   -0.8817252732E+03
          30    0.1867653902E+03    0.1193879029E+03   -0.8817114849E+03
          31    0.1890838934E+03   -0.1200548260E+03   -0.8375128870E+03
          32    0.1821678493E+03    0.1168468252E+03    0.2658756264E+04
          33    0.1866266231E+03    0.1194370802E+03   -0.8795144463E+03
          34    0.1859486110E+03    0.1199519944E+03    0.8745511699E+03
          35    0.1875850908E+03    0.1187287432E+03   -0.8634422852E+03
          36    0.1890154175E+03   -0.1201236138E+03    0.8361723076E+03
          37    0.1881515244E+03    0.1191390498E+03   -0.1239522115E+04
          38    0.2573763807E+03    0.1317896642E+03   -0.5508517744E+03
          39    0.1850912593E+03    0.1203447169E+03    0.8649496337E+03
          40    0.1860013304E+03    0.1197415848E+03   -0.8747804001E+03
          41    0.1885329064E+03   -0.1203755206E+03   -0.8336073012E+03
          42    0.2648705805E+03    0.8990163535E+02    0.1352545895E+04
          43    0.1884969363E+03   -0.1204017404E+03   -0.8330944772E+03
          44    0.1883183048E+03   -0.1205767851E+03   -0.8425682760E+03
          45    0.2715358236E+03    0.9790350420E+02    0.1275956143E+04
          46    0.1862307163E+03    0.1195847240E+03   -0.8739218433E+03
          47    0.1856663485E+03   -0.1236949203E+03    0.1360419059E+04
          48    0.2592453366E+03    0.1310362398E+03   -0.5546098635E+03
          49    0.2594141632E+03    0.1295536137E+03   -0.5513560097E+03
          50    0.2237041139E+03    0.1144729831E+03   -0.1038370398E+04
          51    0.1883479224E+03   -0.1204702798E+03   -0.8314264921E+03
          52    0.1883463585E+03   -0.1204714538E+03   -0.8314124073E+03
          53    0.1883447945E+03   -0.1204726276E+03   -0.8313983080E+03
          54    0.1891078179E+03   -0.1199458316E+03   -0.8223020183E+03
          55    0.1890816791E+03   -0.1199571640E+03   -0.8278559404E+03
          56    0.1881939061E+03   -0.1205373660E+03   -0.8293766653E+03
          57    0.1880024581E+03    0.1182043498E+03   -0.8409703464E+03
          58    0.2590428447E+03    0.1303350400E+03   -0.5541047748E+03
          59    0.1824288434E+03    0.1136202074E+03    0.1075783665E+04
          60    0.2595610037E+03    0.1292205610E+03   -0.5471035946E+03
          61    0.1881576680E+03   -0.1205624114E+03   -0.8287729028E+03
          62    0.1859877972E+03    0.1199024044E+03   -0.8710116231E+03
          63    0.2222561512E+03    0.1155835965E+03   -0.2178549268E+04
          64    0.2239437534E+03    0.1143691637E+03    0.1021554043E+04
          65    0.2236068955E+03    0.1143969008E+03   -0.1006852054E+04
          66    0.1847121756E+03    0.1189851767E+03    0.8494792045E+03
          67    0.2584964991E+03    0.1304814781E+03   -0.5508354892E+03
          68    0.1832949005E+03   -0.1146366502E+03   -0.1045763304E+04
          69    0.1824929235E+03    0.1134080925E+03   -0.1077748301E+04
          70    0.1875369060E+03   -0.1208769519E+03   -0.8239449788E+03
          71    0.1863401166E+03    0.1199175048E+03    0.3015457229E+03
          72    0.2222009021E+03    0.1154640716E+03   -0.2110990692E+04
          73    0.1847623873E+03    0.1187858005E+03   -0.8500839416E+03
          74    0.2235115888E+03    0.1142489338E+03   -0.9788923156E+03
          75    0.2238334509E+03    0.1142048514E+03   -0.9919900519E+03
          76    0.1870248288E+03    0.1197899365E+03    0.9665864521E+03
          77    0.1870204298E+03   -0.1214259538E+03   -0.9585901348E+03
          78    0.1864020246E+03    0.1197099695E+03   -0.3025472513E+03
          79    0.1866229797E+03   -0.1213471625E+03   -0.8147470700E+03
          80    0.1876383783E+03   -0.1207404518E+03   -0.8193150495E+03
          81    0.2587592806E+03    0.1303394972E+03   -0.5500550177E+03
          82    0.1831885425E+03    0.1114528617E+03    0.7108368436E+03
          83    0.2128528178E+03    0.1296345310E+03    0.9798054528E+03
          84    0.1848904072E+03    0.1111587500E+03    0.3138375449E+03
          85    0.1874497848E+03   -0.1208097971E+03   -0.8212024258E+03
          86    0.1870996803E+03    0.1195622449E+03   -0.9677918090E+03
          87    0.1898214276E+03   -0.1192612886E+03    0.8132715469E+03
          88    0.2129104344E+03    0.1294341364E+03    0.9763888321E+03
          89    0.1875739596E+03   -0.1208071802E+03    0.8180815578E+03
          90    0.2129380337E+03    0.1293650879E+03   -0.9816208654E+03
          91    0.1884366586E+03   -0.1197777281E+03   -0.7581684043E+03
          92    0.2698239440E+03   -0.9714853862E+02   -0.1385520239E+04
          93    0.1832510367E+03    0.1112528408E+03   -0.7128681903E+03
          94    0.1849596355E+03    0.1109554931E+03   -0.3148486001E+03
          95    0.2138311618E+03    0.1281758348E+03   -0.9617366861E+03
          96    0.1848723494E+03    0.1110469056E+03    0.4607050428E+03
          97    0.1832051237E+03    0.1112957752E+03    0.4592510430E+03
          98    0.1884394693E+03   -0.1196659394E+03    0.7463942697E+03
          99    0.1851821078E+03    0.1106472038E+03   -0.4620927602E+03
         100    0.2122135508E+03    0.1302588226E+03    0.9676486438E+03
