        Rank        RMSE       MaxAE  Feature_ID
           1    8.840057   24.151387  (    3992   10110)
           2    8.869463   24.182161  (    4201   10110)
           3    8.914529   25.785731  (    2901   10110)
           4    8.956027   23.912499  (    3992   10087)
           5    8.958536   23.782388  (    7976   10110)
           6    8.974638   25.538673  (    2901   10087)
           7    8.983457   25.789524  (    2901   10032)
           8    8.984072   24.019235  (    3992   10073)
           9    8.985459   23.943561  (    4201   10087)
          10    8.998069   25.906194  (    5538   10110)
          11    9.000043   22.277210  (    7976   10032)
          12    9.003545   23.164073  (    7976   10012)
          13    9.009391   21.521638  (    3992   13592)
          14    9.011055   24.048686  (    4201   10073)
          15    9.014780   26.052604  (    2901   10012)
          16    9.019298   25.281107  (    8997   10541)
          17    9.025405   27.672313  (    2394   17497)
          18    9.027056   25.813531  (    2901   10040)
          19    9.027586   23.982379  (    7976   10087)
          20    9.028271   21.549598  (    4201   13592)
          21    9.030744   25.939586  (    2901   10030)
          22    9.032870   23.324294  (    7976   10030)
          23    9.033177   26.495669  (    8997   12367)
          24    9.043253   22.857409  (    7976   10040)
          25    9.043884   24.215430  (    3992   10032)
          26    9.044423   25.306793  (    9477   10541)
          27    9.051034   26.100613  (    2901   10109)
          28    9.052528   25.655143  (    5538   10087)
          29    9.053851   24.490361  (    3992   10012)
          30    9.054670   24.366413  (    3992   10030)
          31    9.054941   25.906067  (    5538   10032)
          32    9.058874   25.896891  (    2901   10055)
          33    9.060340   25.965029  (    2901   10046)
          34    9.062223   25.931099  (    2901   10064)
          35    9.062755   24.234829  (    3992   10040)
          36    9.063781   26.522372  (    9477   12367)
          37    9.065098   25.978368  (    2901   10075)
          38    9.066457   23.256193  (    7976   10075)
          39    9.068127   23.326020  (    7976   10064)
          40    9.068652   23.074755  (    7976   10109)
          41    9.068766   24.244800  (    4201   10032)
          42    9.070502   23.265446  (    7976   10046)
          43    9.072439   23.372795  (    7976   10055)
          44    9.073112   25.838441  (    2901   10051)
          45    9.076970   24.319490  (    3992   10055)
          46    9.078938   22.815629  (    7976   10036)
          47    9.079952   26.250365  (    2901   10036)
          48    9.080827   24.519947  (    4201   10012)
          49    9.082065   24.396257  (    4201   10030)
          50    9.083030   26.170933  (    5538   10012)
          51    9.083459   24.255047  (    3992   10051)
          52    9.085758   24.356184  (    3992   10064)
          53    9.086295   24.395561  (    3992   10046)
          54    9.088977   23.456023  (    7976   10051)
          55    9.089008   24.264550  (    4201   10040)
          56    9.091636   25.780448  (    2901   10049)
          57    9.094285   24.190994  (    3992   10049)
          58    9.095330   24.407649  (    3992   10075)
          59    9.095499   24.115804  (    3992   10057)
          60    9.098399   25.930274  (    5538   10040)
          61    9.098524   24.540649  (    3992   10109)
          62    9.100284   26.057121  (    5538   10030)
          63    9.100673   25.713423  (    2901   10057)
          64    9.103695   24.155453  (    3992   10041)
          65    9.104440   24.349432  (    4201   10055)
          66    9.105241   24.275300  (    3992   10058)
          67    9.106293   25.747514  (    2901   10041)
          68    9.110025   23.536809  (    7976   10049)
          69    9.111120   24.285128  (    4201   10051)
          70    9.113068   24.386057  (    4201   10064)
          71    9.113469   24.425322  (    4201   10046)
          72    9.119738   26.219666  (    5538   10109)
          73    9.119862   25.863281  (    2901   10058)
          74    9.120534   22.436606  (    3992   15249)
          75    9.122121   24.221216  (    4201   10049)
          76    9.122429   24.437417  (    4201   10075)
          77    9.122573   24.105947  (    3992   10037)
          78    9.123041   23.638134  (    7976   10057)
          79    9.123589   24.146212  (    4201   10057)
          80    9.125192   24.570163  (    4201   10109)
          81    9.126457   23.875600  (    7976   10106)
          82    9.127183   24.294798  (    3992   10071)
          83    9.129182   26.014192  (    5538   10055)
          84    9.129385   26.082623  (    5538   10046)
          85    9.131557   25.702441  (    2901   10037)
          86    9.131615   24.185742  (    4201   10041)
          87    9.132756   26.048831  (    5538   10064)
          88    9.133305   23.574196  (    7976   10041)
          89    9.134293   24.305735  (    4201   10058)
          90    9.135434   26.096532  (    5538   10075)
          91    9.135468   24.049505  (    7976   10058)
          92    9.138699   24.146807  (    3992   10077)
          93    9.140292   24.710735  (    3992   10036)
          94    9.141212   22.465636  (    4201   15249)
          95    9.141402   25.740533  (    2901   10077)
          96    9.144335   25.955398  (    5538   10051)
          97    9.145151   26.369697  (    5538   10036)
          98    9.149952   24.661549  (    7976   10177)
          99    9.150586   24.136341  (    4201   10037)
         100    9.157555   24.325568  (    4201   10071)
