     Index              y_true              y_pred        descriptor_1        descriptor_2
         1    0.3200000000E+01    0.1256868025E+02    0.0000000000E+00    0.2200000000E-01
         2    0.1850000000E+02    0.2060033006E+02    0.0000000000E+00    0.2796800000E-03
         3    0.2067000000E+02    0.2660885047E+02    0.5568500159E-01   -0.3160967680E-01
         4    0.2078000000E+02    0.2571569397E+02    0.4041623850E-02   -0.1468918093E-01
         5    0.5301000000E+02    0.5755837882E+02   -0.1158002664E+00   -0.6714262009E-01
         6    0.2548000000E+02    0.2449894123E+02   -0.4725379976E-01    0.3008699496E-02
         7    0.2817000000E+02    0.2342162175E+02   -0.2130146040E-02   -0.6751759872E-02
         8    0.4537000000E+02    0.4928737383E+02   -0.2718470817E+00   -0.9460708000E-03
         9    0.1845000000E+02    0.1453759686E+02    0.7948677814E-01   -0.5650105032E-02
        10    0.3615000000E+02    0.3983030073E+02   -0.1217254923E+00   -0.1753563082E-01
        11    0.5090000000E+02    0.4853572220E+02   -0.1861398474E+00   -0.2298597355E-01
        12    0.1790000000E+02    0.3468747227E+02   -0.2390104656E-01   -0.3110366000E-01
        13    0.4216000000E+02    0.3760862393E+02   -0.6473598498E-01   -0.2753412480E-01
        14    0.1464000000E+02    0.3533911697E+02   -0.8343088639E-01   -0.1614575963E-01
        15    0.2796000000E+02    0.2502344889E+02    0.1798672392E-01   -0.1673388000E-01
        16    0.3187000000E+02    0.2507506938E+02    0.5048859680E-02   -0.1323961632E-01
        17    0.1790000000E+02    0.1595886625E+02    0.7463306682E-01   -0.8130438297E-02
        18    0.2681000000E+02    0.1908582056E+02    0.1148098514E-01    0.1150761270E-02
        19    0.2622000000E+02    0.2118185717E+02   -0.6091162220E-01    0.1581530400E-01
        20    0.3682000000E+02    0.5637330828E+02   -0.4682942945E+00    0.3506735306E-01
        21    0.5646000000E+02    0.6099612675E+02   -0.3379552841E+00   -0.1404269440E-01
        22    0.6900000000E+02    0.6608950364E+02   -0.2669915154E+00   -0.4774854445E-01
        23    0.7520000000E+02    0.5722277866E+02   -0.4722969416E+00    0.3389432054E-01
        24    0.6942000000E+02    0.6974476569E+02   -0.3534078897E+00   -0.3336181800E-01
        25    0.7737000000E+02    0.6501455101E+02   -0.5361577495E+00    0.3075932160E-01
        26    0.6383000000E+02    0.5440210039E+02   -0.2904269684E+00   -0.9559495440E-02
        27    0.5774000000E+02    0.5436112839E+02   -0.2731627985E+00   -0.1429768746E-01
        28    0.4307000000E+02    0.5330769094E+02   -0.5308629693E+00    0.6093151641E-01
        29    0.2720000000E+02    0.2769682274E+02   -0.2618661889E-01   -0.1155661014E-01
        30    0.6276000000E+02    0.5997689177E+02   -0.3496632726E+00   -0.7997908032E-02
        31    0.5060000000E+01    0.2691646738E+01    0.1734282681E+00    0.0000000000E+00
        32    0.2680000000E+02    0.2245227812E+02   -0.5490978000E-01    0.1069391271E-01
        33    0.9080000000E+02    0.9596068115E+02   -0.5387328846E+00   -0.5220628819E-01
        34    0.5100000000E+02    0.4154367496E+02   -0.5144468011E-01   -0.4190897880E-01
        35    0.7420000000E+02    0.6675231302E+02   -0.2260192228E+00   -0.6104891119E-01
        36    0.6029000000E+02    0.6144997215E+02   -0.1214745453E+00   -0.7607307859E-01
