Model_ID, [(c_i,i=0,n)_j,j=1,ntask]
           1    0.2056854818E+02    0.1945638945E+02   -0.7058423188E+02
           2    0.2077692134E+02   -0.1926336150E+02   -0.7178015032E+02
           3    0.2027002978E+02   -0.1923891300E+02   -0.6843061080E+02
           4    0.2083015676E+02    0.1938597968E+02   -0.7258738652E+02
           5    0.1706610219E+02    0.1773899261E+02   -0.1319185450E+02
           6    0.1997569789E+02    0.1890998030E+02   -0.1412754988E+03
           7    0.1752256324E+02    0.1653525367E+02   -0.1104802040E+03
           8    0.1638622565E+02    0.1748473733E+02   -0.1322339060E+02
           9    0.1688892580E+02    0.1629238751E+02   -0.1106638324E+03
          10    0.1688877588E+02   -0.1505523288E+02   -0.3369736292E+02
          11    0.2027951302E+02   -0.1895495014E+02   -0.6827402014E+02
          12    0.2364455442E+02   -0.1176043592E+02    0.1669634501E+03
          13    0.2262374430E+02   -0.1924849843E+02    0.1203328578E+03
          14    0.2262436997E+02   -0.1924773342E+02   -0.1202496328E+03
          15    0.2532823968E+02   -0.1371706898E+02    0.1086390565E+03
          16    0.1616396582E+02    0.1863706355E+02   -0.1294257736E+02
          17    0.2171221416E+02    0.1955048911E+02   -0.6356098656E+02
          18    0.2171148831E+02    0.1956143333E+02   -0.6354403982E+02
          19    0.2169114182E+02    0.1949754147E+02   -0.6502563337E+02
          20    0.1658601935E+02   -0.1070172406E+02    0.3294235139E+02
          21    0.2172026698E+02   -0.1963812057E+02   -0.6338291883E+02
          22    0.2021267801E+02   -0.1832573493E+02   -0.6743048937E+02
          23    0.2168407240E+02    0.1955029506E+02   -0.6331587519E+02
          24    0.2366534090E+02   -0.1193427952E+02    0.1510565751E+03
          25    0.2151367304E+02    0.1987378666E+02   -0.6287321372E+02
          26    0.2357053170E+02   -0.1212489073E+02    0.4491125799E+02
          27    0.2023524826E+02   -0.1832539075E+02   -0.6759876048E+02
          28    0.2165483907E+02    0.1953879728E+02    0.6305873538E+02
          29    0.2165487747E+02    0.1954982225E+02   -0.6305335350E+02
          30    0.1687905140E+02   -0.1032416317E+02    0.3417412830E+02
          31    0.2016912066E+02   -0.1824860381E+02   -0.6723054851E+02
          32    0.2005051738E+02    0.1940563419E+02    0.1266773521E+03
          33    0.2025709384E+02    0.1832150335E+02   -0.6776474106E+02
          34    0.2022768070E+02    0.1843530049E+02   -0.6811232938E+02
          35    0.1620660738E+02   -0.2112699563E+02   -0.1670972705E+02
          36    0.1932400388E+02    0.1892189855E+02   -0.5181121009E+02
          37    0.1937462116E+02    0.1814096181E+02    0.3478813504E+02
          38    0.2176639112E+02   -0.1938420270E+02   -0.6373919948E+02
          39    0.1933630474E+02    0.1855441822E+02    0.5617650394E+02
          40    0.2016411650E+02   -0.1870281486E+02   -0.1434693454E+03
          41    0.1629976441E+02   -0.2117625818E+02   -0.1688534040E+02
          42    0.1732069941E+02   -0.1446011283E+02   -0.1087565566E+03
          43    0.1706776253E+02   -0.1755291091E+02   -0.1279162392E+02
          44    0.1985916275E+02    0.1976376154E+02    0.4682927655E+02
          45    0.3305135640E+02   -0.1041184570E+02   -0.1491715032E+03
          46    0.1970854074E+02    0.1887110140E+02   -0.7495597564E+02
          47    0.3118121679E+02   -0.1107863426E+02   -0.1510798440E+03
          48    0.2161110544E+02    0.1956771333E+02   -0.6122361455E+02
          49    0.1979322652E+02   -0.1953227995E+02    0.4605229221E+02
          50    0.1635080357E+02   -0.1739330293E+02   -0.1281470443E+02
          51    0.1851471409E+02    0.1846706037E+02    0.4714815132E+02
          52    0.2196300035E+02   -0.1937443893E+02   -0.6493964427E+02
          53    0.2181328906E+02    0.1965006959E+02   -0.6340680659E+02
          54    0.1598715361E+02    0.1898548391E+02    0.1771282610E+02
          55    0.1607689793E+02   -0.2097232548E+02   -0.1636165447E+02
          56    0.1602160933E+02    0.1902043753E+02   -0.1206887627E+02
          57    0.3353863870E+02   -0.1554266233E+02   -0.1332321036E+03
          58    0.2191601745E+02   -0.1937309501E+02    0.6458099075E+02
          59    0.2138932222E+02    0.1941733405E+02   -0.6063449830E+02
          60    0.2193830850E+02   -0.1931830041E+02   -0.6639997415E+02
          61    0.1611231684E+02   -0.2101603025E+02   -0.1650543867E+02
          62    0.2193326325E+02   -0.1937317896E+02   -0.6467685265E+02
          63    0.1841752690E+02    0.1845759678E+02   -0.4659756102E+02
          64    0.1844889479E+02    0.1847150927E+02    0.4680865012E+02
          65    0.1634908130E+02   -0.2113536885E+02   -0.1688254140E+02
          66    0.2203510674E+02    0.1954537005E+02    0.6600296516E+02
          67    0.1847282566E+02    0.1848099284E+02    0.4692434219E+02
          68    0.2157835078E+02    0.1939761556E+02   -0.6053235784E+02
          69    0.1610264495E+02    0.2100138633E+02   -0.1648306713E+02
          70    0.1772652998E+02   -0.1025721819E+02    0.1279261334E+03
          71    0.2194844584E+02   -0.1937276782E+02   -0.6474120563E+02
          72    0.2150810104E+02    0.1936612341E+02   -0.6007357349E+02
          73    0.2190245536E+02   -0.1937161919E+02   -0.6439636774E+02
          74    0.1851592035E+02    0.1832442147E+02    0.4625328528E+02
          75    0.2207404131E+02    0.1953824651E+02   -0.6625173801E+02
          76    0.1809766755E+02   -0.1017550848E+02   -0.6803185062E+02
          77    0.1995352573E+02   -0.1814096260E+02   -0.6566364683E+02
          78    0.2133889526E+02    0.2004140013E+02   -0.6096171064E+02
          79    0.1849384281E+02    0.1848812327E+02   -0.4697786854E+02
          80    0.2164160565E+02    0.1944190653E+02   -0.6058087326E+02
          81    0.1750168776E+02   -0.1637201195E+02   -0.1067979007E+03
          82    0.1981050937E+02   -0.1957346516E+02    0.4577275336E+02
          83    0.1848383911E+02    0.1846562162E+02    0.4687168920E+02
          84    0.2205041259E+02    0.1948204203E+02   -0.6776339517E+02
          85    0.2163769504E+02    0.1943589533E+02   -0.6066659441E+02
          86    0.1999635107E+02   -0.1956967078E+02   -0.6798380363E+02
          87    0.2163491424E+02    0.1943236613E+02   -0.6070723633E+02
          88    0.2204356023E+02    0.1953664382E+02   -0.6598231251E+02
          89    0.2174657314E+02   -0.1968501244E+02   -0.6401791081E+02
          90    0.2186045487E+02    0.1967727152E+02   -0.6276149178E+02
          91    0.2149385674E+02    0.1970413557E+02   -0.6031264450E+02
          92    0.1720862096E+02    0.2202622192E+02   -0.2519966874E+02
          93    0.1835170240E+02    0.1845931678E+02    0.4756006971E+02
          94    0.1844436253E+02    0.1839787928E+02    0.4733453417E+02
          95    0.3399050834E+02   -0.1571764977E+02   -0.1221346445E+03
          96    0.1638439708E+02    0.2116319282E+02   -0.1701977200E+02
          97    0.1994442154E+02    0.1824898036E+02   -0.6616070432E+02
          98    0.1726092946E+02    0.1868540319E+02    0.1434498925E+02
          99    0.1997128911E+02    0.1814164698E+02   -0.6600902073E+02
         100    0.1833917801E+02   -0.1047698818E+02   -0.9956045895E+02
