Model_ID, [(c_i,i=0,n)_j,j=1,ntask]
           1    0.1136609501E+03    0.1234106443E+03
           2    0.1182988584E+03    0.1027709666E+03
           3    0.1526037777E+03    0.1515832284E+03
           4    0.1387159136E+03    0.1370281717E+03
           5    0.1067017799E+03    0.1254019017E+03
           6    0.1293925525E+03    0.1409216553E+03
           7    0.1040450453E+03    0.1289195429E+03
           8    0.1514261586E+03    0.1208815023E+03
           9    0.1113041805E+03    0.1027039060E+03
          10    0.1379269080E+03    0.1404035435E+03
          11    0.1234511799E+03    0.1178018760E+03
          12    0.1209357207E+03    0.1014852880E+03
          13    0.1549520988E+03    0.1278982005E+03
          14    0.1555488045E+03    0.1574173741E+03
          15    0.2813423954E+03   -0.1890902951E+03
          16    0.1277734102E+03    0.1380062355E+03
          17    0.1170752695E+03    0.1214545997E+03
          18    0.2126752399E+03    0.9397003970E+02
          19    0.1121121221E+03    0.1057874888E+03
          20    0.1375965285E+03    0.1338202652E+03
          21    0.1286560494E+03    0.1442695939E+03
          22    0.1147342401E+03    0.1031124587E+03
          23    0.1493636272E+03    0.1320030446E+03
          24    0.9072733656E+02    0.9966370891E+02
          25    0.2725129562E+03   -0.1768743056E+03
          26    0.9992833957E+02    0.1146711497E+03
          27    0.1274805344E+03    0.9829417480E+02
          28    0.1980106077E+03    0.8543330055E+02
          29    0.9966372040E+02    0.9421338315E+02
          30    0.2807018937E+03    0.1779158397E+03
          31    0.1175380310E+03    0.1174513082E+03
          32    0.2958714714E+03   -0.1945491620E+03
          33    0.1478398402E+03    0.1304604682E+03
          34    0.1016887037E+03    0.1137902238E+03
          35    0.1415771739E+03    0.1349685421E+03
          36    0.1227131436E+03    0.9796500565E+02
          37    0.1059254482E+03    0.1074448076E+03
          38    0.2364232338E+03    0.9475089145E+02
          39    0.1493030299E+03    0.1268703966E+03
          40    0.2163839619E+03    0.9896444291E+02
          41    0.3024598477E+03   -0.1877624531E+03
          42    0.1132660388E+03    0.1169383008E+03
          43    0.2344700693E+03    0.1167806239E+03
          44    0.1242098404E+03    0.1110083438E+03
          45    0.2741476978E+03   -0.1869177654E+03
          46    0.2889444692E+03    0.1853532985E+03
          47    0.2831142500E+03    0.1817077114E+03
          48    0.2849765019E+03    0.1776006506E+03
          49    0.2866148723E+03   -0.1772982400E+03
          50    0.1278046675E+03    0.9357416234E+02
          51    0.2966705765E+03    0.1537300813E+03
          52    0.1219562871E+03    0.1276659857E+03
          53    0.1411422868E+03    0.1300796106E+03
          54    0.2855584142E+03    0.1764732528E+03
          55    0.1439525364E+03    0.1266741623E+03
          56    0.1382761472E+03    0.1283615086E+03
          57    0.2893409001E+03   -0.2162552708E+03
          58    0.1281871477E+03    0.1403962153E+03
          59    0.6116530647E+02    0.1058834762E+03
          60    0.2849910384E+03    0.1797438545E+03
          61    0.1678033206E+03    0.1132938644E+03
          62    0.2184874713E+03    0.8927167335E+02
          63    0.1463341679E+03    0.1277137762E+03
          64    0.1096457858E+03    0.1098083202E+03
          65    0.2688702995E+03   -0.1973175097E+03
          66    0.2472470359E+03   -0.1316336472E+03
          67    0.1572986912E+03    0.1261745815E+03
          68    0.2778435261E+03   -0.1659288711E+03
          69    0.2367421594E+03    0.9992224168E+02
          70    0.2256526439E+03    0.1107017375E+03
          71    0.1477207005E+03    0.1332098071E+03
          72    0.2437633489E+03    0.1356696899E+03
          73    0.2923127581E+03    0.1517940266E+03
          74    0.2698015120E+03   -0.1580853634E+03
          75    0.1409448608E+03    0.1381867968E+03
          76    0.2932491206E+03    0.1857011501E+03
          77    0.2403918585E+03    0.9596369329E+02
          78    0.2217468437E+03   -0.9771852915E+02
          79    0.9927415039E+02    0.9223369849E+02
          80    0.2846633868E+03   -0.1759334391E+03
          81    0.2819775947E+03   -0.1821624581E+03
          82    0.2051299188E+03    0.7433626745E+02
          83    0.2725826537E+03   -0.1717671545E+03
          84    0.2807214545E+03    0.1776749647E+03
          85    0.2938003805E+03    0.1844800309E+03
          86    0.1358758364E+03    0.1297348481E+03
          87    0.2723109058E+03    0.1671991456E+03
          88    0.2724238596E+03    0.1698359059E+03
          89    0.1403894831E+03    0.1318683483E+03
          90    0.3007829037E+03   -0.1943300956E+03
          91    0.2429452165E+03    0.8808128819E+02
          92    0.2811590799E+03   -0.1823136418E+03
          93    0.3008970245E+03    0.1820951008E+03
          94    0.2896483607E+03   -0.1821655482E+03
          95    0.2959512926E+03    0.1951590929E+03
          96    0.2809308899E+03   -0.1722937610E+03
          97    0.1109003145E+03    0.1289606236E+03
          98    0.1154292702E+03    0.1233792963E+03
          99    0.2772633759E+03    0.2166792980E+03
         100    0.2878430004E+03   -0.1824036400E+03
