Model_ID, [(c_i,i=0,n)_j,j=1,ntask]
           1    0.4487233644E+01    0.5698897705E+02
           2    0.5621878792E+01   -0.1292675323E+02
           3    0.5819591926E+01   -0.1277428786E+02
           4    0.5790562405E+01   -0.1279956937E+02
           5    0.5762591586E+01   -0.1280938394E+02
           6    0.5765261172E+01   -0.1281916835E+02
           7    0.5831990823E+01   -0.1276937632E+02
           8    0.5787919018E+01   -0.1324020388E+02
           9    0.5978904894E+01   -0.1263994674E+02
          10    0.5978378191E+01   -0.1275627323E+02
          11    0.4922712866E+01   -0.5631095336E+02
          12    0.3958292547E+01   -0.1169716185E+02
          13    0.1652603013E+02    0.2261612742E+02
          14    0.1640940685E+02    0.1887007779E+02
          15    0.6350616405E+01   -0.1938826414E+02
          16    0.4224870544E+01   -0.2171614311E+02
          17    0.5678630406E+01   -0.1355902754E+02
          18    0.2561667461E+01   -0.3023770847E+02
          19    0.1274569409E+02    0.1585162805E+02
          20    0.6796740688E+01   -0.9433827920E+01
          21    0.5711681451E+01   -0.1268015621E+02
          22    0.1046083325E+01   -0.1871526388E+02
          23    0.4034258296E+01   -0.1517424739E+02
          24    0.4495889568E+01   -0.1396660879E+02
          25    0.5530971634E+01   -0.1294305946E+02
          26    0.3915254300E+01   -0.2205140906E+02
          27    0.3829329315E+01   -0.1074919892E+02
          28    0.6201606453E+01   -0.9952035050E+01
          29    0.5733147792E+01   -0.1278551263E+02
          30    0.5703460333E+01   -0.1281152706E+02
          31    0.5677589972E+01   -0.1283177683E+02
          32    0.3180767806E+01    0.3021420434E+02
          33    0.3259234715E+01    0.1111937718E+02
          34    0.3144201948E+01    0.3054272518E+02
          35    0.4949702058E+01   -0.2878520657E+02
          36    0.1641742205E+02    0.1489784098E+02
          37    0.2955711557E+01   -0.8837181049E+01
          38    0.5065144385E+01   -0.9900277360E+01
          39    0.5895936127E+01   -0.1264727781E+02
          40    0.1347636637E+01   -0.2286929460E+02
          41    0.5894827354E+01   -0.1276346265E+02
          42    0.1285607638E+02    0.1536776548E+02
          43    0.2401080124E+01    0.1164055874E+02
          44    0.4164801063E+01    0.1773701442E+02
          45    0.3434520986E+01    0.2977293391E+02
          46    0.3104086494E+01   -0.1125451784E+02
          47    0.1629915261E+02    0.1863560167E+02
          48    0.7258219063E+01   -0.1894578534E+02
          49    0.5691109140E+01    0.2553205469E+02
          50    0.4182801744E+01   -0.1285066133E+02
          51    0.3884520891E+01    0.7680796619E+01
          52    0.2738259244E+01    0.1144456228E+02
          53    0.1647857202E+02    0.1813253528E+02
          54    0.4943805659E+01    0.1926290457E+02
          55    0.5742769128E+01   -0.7247074197E+01
          56    0.5236174267E+01   -0.1307114067E+02
          57    0.4993200127E+01    0.1568456048E+02
          58    0.2971014824E+01    0.2185886762E+02
          59    0.1932950222E+01   -0.2342125698E+02
          60    0.4790397522E+01   -0.2901649002E+02
          61    0.5623666303E+01   -0.1269431498E+02
          62    0.4153956456E+01   -0.1402078230E+02
          63    0.6009558175E+01   -0.1334614651E+02
          64    0.2643077883E+01    0.8899128768E+01
          65    0.2992904793E+01   -0.1130674629E+02
          66    0.4424669783E+01   -0.1068892513E+02
          67    0.2039593829E+01    0.1173342223E+02
          68    0.2668541121E+01    0.1665816669E+02
          69    0.3587730231E+01    0.1311060101E+02
          70    0.6127734526E+01   -0.1261592540E+02
          71    0.5654146561E+01    0.5103768312E+02
          72    0.5081982755E+01   -0.2023778241E+02
          73    0.4827829760E+01   -0.1345026804E+02
          74    0.3764244721E+01   -0.1476003890E+02
          75    0.6019033995E+01   -0.1520934001E+02
          76    0.3602675754E+01    0.4191903559E+02
          77    0.7653837294E+01    0.1510574124E+02
          78    0.2012945338E+01    0.2325279962E+02
          79    0.3624959280E+01    0.1384607372E+02
          80    0.2704156590E+01   -0.1629941481E+02
          81    0.2539277014E+01    0.1152499733E+02
          82    0.2997694757E+01    0.6428252051E+01
          83    0.6177261724E+01   -0.1037007252E+02
          84    0.2277994858E+01   -0.1657824955E+02
          85    0.4544039717E+01    0.1957380901E+02
          86    0.1842462579E+02    0.2265722717E+02
          87    0.4848045321E+01   -0.7917014136E+01
          88    0.7430768090E+01   -0.1881796351E+02
          89    0.1437298202E+02    0.1701994117E+02
          90    0.4710219616E+01   -0.1003828034E+02
          91    0.3184661791E+01   -0.2295896376E+02
          92    0.1891028373E+01   -0.2319447967E+02
          93    0.2163063692E+01   -0.1663295338E+02
          94    0.2463659079E+01   -0.8213432747E+01
          95    0.3276941591E+01   -0.1907508708E+02
          96    0.5742185640E+01   -0.1803304634E+02
          97    0.4638418828E+01   -0.2823100998E+02
          98    0.4558255507E+01    0.5205873626E+02
          99    0.4724062856E+01   -0.1003367287E+02
         100    0.4817771119E+01   -0.2829291815E+02
