     Index              y_true              y_pred        descriptor_1        descriptor_2
         1    0.3200000000E+01   -0.2138434775E+01    0.2000000000E+01    0.0000000000E+00
         2    0.1850000000E+02    0.1669734006E+02    0.1528554000E+01    0.0000000000E+00
         3    0.8872000000E+02    0.7978947998E+02   -0.5059723000E-01    0.0000000000E+00
         4    0.2045000000E+02    0.1992589077E+02    0.1447745680E+01    0.0000000000E+00
         5    0.5301000000E+02    0.6192686954E+02    0.3964911600E+00    0.0000000000E+00
         6    0.2548000000E+02    0.3323823883E+02    0.1114547110E+01    0.0000000000E+00
         7    0.6524000000E+02    0.6178760291E+02    0.3494524200E+00    0.8178818024E-02
         8    0.4537000000E+02    0.4059287484E+02    0.9304658200E+00    0.0000000000E+00
         9    0.1845000000E+02    0.1059640833E+02    0.1764416220E+01   -0.1346184112E-01
        10    0.6056000000E+02    0.6320328308E+02    0.1195133620E+01   -0.1344545330E+00
        11    0.3615000000E+02    0.4181922342E+02    0.5158535200E+00    0.6214794290E-01
        12    0.5090000000E+02    0.4496253560E+02    0.9029845100E+00   -0.1325592000E-01
        13    0.1790000000E+02    0.3584492936E+02    0.1045700450E+01    0.5832567000E-03
        14    0.4216000000E+02    0.3292893842E+02    0.1131852440E+01   -0.1548165550E-02
        15    0.1464000000E+02    0.2704528623E+02    0.1030725280E+01    0.3866091280E-01
        16    0.2796000000E+02    0.2804346349E+02    0.1218457960E+01    0.4226750920E-02
        17    0.3187000000E+02    0.3076976885E+02    0.1125267000E+01    0.8266178480E-02
        18    0.3120000000E+02    0.3428579737E+02    0.1073663750E+01    0.2373737772E-02
        19    0.2551000000E+02    0.3700441234E+02    0.9889024600E+00    0.5079743760E-02
        20    0.1790000000E+02    0.1522544195E+02    0.1063997220E+01    0.8116535291E-01
        21    0.2681000000E+02    0.2763309166E+02    0.1199221490E+01    0.9003421050E-02
        22    0.3682000000E+02    0.3454828542E+02    0.7954990000E-02    0.1738253462E+00
        23    0.6900000000E+02    0.7680135562E+02    0.2419339000E-01    0.0000000000E+00
        24    0.7520000000E+02    0.7393720803E+02    0.9588096000E-01    0.0000000000E+00
        25    0.8285000000E+02    0.8213344826E+02   -0.7476153000E-01   -0.5585376768E-02
        26    0.6942000000E+02    0.7696437437E+02   -0.8657100000E-01    0.1726984921E-01
        27    0.7737000000E+02    0.7025230349E+02   -0.1338356600E+00    0.5211626000E-01
        28    0.5774000000E+02    0.5067656035E+02    0.6420028000E+00    0.5839852044E-02
        29    0.2720000000E+02    0.2195680865E+02    0.1285058120E+01    0.1810692000E-01
        30    0.6276000000E+02    0.5126781570E+02    0.4495965100E+00    0.3459066831E-01
        31    0.5060000000E+01    0.1911188745E+02    0.1185094650E+01    0.4581560038E-01
        32    0.5015000000E+02    0.4618398351E+02    0.7914259800E+00   -0.1459526250E-03
        33    0.9080000000E+02    0.9020603754E+02    0.2852496200E+00   -0.9657107054E-01
        34    0.6660000000E+02    0.6940478049E+02    0.2829602400E+00   -0.1192004742E-01
        35    0.5100000000E+02    0.4583042935E+02    0.7924832000E+00    0.1115401280E-02
        36    0.4460000000E+02    0.3809227952E+02    0.9910895900E+00    0.3179850000E-03
