The coordinates (x,y) of 2D-vertices arranged in clockwise direction
Task :    1
Hull    1
   -0.1000000000E+01    0.1000000000E+01
   -0.1942770400E+00    0.1708000000E+01
   -0.8527815000E-01    0.1435100000E+01
   -0.5844304000E-01    0.1356200000E+01
    0.1544236000E+00    0.2703000000E+00
    0.2320597200E+00   -0.4647000000E+00
    0.1856116800E+00   -0.7536000000E+00
Hull    2
   -0.1640792000E+00    0.8488000000E+00
   -0.8058425000E-01    0.1781300000E+01
   -0.8058425000E-01    0.1781300000E+01
   -0.1253090000E-01    0.1734800000E+01
    0.7133016400E+00    0.5804000000E+00
    0.3296326000E+00    0.2129000000E+00
    0.1459263000E+00    0.3482000000E+00
    0.4147160000E-01    0.5012000000E+00
