        Rank        RMSE       MaxAE  Feature_ID
           1   38.390893   98.633772  (       1)
           2   38.472502   97.567683  (       2)
           3   38.754168   98.287807  (       3)
           4   39.321024   91.525243  (       4)
           5   39.349567   97.328558  (       5)
           6   39.411559  120.536403  (       6)
           7   39.438222   86.447981  (       7)
           8   39.453912  119.994884  (       8)
           9   39.573841   83.817566  (       9)
          10   39.638835  124.568421  (      10)
          11   39.674183  122.948576  (      11)
          12   39.800121  125.371432  (      12)
          13   39.817230  110.334254  (      13)
          14   39.870529  106.534284  (      14)
          15   39.970873  102.582227  (      15)
          16   40.004198  111.891304  (      16)
          17   40.012914  106.025464  (      17)
          18   40.030688   95.659266  (      18)
          19   40.042522  124.798275  (      19)
          20   40.049687  113.234394  (      20)
          21   40.057542  100.756317  (      21)
          22   40.066501  118.447103  (      22)
          23   40.082404  118.450293  (      23)
          24   40.165946  117.302111  (      24)
          25   40.195798  106.436673  (      25)
          26   40.225196   91.993384  (      26)
          27   40.273819  127.470218  (      27)
          28   40.287121  100.136703  (      28)
          29   40.320302  120.632729  (      29)
          30   40.334435  118.580098  (      30)
          31   40.336272  118.573215  (      31)
          32   40.376742  119.046540  (      32)
          33   40.430653  106.308791  (      33)
          34   40.436152  115.250594  (      34)
          35   40.436656  126.432822  (      35)
          36   40.474730  124.098401  (      36)
          37   40.489661  118.669131  (      37)
          38   40.524207  107.863194  (      38)
          39   40.557579  119.039787  (      39)
          40   40.574950  116.579817  (      40)
          41   40.581424  112.294380  (      41)
          42   40.596484  118.708478  (      42)
          43   40.609078  103.535289  (      43)
          44   40.638708  117.988535  (      44)
          45   40.647397  125.180911  (      45)
          46   40.653106  122.196263  (      46)
          47   40.660649   93.710271  (      47)
          48   40.673442  108.776257  (      48)
          49   40.676956   97.848803  (      49)
          50   40.677486  100.225349  (      50)
          51   40.678481  118.739567  (      51)
          52   40.689484  116.509245  (      52)
          53   40.710715  109.950190  (      53)
          54   40.715592  116.044961  (      54)
          55   40.730392  118.516391  (      55)
          56   40.739429   95.028530  (      56)
          57   40.751007  113.968323  (      57)
          58   40.760685  118.535251  (      58)
          59   40.762218  118.504424  (      59)
          60   40.762704  118.492542  (      60)
          61   40.765244  118.449245  (      61)
          62   40.765367  118.478151  (      62)
          63   40.767308  118.520138  (      63)
          64   40.776484  118.443756  (      64)
          65   40.777620  127.903022  (      65)
          66   40.780645  105.205162  (      66)
          67   40.796207  118.467281  (      67)
          68   40.804806   89.027831  (      68)
          69   40.821032  118.516968  (      69)
          70   40.847145  118.303425  (      70)
          71   40.849630  118.242599  (      71)
          72   40.869595  122.935803  (      72)
          73   40.876526  111.512750  (      73)
          74   40.903709  111.959315  (      74)
          75   40.904194  129.604836  (      75)
          76   40.905817  111.972190  (      76)
          77   40.906517  109.368564  (      77)
          78   40.918915  113.147721  (      78)
          79   40.923989  125.469999  (      79)
          80   40.953301   95.275642  (      80)
          81   40.955314  105.469920  (      81)
          82   40.971344  112.233479  (      82)
          83   40.982738  117.928792  (      83)
          84   40.995928   97.556075  (      84)
          85   41.004126  129.994014  (      85)
          86   41.011314  122.599302  (      86)
          87   41.012840  112.337785  (      87)
          88   41.045151  114.808304  (      88)
          89   41.060972  106.723885  (      89)
          90   41.069982  127.081988  (      90)
          91   41.085707  117.258836  (      91)
          92   41.090773  125.571910  (      92)
          93   41.092311  118.086808  (      93)
          94   41.131829  118.471399  (      94)
          95   41.134383   89.521764  (      95)
          96   41.141700  113.118440  (      96)
          97   41.143688  116.710233  (      97)
          98   41.146821  119.267987  (      98)
          99   41.148932  116.252133  (      99)
         100   41.159994  118.168535  (     100)
