Model_ID, [(c_i,i=0,n)_j,j=1,ntask]
           1    0.2982779872E+03    0.1660574267E+03
           2    0.2927370101E+03    0.1646499312E+03
           3    0.1388081144E+03   -0.2842689264E+03
           4    0.2242296855E+03   -0.1366418049E+03
           5    0.3549413769E+03    0.2034123428E+03
           6    0.2576471591E+03    0.8983489436E+02
           7    0.3654227082E+03    0.2319065537E+03
           8    0.2116495154E+03    0.1115318884E+03
           9    0.3194376147E+03    0.2215766360E+03
          10    0.2535121335E+03    0.8535371439E+02
          11    0.3028225456E+03    0.1937138694E+03
          12    0.2981347596E+03    0.1943332946E+03
          13    0.2714705368E+03   -0.1615397264E+03
          14    0.3586436316E+03    0.2758176496E+03
          15    0.3011371779E+03    0.1682182494E+03
          16    0.3257623074E+03   -0.2272723879E+03
          17    0.2869729343E+03   -0.1907043687E+03
          18    0.3626145196E+03    0.2215472168E+03
          19    0.2305870531E+03    0.9885395095E+02
          20    0.1995921439E+03    0.8139509412E+02
          21    0.2802021646E+03   -0.1766818361E+03
          22    0.3023600503E+03   -0.1886176251E+03
          23    0.3023467493E+03   -0.1886384337E+03
          24    0.1984045281E+03    0.7773766218E+02
          25    0.3602330284E+03    0.2216110260E+03
          26    0.3217686047E+03    0.2439520282E+03
          27    0.2414953796E+03    0.7843219106E+02
          28    0.1544829114E+03    0.8380226078E+02
          29    0.2004340064E+03    0.1285280637E+03
          30    0.3002900400E+03   -0.1913973027E+03
          31    0.3002752733E+03   -0.1914072493E+03
          32    0.2991919304E+03   -0.1933713993E+03
          33    0.1487392775E+03    0.8844326994E+02
          34    0.2987905232E+03   -0.1890882877E+03
          35    0.1985044045E+03    0.1196832690E+03
          36    0.2100740850E+03    0.1040516071E+03
          37    0.3011461416E+03    0.1904294412E+03
          38    0.3602519602E+03    0.2364870415E+03
          39    0.3017082561E+03   -0.1901878659E+03
          40    0.2961002334E+03   -0.1861587760E+03
          41    0.2980081904E+03   -0.1863453580E+03
          42    0.3020788976E+03   -0.1893021688E+03
          43    0.1390571996E+03    0.9147368199E+02
          44    0.2995683617E+03   -0.1915614775E+03
          45    0.1952590989E+03    0.8007840298E+02
          46    0.2423460632E+03    0.1188884429E+03
          47    0.2411168263E+03   -0.1480532425E+03
          48    0.1936564106E+03    0.9110235519E+02
          49    0.8794256079E+02    0.1133884607E+03
          50    0.2015869091E+03    0.8723288835E+02
          51    0.3016635607E+03   -0.1898654539E+03
          52    0.3011464051E+03    0.1877038384E+03
          53    0.2698464204E+03   -0.1787082232E+03
          54    0.3010544417E+03   -0.1872340578E+03
          55    0.3015664159E+03    0.1897064320E+03
          56    0.2834302404E+03    0.2112254529E+03
          57    0.2992772731E+03   -0.1868561973E+03
          58    0.3016352343E+03   -0.1896433962E+03
          59    0.3016681606E+03   -0.1895629544E+03
          60    0.3016127374E+03    0.1896178933E+03
          61    0.3015903223E+03   -0.1895915441E+03
          62    0.3015575985E+03   -0.1896693077E+03
          63    0.3017745853E+03    0.1894484979E+03
          64    0.3014532904E+03    0.1897575216E+03
          65    0.2154645433E+03    0.8435013840E+02
          66    0.1502988717E+03    0.1377143693E+03
          67    0.3016591961E+03    0.1895273996E+03
          68    0.2272181224E+03   -0.1434811115E+03
          69    0.3020697581E+03    0.1890720601E+03
          70    0.3011743779E+03    0.1899323782E+03
          71    0.3015624975E+03   -0.1893659137E+03
          72    0.2272570073E+03    0.9949133356E+02
          73    0.3330486090E+03    0.2274287246E+03
          74    0.3333636917E+03   -0.2276960387E+03
          75    0.2639212281E+03    0.8215731612E+02
          76    0.3333735778E+03   -0.2277021157E+03
          77    0.2718638100E+03   -0.1719849273E+03
          78    0.2491922662E+03    0.1413718167E+03
          79    0.3048785343E+03    0.1943011374E+03
          80    0.2475647949E+03    0.1296763019E+03
          81    0.2468877749E+03   -0.1447415707E+03
          82    0.3335880104E+03   -0.2277973773E+03
          83    0.3015203060E+03   -0.1890231987E+03
          84    0.2520649384E+03   -0.1533949616E+03
          85    0.2389620675E+03    0.7462656988E+02
          86    0.1691611790E+03    0.9694079642E+02
          87    0.3336829370E+03   -0.2278164464E+03
          88    0.2949216775E+03    0.1854414352E+03
          89    0.1497611489E+03    0.8568081379E+02
          90    0.2381004248E+03    0.1109633070E+03
          91    0.1631468379E+03    0.8149202078E+02
          92    0.2905298318E+03   -0.8764907415E+02
          93    0.3011695500E+03   -0.1896651500E+03
          94    0.3034691044E+03   -0.1872489157E+03
          95    0.1982926583E+03    0.8025503857E+02
          96    0.2263957778E+03    0.9560159036E+02
          97    0.2952820187E+03    0.1873064006E+03
          98    0.2845843438E+03    0.1914358231E+03
          99    0.2061881766E+03    0.9097035338E+02
         100    0.3020936477E+03    0.1886022760E+03
