Model_ID, [(c_i,i=0,n)_j,j=1,ntask]
           1    0.3522510878E+01    0.5430653742E+02   -0.8523196152E+02
           2    0.3664275370E+01    0.5471478948E+02   -0.8484472249E+02
           3    0.3841993879E+01    0.5415128532E+02   -0.8525964699E+02
           4    0.3633841924E+01    0.5476005049E+02   -0.8586390448E+02
           5    0.3738942284E+01    0.5441753751E+02   -0.8365795732E+02
           6    0.3530913921E+01    0.5501925439E+02   -0.8423829615E+02
           7    0.3933388144E+01   -0.5374015755E+02   -0.8415386911E+02
           8    0.3459581309E+01    0.5530745480E+02   -0.8527273509E+02
           9    0.9574252075E+01   -0.6133254551E+02    0.1415389550E+02
          10    0.3271328170E+01    0.5484401290E+02   -0.9625134497E+02
          11    0.4938859257E+01    0.5085415088E+02   -0.3565328728E+02
          12    0.3348501436E+01    0.5548063909E+02   -0.9830461996E+02
          13    0.5295383079E+01   -0.5050293929E+02   -0.3581059856E+02
          14    0.5062390440E+01    0.5129085548E+02   -0.3567641711E+02
          15    0.5234278940E+01    0.5076378157E+02   -0.3592643994E+02
          16    0.3417274647E+01    0.5524555806E+02   -0.9571828911E+02
          17    0.1320349239E+02   -0.6129800556E+02   -0.1568891541E+02
          18    0.1364643386E+02   -0.6112081800E+02   -0.1640787673E+02
          19    0.5113857568E+01    0.5106078093E+02   -0.3522889698E+02
          20    0.3591030330E+01    0.5470264147E+02   -0.9638643997E+02
          21    0.5050884544E+01    0.5129186552E+02   -0.3611374915E+02
          22    0.1258731826E+02   -0.6367055913E+02   -0.1403291660E+02
          23    0.4930143932E+01    0.5158360485E+02   -0.3540946733E+02
          24    0.3203940511E+01    0.5587462529E+02   -0.9642247329E+02
          25    0.4695088025E+01    0.5403614612E+02   -0.2765915651E+02
          26    0.9169368291E+01    0.6175145087E+02    0.1370441433E+02
          27    0.3289455229E+01    0.5552333004E+02   -0.9478836775E+02
          28    0.9417802594E+01    0.6124336953E+02    0.1384737022E+02
          29    0.3696533970E+01   -0.5422849150E+02   -0.9466036556E+02
          30    0.9187356202E+01    0.6144164944E+02    0.1357931691E+02
          31    0.4574466248E+01    0.5348517603E+02   -0.2742769084E+02
          32    0.4944094376E+01   -0.5316608033E+02   -0.2764663841E+02
          33    0.4377909436E+01    0.5447042129E+02   -0.3445052865E+02
          34    0.4750703065E+01    0.5378605861E+02   -0.2734308490E+02
          35    0.4024177085E+01    0.5270571752E+02   -0.1417806909E+03
          36    0.4877505380E+01    0.5345957984E+02   -0.2776133903E+02
          37    0.4888773740E+01    0.5172563571E+02   -0.3551923104E+02
          38    0.4556127618E+01    0.5392830935E+02   -0.3468974423E+02
          39    0.3154599247E+01    0.5527998133E+02   -0.9129615922E+02
          40    0.4554113831E+01    0.5435948939E+02   -0.2750124966E+02
          41    0.4262195732E+01    0.5388513016E+02   -0.3407715924E+02
          42    0.3529199855E+01    0.5476557774E+02   -0.9293690725E+02
          43    0.4681468736E+01    0.5403781173E+02   -0.2792544246E+02
          44    0.4632661654E+01   -0.5356241298E+02   -0.3433995478E+02
          45    0.4355797394E+01    0.5451954286E+02   -0.3491025660E+02
          46    0.4154267284E+01    0.5314248761E+02   -0.1416133188E+03
          47    0.4442584828E+01    0.5417112270E+02   -0.3392144668E+02
          48    0.4325921681E+01    0.5260918431E+02   -0.1426592356E+03
          49    0.4126242739E+01    0.5319580227E+02   -0.1438134208E+03
          50    0.1188432111E+02    0.6340753963E+02   -0.1351130387E+02
          51    0.4242329858E+01    0.5475471778E+02   -0.3413084386E+02
          52    0.4749639839E+01    0.3984904903E+02   -0.6616050993E+02
          53    0.4404978324E+01   -0.5225166508E+02   -0.1410720874E+03
          54    0.9167535941E+01    0.6170604684E+02    0.1373514247E+02
          55    0.4507819413E+01    0.5452617973E+02   -0.2758936639E+02
          56    0.8935149085E+01    0.6189468704E+02    0.1346138103E+02
          57    0.4223875327E+01    0.5285057755E+02   -0.1392350113E+03
          58   -0.1017880548E+01   -0.2338633338E+02    0.2714982883E+03
          59    0.5030705762E+01   -0.3951648799E+02   -0.6642643322E+02
          60    0.4185987191E+01    0.5499421827E+02   -0.3444616937E+02
          61    0.4326684258E+01    0.5238526108E+02   -0.8143104748E+02
          62    0.4024488233E+01    0.5342922566E+02   -0.1403457773E+03
          63    0.2831918860E+01    0.5611604479E+02   -0.1051044689E+03
          64    0.4891130491E+01    0.4008038069E+02   -0.6571629815E+02
          65    0.3742710898E+01    0.3803839801E+02   -0.7826084144E+02
          66    0.1257195875E+02    0.6145946146E+02   -0.1495735219E+02
          67    0.2258622225E+01    0.1816247484E+02    0.1983341336E+03
          68    0.4855941240E+01    0.4015242077E+02   -0.6601641526E+02
          69   -0.1458075258E+01    0.2094130834E+02    0.2614565266E+03
          70    0.3625549838E+01    0.5400422467E+02   -0.1582861071E+03
          71    0.3965154866E+01    0.5366618846E+02   -0.1418540337E+03
          72    0.1198844908E+02    0.6382634719E+02   -0.1341449628E+02
          73    0.1284890080E+02    0.6093313331E+02   -0.1509968700E+02
          74    0.4991294270E+01    0.3966342125E+02   -0.6640917277E+02
          75    0.2164243679E+01    0.1814901299E+02    0.1955929965E+03
          76    0.3992797393E+01    0.5405690547E+02   -0.8372539335E+02
          77    0.1297073091E+02    0.6123338647E+02   -0.1559209633E+02
          78    0.1234647906E+02    0.6074353150E+02   -0.1478979971E+02
          79    0.2096062988E+01    0.1829317054E+02    0.2720709447E+03
          80    0.5031586237E+01   -0.4515433691E+02   -0.2064363096E+02
          81    0.1325959156E+02    0.6072612670E+02   -0.1575866523E+02
          82    0.2367762421E+01    0.1814029071E+02   -0.2034469888E+03
          83    0.1275599411E+02    0.6055435583E+02   -0.1544812913E+02
          84    0.4753520238E+01    0.4041167424E+02   -0.6592330002E+02
          85    0.2021802565E+01    0.1837808018E+02    0.1996723977E+03
          86    0.4826045602E+01    0.4586979919E+02   -0.2054053793E+02
          87    0.4335894234E+01    0.4211888997E+02   -0.8472339004E+02
          88    0.1224321638E+02    0.6322775168E+02   -0.1349247491E+02
          89    0.5026748818E+01    0.4561501857E+02   -0.2165905117E+02
          90    0.5628311346E+01    0.4932001276E+02   -0.3486521807E+02
          91    0.2252719961E+01   -0.9133645765E+01    0.2726125482E+03
          92    0.2267471738E+01    0.1813775296E+02   -0.2010123986E+03
          93    0.8857580926E+01    0.6045173423E+02    0.1308579711E+02
          94    0.4978891832E+01    0.4535863193E+02   -0.2068653659E+02
          95    0.1265662202E+02    0.6159908145E+02   -0.1515664561E+02
          96    0.4854563290E+01    0.3999710690E+02   -0.6660784147E+02
          97    0.4871670953E+01    0.4573632537E+02   -0.2036124708E+02
          98    0.1247967710E+02    0.6097333205E+02   -0.1465651507E+02
          99    0.1191713283E+02    0.6331403176E+02   -0.1316103600E+02
         100    0.2336260891E+01   -0.1705944906E+02    0.2671727800E+03
