Model_ID, [(c_i,i=0,n)_j,j=1,ntask]
           1    0.3946245751E+02   -0.3536105310E+02
           2    0.2034404321E+02    0.5106836571E+02
           3    0.3809308201E+02   -0.3225977843E+02
           4    0.3807479433E+02   -0.3226882584E+02
           5    0.1394434580E+02   -0.5061032263E+02
           6    0.2027953891E+02    0.5226300916E+02
           7    0.1403022798E+02   -0.5054261819E+02
           8    0.3805785249E+02    0.3122530255E+02
           9    0.3787406143E+02   -0.3139000577E+02
          10    0.3826128117E+02   -0.3102006042E+02
          11    0.3915654113E+02   -0.3537911077E+02
          12    0.1788797695E+02    0.5695444971E+02
          13    0.2083741102E+02    0.5058165998E+02
          14    0.1650943374E+02    0.6139093434E+02
          15    0.1478376221E+02   -0.6247987299E+02
          16    0.1491667681E+02    0.6195304752E+02
          17    0.1462533289E+02   -0.6305159622E+02
          18    0.8779223216E+01   -0.7085484385E+02
          19    0.1601762147E+02   -0.4900080973E+02
          20    0.1750697357E+02   -0.5892924991E+02
          21    0.1624962781E+02   -0.6272754356E+02
          22    0.1348706882E+02    0.2885047006E+02
          23    0.1584180064E+02   -0.4913118741E+02
          24    0.1449722029E+02   -0.6350947465E+02
          25    0.2577168780E+02    0.2033855198E+02
          26    0.2634425004E+02   -0.2053195699E+02
          27    0.1527728015E+02    0.2655042256E+02
          28    0.1467417422E+02    0.2761715253E+02
          29    0.1606194097E+02    0.1451676391E+02
          30    0.1930770241E+02   -0.3600245421E+02
          31    0.1425058502E+02   -0.6310615637E+02
          32    0.1611430733E+02    0.1450465376E+02
          33    0.1882378651E+02    0.2195418552E+02
          34    0.2655609886E+02   -0.1993991585E+02
          35    0.1889508312E+02    0.4614304388E+02
          36    0.3903689571E+02   -0.3478525132E+02
          37    0.3061651628E+02    0.3302263808E+02
          38    0.1866931298E+02   -0.2767306285E+02
          39    0.1574765843E+02   -0.2963262478E+02
          40    0.1520217367E+02   -0.6088618136E+02
          41    0.1563268580E+02   -0.6110799737E+02
          42    0.2213568246E+02    0.2462076990E+02
          43    0.1579840647E+02    0.1480537734E+02
          44    0.1585152218E+02   -0.2958614640E+02
          45    0.3765497226E+02    0.3402361788E+02
          46    0.1647941913E+02    0.5986834046E+02
          47    0.1649727642E+02   -0.2830959653E+02
          48    0.1393130286E+02    0.3338162430E+02
          49    0.1385569340E+02    0.3338729141E+02
          50    0.3915190451E+02    0.3932877429E+02
          51    0.1469914538E+02    0.2755422292E+02
          52    0.1591717544E+02    0.6169939144E+02
          53    0.1876563066E+02    0.4937970878E+02
          54    0.2234055994E+02    0.5820104895E+02
          55    0.1692001700E+02    0.5888927319E+02
          56    0.3975102720E+02   -0.3534494968E+02
          57    0.3915408134E+02    0.3861466103E+02
          58    0.2138431437E+02    0.4234321133E+02
          59    0.1546137284E+02    0.1465144437E+02
          60    0.1430373594E+02   -0.6451522673E+02
          61    0.1718852842E+02    0.2517860393E+02
          62    0.2136746977E+02   -0.8117516836E+02
          63    0.2021459459E+02    0.4526274710E+02
          64    0.1415899879E+02   -0.3317292907E+02
          65    0.1358329629E+02    0.1701369281E+02
          66    0.1863894738E+02    0.4952128935E+02
          67    0.2002881349E+02    0.4355225831E+02
          68    0.2106772449E+02   -0.8336885660E+02
          69    0.1937271820E+02    0.4391236917E+02
          70    0.1776231432E+02    0.6284229483E+02
          71    0.1512590620E+02    0.1495981454E+02
          72    0.4459827728E+02    0.3218314013E+02
          73    0.1820937082E+02   -0.2263398930E+02
          74    0.1991524225E+02    0.5487292237E+02
          75    0.1518253896E+02   -0.1494591238E+02
          76    0.1592715309E+02    0.4860953942E+02
          77    0.1905563256E+02   -0.5484791716E+02
          78    0.1570930397E+02    0.3241584007E+02
          79    0.1038189211E+02    0.3253004876E+02
          80    0.2224992576E+02    0.4874739946E+02
          81    0.1617180106E+02    0.2664049402E+02
          82    0.1065593846E+02   -0.3242647136E+02
          83    0.1838925589E+02    0.4754851100E+02
          84    0.1910155411E+02    0.2733003613E+02
          85    0.1402927225E+02    0.1641474798E+02
          86    0.1340482418E+02   -0.3420641035E+02
          87    0.1634124468E+02    0.3192588848E+02
          88    0.2097497330E+02   -0.5365765947E+02
          89    0.2189498142E+02    0.4920166868E+02
          90    0.1780078987E+02    0.2740504041E+02
          91    0.1423070921E+02    0.1640945970E+02
          92    0.1596700968E+02    0.3224511387E+02
          93    0.2197810038E+02   -0.4909599069E+02
          94    0.2452257690E+02    0.5021040589E+02
          95    0.1399930160E+02    0.3364841121E+02
          96    0.1332471441E+02   -0.3421539886E+02
          97    0.1873191816E+02   -0.5650284129E+02
          98    0.1735330402E+02    0.2853086000E+02
          99    0.1572648825E+02    0.1640911023E+02
         100    0.1757817852E+02   -0.5201581962E+02
