        Rank        RMSE       MaxAE  Feature_ID
           1    9.773833   30.808260  (    8616   16287)
           2    9.824738   29.615050  (      17   16287)
           3    9.919412   29.912799  (      51   16287)
           4    9.920937   31.081418  (    9419   16287)
           5    9.930241   27.972630  (    2719   10886)
           6    9.931207   28.252121  (    3325   10886)
           7    9.956239   22.782838  (     323   19268)
           8    9.958279   26.506304  (     398   10005)
           9    9.975965   29.162241  (       3   16287)
          10    9.993086   28.811314  (      43   16287)
          11   10.012201   26.338206  (     616   19268)
          12   10.031718   31.019730  (      46   19268)
          13   10.040445   24.329629  (     323   12303)
          14   10.089930   25.833110  (     629   19268)
          15   10.091523   31.098984  (     152   16287)
          16   10.106160   27.270736  (    2831   10886)
          17   10.109645   28.073208  (      59   16287)
          18   10.111311   30.362089  (      44   19268)
          19   10.114503   30.836405  (      93   16287)
          20   10.119226   25.671639  (    9119   16062)
          21   10.130112   26.167579  (    9119   14245)
          22   10.133045   29.457692  (      28   16287)
          23   10.136938   26.566143  (     398   10020)
          24   10.139907   26.328710  (    9119   12863)
          25   10.140898   23.685722  (     323   10499)
          26   10.148053   25.745403  (    9119   15794)
          27   10.152700   28.263942  (     197   16287)
          28   10.157119   27.785359  (    4323   10886)
          29   10.157506   29.025022  (      22   16287)
          30   10.170887   25.773945  (    5880   12303)
          31   10.175775   28.923551  (      35   16287)
          32   10.176952   29.197630  (      53   16287)
          33   10.178564   25.449842  (    3033   12303)
          34   10.178937   27.684783  (    4742   10886)
          35   10.181953   28.915839  (      19   16287)
          36   10.187506   28.180384  (    3915   10886)
          37   10.191052   29.499641  (    4480   16287)
          38   10.192711   29.581467  (      39   16287)
          39   10.194455   30.597389  (      58   19268)
          40   10.196632   30.513898  (      57   19268)
          41   10.200634   25.023581  (    9119   10510)
          42   10.201603   30.486829  (      60   19268)
          43   10.205238   24.262178  (    3444   11620)
          44   10.205604   23.938459  (    3033   11620)
          45   10.207761   29.276889  (      86   16287)
          46   10.208101   30.737440  (      72   19268)
          47   10.209726   24.088601  (    5880   19268)
          48   10.210908   31.620318  (    4089   16287)
          49   10.211148   25.828167  (    7407   12303)
          50   10.211564   24.220708  (    5880   11620)
          51   10.212122   30.683633  (      65   19268)
          52   10.213489   28.453399  (     356   16287)
          53   10.216166   24.553913  (     323   11925)
          54   10.217336   25.835659  (    7141   12303)
          55   10.221570   25.745041  (    9119   10222)
          56   10.223308   28.047326  (    5238   10886)
          57   10.223945   25.843320  (    6877   12303)
          58   10.224799   30.630877  (      62   19268)
          59   10.227159   25.767698  (    1771   19268)
          60   10.230225   27.589722  (    5735   10886)
          61   10.234721   27.255494  (    3806   10886)
          62   10.239139   24.304750  (    4169   11620)
          63   10.239689   23.809008  (    3033   19268)
          64   10.242055   25.193803  (    3033   11121)
          65   10.242942   24.134805  (    7407   19268)
          66   10.243887   29.598349  (      76   19268)
          67   10.244181   29.546712  (      77   19268)
          68   10.245340   24.321067  (    4116   11620)
          69   10.252100   24.337611  (    4067   11620)
          70   10.253225   24.146012  (    7141   19268)
          71   10.253874   30.779054  (      81   19268)
          72   10.254873   25.508120  (    5880   11121)
          73   10.256846   24.289254  (    6877   11620)
          74   10.257012   25.943531  (    9119   19226)
          75   10.257361   30.198201  (      52   19268)
          76   10.258968   27.684998  (    2633   10886)
          77   10.259362   24.278343  (    7141   11620)
          78   10.262335   24.267630  (    7407   11620)
          79   10.263896   24.157387  (    6877   19268)
          80   10.264113   25.894369  (    9119   19554)
          81   10.265568   29.468015  (     473   19268)
          82   10.267953   30.569733  (     164   19268)
          83   10.269288   25.814527  (    9119   18966)
          84   10.269636   25.530449  (    8910   10886)
          85   10.269815   30.521369  (     130   19268)
          86   10.271174   30.516410  (     145   19268)
          87   10.272815   30.810986  (      97   19268)
          88   10.272878   30.511481  (     161   19268)
          89   10.273786   25.998606  (    6623   10222)
          90   10.274494   25.901942  (    8887   12303)
          91   10.275259   27.445080  (    1560   10005)
          92   10.275799   30.611627  (     169   19268)
          93   10.276447   27.906299  (    7539   16145)
          94   10.277171   30.463729  (     143   19268)
          95   10.277461   29.073192  (    8931   10031)
          96   10.278572   30.456038  (     140   19268)
          97   10.278936   30.454150  (     139   19268)
          98   10.280896   27.475173  (    1608   10005)
          99   10.281100   27.864725  (    4021   17385)
         100   10.283010   30.464215  (     135   19268)
