Model_ID, [(c_i,i=0,n)_j,j=1,ntask]
           1    0.6918521004E+02    0.5626900033E+02
           2    0.6837827081E+02   -0.3002459222E+02
           3    0.4661770144E+02   -0.3845089952E+02
           4    0.6326977307E+02   -0.2586684155E+02
           5    0.4506088817E+02   -0.4158534980E+02
           6    0.3457991337E+02    0.3148029169E+02
           7    0.4908962751E+02    0.3705328773E+02
           8    0.5379465727E+02   -0.2865412925E+02
           9    0.4681354064E+02   -0.3718890719E+02
          10    0.6781432068E+02    0.5546406010E+02
          11    0.5940110377E+02   -0.5163245086E+02
          12    0.4611470221E+02    0.3863641872E+02
          13    0.4617754561E+02    0.3872924447E+02
          14    0.4616772451E+02    0.3874589459E+02
          15    0.4615787009E+02    0.3876173479E+02
          16    0.4615550425E+02    0.3876540920E+02
          17    0.4699840282E+02   -0.3709527793E+02
          18    0.4622044646E+02    0.3883702321E+02
          19    0.4634005376E+02   -0.3832217579E+02
          20    0.4608358771E+02   -0.3885381695E+02
          21    0.3214358694E+02    0.2683841407E+02
          22    0.4643130374E+02   -0.3797529896E+02
          23    0.5127751436E+02    0.4558924229E+02
          24    0.4599419898E+02    0.3890295622E+02
          25    0.7505252677E+02   -0.6881236150E+02
          26    0.3225119200E+02    0.2817019090E+02
          27    0.4847847195E+02   -0.4571465648E+02
          28    0.4681793177E+02   -0.3696944842E+02
          29    0.4707917087E+02   -0.3627541357E+02
          30    0.3934707152E+02    0.3174256094E+02
          31    0.4046343806E+02   -0.3901812178E+02
          32    0.6990357374E+02    0.2875229323E+02
          33    0.4569379099E+02    0.3718810353E+02
          34    0.4680348678E+02    0.5195306012E+02
          35    0.4629894721E+02   -0.3767587756E+02
          36    0.4209890118E+02    0.4156824598E+02
          37    0.4672404311E+02    0.3704339339E+02
          38    0.4485783456E+02   -0.4132304632E+02
          39    0.4694612363E+02   -0.3691000874E+02
          40    0.2931471188E+02   -0.2763595968E+02
          41    0.6849708699E+02    0.5481808518E+02
          42    0.3919637336E+02    0.5143554796E+02
          43    0.4619485938E+02   -0.3782493861E+02
          44    0.4586989430E+02   -0.3871642857E+02
          45    0.6755496151E+02   -0.5581719331E+02
          46    0.4640745798E+02   -0.3787096967E+02
          47    0.6738706352E+02   -0.5555764552E+02
          48    0.5347052387E+02   -0.2872845685E+02
          49    0.4701561266E+02    0.3634337189E+02
          50    0.6770649968E+02    0.5603493760E+02
          51    0.4724130525E+02   -0.3615316534E+02
          52    0.4576162157E+02   -0.3889630166E+02
          53    0.4656402945E+02   -0.3729412680E+02
          54    0.3927841104E+02    0.4357903136E+02
          55    0.4583709713E+02   -0.3883475823E+02
          56    0.4411701488E+02    0.4022594510E+02
          57    0.4600727871E+02   -0.3855545004E+02
          58    0.4607639550E+02   -0.3843193570E+02
          59    0.4898075861E+02   -0.4301728054E+02
          60    0.4598431901E+02   -0.3858707912E+02
          61    0.4410477751E+02    0.4040738752E+02
          62    0.4609295722E+02    0.3815946889E+02
          63    0.4720462757E+02   -0.3590304962E+02
          64    0.3301091789E+02   -0.4032417372E+02
          65    0.4614522528E+02   -0.3826503055E+02
          66    0.4650528935E+02   -0.3682530025E+02
          67    0.5403864645E+02    0.4293085453E+02
          68    0.5871730113E+02   -0.5562297809E+02
          69    0.4556987013E+02    0.3754428615E+02
          70    0.4535227142E+02   -0.4007037053E+02
          71    0.4816413922E+02   -0.4501775757E+02
          72    0.4619719728E+02    0.3835258036E+02
          73    0.4662944708E+02   -0.3652869149E+02
          74    0.7313201091E+02    0.6288459823E+02
          75    0.4558246676E+02    0.3921496645E+02
          76    0.4519563280E+02   -0.3931819149E+02
          77    0.4514742447E+02   -0.3933445634E+02
          78    0.4842114118E+02   -0.4422064854E+02
          79    0.4456660196E+02   -0.4163074610E+02
          80    0.4576855716E+02   -0.3754315105E+02
          81    0.4621850419E+02   -0.3803628165E+02
          82    0.4557680906E+02    0.3937584173E+02
          83    0.7091395713E+02   -0.3465403841E+02
          84    0.4064473860E+02    0.3309138510E+02
          85    0.4162587351E+02    0.4296659496E+02
          86    0.4662059554E+02   -0.3693083750E+02
          87    0.5015053472E+02   -0.3638340567E+02
          88    0.4455507409E+02    0.4142837492E+02
          89    0.4456637730E+02    0.4140330715E+02
          90    0.4457767693E+02    0.4137725381E+02
          91    0.3865161248E+02    0.3252848652E+02
          92    0.3665002169E+02    0.2666794995E+02
          93    0.5891472927E+02   -0.5349507977E+02
          94    0.4455574156E+02   -0.4160756860E+02
          95    0.4709119970E+02    0.3584381339E+02
          96    0.4737085606E+02    0.3524826951E+02
          97    0.4624237743E+02   -0.3794977963E+02
          98    0.7238347030E+02    0.6109599510E+02
          99    0.4542274816E+02   -0.3913588660E+02
         100    0.4994412194E+02    0.3352987072E+02
