     Index              y_true              y_pred        descriptor_1        descriptor_2
         1    0.3200000000E+01   -0.1664338091E+01    0.4000000000E+01    0.0000000000E+00
         2    0.1850000000E+02    0.2009093968E+02    0.3006600000E+01    0.0000000000E+00
         3    0.8872000000E+02    0.7744217929E+02    0.3878000000E+00    0.0000000000E+00
         4    0.2078000000E+02    0.2521111679E+02    0.2772800000E+01    0.0000000000E+00
         5    0.5301000000E+02    0.4376683136E+02    0.1925500000E+01    0.0000000000E+00
         6    0.2548000000E+02    0.2380828909E+02    0.3495400000E+01    0.7917123562E-02
         7    0.2817000000E+02    0.2900732088E+02    0.3037500000E+01    0.5266242555E-02
         8    0.6524000000E+02    0.5735509334E+02    0.1610900000E+01    0.3677267891E-02
         9    0.4537000000E+02    0.4070270711E+02    0.2470200000E+01    0.4866389539E-02
        10    0.4263000000E+02    0.5633880477E+02    0.1350100000E+01   -0.1601929406E-04
        11    0.3615000000E+02    0.4735729616E+02    0.1995100000E+01    0.2807773238E-02
        12    0.1790000000E+02    0.3183864991E+02    0.2589400000E+01    0.1433399241E-02
        13    0.4216000000E+02    0.3519526117E+02    0.2687300000E+01    0.4453023229E-02
        14    0.1464000000E+02    0.2933305884E+02    0.2682800000E+01    0.1180795214E-02
        15    0.2796000000E+02    0.3193858807E+02    0.3038900000E+01    0.6892228858E-02
        16    0.3187000000E+02    0.2719936386E+02    0.3140000000E+01    0.5506015126E-02
        17    0.3120000000E+02    0.2764403770E+02    0.3200300000E+01    0.6475061416E-02
        18    0.2551000000E+02    0.2779653577E+02    0.2600500000E+01   -0.6521230074E-03
        19    0.1790000000E+02    0.1946297496E+02    0.2714200000E+01   -0.3860012728E-02
        20    0.3007000000E+02    0.3459370601E+02    0.2545700000E+01    0.2420452234E-02
        21    0.2622000000E+02    0.3568919836E+02    0.2924600000E+01    0.7577038092E-02
        22    0.5646000000E+02    0.6559214934E+02    0.1346000000E+00   -0.9549234535E-02
        23    0.6900000000E+02    0.6580579353E+02    0.1858000000E+00   -0.8816416601E-02
        24    0.7520000000E+02    0.7357876380E+02   -0.8280000000E-01   -0.7778504761E-02
        25    0.8285000000E+02    0.8003401412E+02   -0.6620000000E-01   -0.4035247431E-02
        26    0.6942000000E+02    0.7822035594E+02    0.3526000000E+00    0.4009129925E-05
        27    0.7737000000E+02    0.7866800861E+02    0.1157000000E+00   -0.2598299500E-02
        28    0.6383000000E+02    0.5538010902E+02    0.1293000000E+01   -0.1228773294E-02
        29    0.5774000000E+02    0.4576780016E+02    0.2334200000E+01    0.6011919104E-02
        30    0.2720000000E+02    0.2523767449E+02    0.3011500000E+01    0.2884272174E-02
        31    0.5060000000E+01    0.6549632459E-01    0.2717500000E+01   -0.1446882456E-01
        32    0.5015000000E+02    0.5440757039E+02    0.1477900000E+01    0.4602396611E-03
        33    0.6660000000E+02    0.6468770358E+02    0.8800000000E+00   -0.1084412495E-02
        34    0.5100000000E+02    0.4111085387E+02    0.2116900000E+01    0.8430125665E-03
        35    0.7420000000E+02    0.7560159767E+02    0.2214800000E+01    0.2095410240E-01
        36    0.4460000000E+02    0.3909449416E+02    0.2479600000E+01    0.4096549652E-02
