Model_ID, [(c_i,i=0,n)_j,j=1,ntask]
           1    0.2372836357E+03    0.1994205971E+03    0.4905509571E+03
           2    0.2484721260E+03    0.1692326612E+03   -0.2185283549E+03
           3    0.2417701144E+03    0.1651626612E+03   -0.2242951358E+03
           4    0.2434830726E+03   -0.1797575400E+03   -0.2096818651E+03
           5    0.2398351397E+03    0.1537313034E+03   -0.2202628008E+03
           6    0.2361033947E+03    0.1991287801E+03   -0.5128015824E+03
           7    0.2308988644E+03    0.1932345182E+03    0.4595790689E+03
           8    0.2418238705E+03    0.1584124295E+03   -0.2195780547E+03
           9    0.2398035019E+03    0.1766002138E+03   -0.4641064220E+03
          10    0.2462952739E+03    0.1808089705E+03   -0.4817565357E+03
          11    0.2370787802E+03    0.1963138074E+03   -0.4995811996E+03
          12    0.3392351703E+03    0.2628276236E+03   -0.2376265621E+03
          13    0.2432309210E+03   -0.1738073683E+03   -0.2061797799E+03
          14    0.2443415687E+03    0.1715046020E+03    0.1778363332E+03
          15    0.2416009782E+03   -0.1599894255E+03   -0.2206429442E+03
          16    0.2428992176E+03    0.1722290515E+03   -0.2066255424E+03
          17    0.2323375153E+03    0.1877201656E+03   -0.2325589141E+03
          18    0.2475319070E+03   -0.1720161798E+03   -0.2091855908E+03
          19    0.2351698673E+03    0.1992718518E+03   -0.5412032667E+03
          20    0.2428089844E+03    0.2061858881E+03   -0.5939031448E+03
          21    0.2297458923E+03    0.1930866329E+03   -0.4817879473E+03
          22    0.2394668212E+03   -0.1667693723E+03   -0.2144178276E+03
          23    0.2416546479E+03   -0.1736732627E+03   -0.2095339087E+03
          24    0.2286195527E+03    0.1936717384E+03   -0.5155117909E+03
          25    0.2433374233E+03    0.1694401084E+03   -0.1822928363E+03
          26    0.2401520771E+03   -0.1598647196E+03   -0.2237217298E+03
          27    0.2381921282E+03    0.1539475323E+03   -0.2277159404E+03
          28    0.2523504326E+03   -0.1844112772E+03   -0.2041812838E+03
          29    0.2850435493E+03    0.1941782181E+03   -0.1866018043E+03
          30    0.2423344392E+03    0.1035717367E+03    0.6912050719E+03
          31    0.2815190427E+03    0.1791455773E+03    0.6014258074E+03
          32    0.2355141613E+03    0.1986561254E+03   -0.5352048107E+03
          33    0.2422228660E+03    0.1525100471E+03   -0.1606544859E+03
          34    0.2317551364E+03    0.1794186820E+03   -0.6749315072E+03
          35    0.2357222940E+03    0.1960814453E+03   -0.5288752455E+03
          36    0.2362379537E+03    0.1962787148E+03   -0.5258388294E+03
          37    0.2462981637E+03   -0.1782223136E+03   -0.1509318150E+03
          38    0.7728452797E+02   -0.1491765352E+03   -0.3954783312E+03
          39    0.2320405443E+03    0.1876022443E+03   -0.2312984162E+03
          40    0.2430541197E+03    0.1821179856E+03   -0.1288003690E+03
          41    0.2873432182E+03   -0.2115919410E+03   -0.1833254432E+03
          42    0.2317758973E+03    0.1887615926E+03   -0.2473066048E+03
          43    0.2606223818E+03    0.1887823189E+03    0.3066982355E+03
          44    0.2289951639E+03    0.1930535725E+03   -0.5089012177E+03
          45    0.2636666032E+03   -0.1763380453E+03   -0.1683900665E+03
          46    0.2379846208E+03    0.1941565405E+03    0.2138933022E+03
          47    0.2333562041E+03    0.1741744317E+03   -0.6581498136E+03
          48    0.2403111333E+03    0.1910564228E+03    0.7199089272E+03
          49    0.2359604703E+03    0.1977499338E+03    0.8959878319E+03
          50    0.2986364768E+03   -0.1947048902E+03    0.1036564337E+03
          51    0.2517831714E+03   -0.1786947525E+03   -0.2006473833E+03
          52    0.2404119717E+03    0.1748553113E+03   -0.2125428912E+03
          53    0.2551059919E+03    0.1558182319E+03    0.3830097555E+03
          54    0.2327792407E+03    0.1863214465E+03    0.7473714061E+03
          55    0.2314373630E+03    0.1889856629E+03    0.2042880483E+03
          56    0.2650660015E+03   -0.1781718928E+03    0.1627520589E+03
          57    0.2360470353E+03    0.1955225323E+03   -0.5233996077E+03
          58    0.2820793491E+03    0.1845249323E+03    0.5952219325E+03
          59    0.2337744163E+03    0.1860746289E+03    0.6873276993E+03
          60    0.2675710332E+03    0.2028049239E+03   -0.1539646064E+03
          61    0.2309057043E+03    0.1902263326E+03   -0.4647835053E+03
          62    0.2460114424E+03   -0.2113357892E+03   -0.2284473039E+03
          63    0.2370301657E+03    0.1930284806E+03   -0.1615450228E+04
          64    0.2582769434E+03    0.2058910761E+03   -0.2176595101E+03
          65    0.2513629441E+03    0.1769954012E+03   -0.2011647988E+03
          66    0.2814754476E+03   -0.2253773907E+03    0.4289862357E+03
          67    0.2459455912E+03    0.1960187427E+03   -0.1386135028E+04
          68    0.2369095537E+03    0.1946027135E+03    0.4578952539E+03
          69    0.2854574779E+03   -0.1886506393E+03   -0.3280636522E+03
          70    0.2286017181E+03    0.1793901152E+03    0.7503006339E+03
          71    0.1605364150E+03   -0.8893959582E+02    0.2250232565E+03
          72    0.2395799857E+03    0.1866413839E+03   -0.1211078289E+03
          73    0.2548994377E+03   -0.2163477952E+03    0.2325016414E+03
          74    0.2555592486E+03   -0.2170465988E+03   -0.2251366050E+03
          75    0.2372375125E+03    0.1969301704E+03    0.4692671444E+03
          76    0.2475070658E+03    0.1762471272E+03   -0.1950050859E+03
          77    0.2843523933E+03    0.1833852681E+03    0.5943237144E+03
          78    0.2594205558E+03   -0.1904495726E+03    0.3121623435E+03
          79    0.2581654994E+03    0.2055312237E+03   -0.2188667262E+03
          80    0.2357968336E+03    0.1951001471E+03   -0.5255898541E+03
          81    0.2342897797E+03    0.1854349916E+03   -0.3535303379E+03
          82    0.2544937899E+03    0.1877440354E+03   -0.2100181423E+03
          83    0.2299171334E+03    0.1905729531E+03   -0.4953447393E+03
          84    0.2363158683E+03    0.1952916340E+03    0.5222790873E+03
          85    0.2322835269E+03    0.1856415597E+03   -0.2330148785E+03
          86    0.2710512676E+03    0.1997396727E+03   -0.1422391661E+03
          87    0.2404038959E+03    0.1905768434E+03   -0.7192479707E+03
          88    0.2313799415E+03    0.1889910811E+03   -0.2568300058E+03
          89    0.1613560986E+03   -0.8817117750E+02   -0.2297432695E+03
          90    0.3610263989E+03    0.2424721977E+03    0.1625080521E+03
          91    0.2334792586E+03    0.1820652045E+03   -0.1240156338E+04
          92    0.2413127926E+03    0.1840655894E+03    0.1286263526E+03
          93    0.2861067549E+03    0.1864271171E+03    0.4598033930E+03
          94    0.2843460089E+03   -0.1857484124E+03    0.5993847329E+03
          95    0.2335081169E+03    0.1813449791E+03    0.4001224060E+03
          96    0.2328887810E+03    0.1858404980E+03   -0.7472469903E+03
          97    0.2652338214E+03    0.2114776622E+03    0.1979432351E+03
          98    0.2413540627E+03    0.1723994304E+03   -0.4975625189E+03
          99    0.2727633576E+03    0.2062923430E+03   -0.1646976026E+03
         100    0.2387459929E+03    0.1593276430E+03   -0.2268399484E+03
