        Rank        RMSE       MaxAE  Feature_ID
           1   23.492920   76.216173  (      14   10136)
           2   23.751366   78.930401  (      13   10136)
           3   23.851334   68.139813  (     124   10136)
           4   23.990984   75.018127  (     519   12031)
           5   24.022289   67.651093  (       7   10006)
           6   24.186527   74.168653  (     729   12031)
           7   24.207727   50.993793  (     239   13987)
           8   24.214454   60.606177  (       3   10006)
           9   24.273716   62.086076  (      73   17426)
          10   24.350349   59.088895  (       3   10003)
          11   24.395531   63.080322  (     830   14667)
          12   24.424909   52.529534  (     251   13987)
          13   24.437765   51.144858  (     289   13987)
          14   24.541833   51.315617  (     306   13987)
          15   24.585466   78.094113  (     342   14210)
          16   24.613822   68.997850  (       3   13190)
          17   24.626040   58.896251  (       3   10067)
          18   24.636580   56.715623  (    2392   14667)
          19   24.637026   66.332862  (       3   11511)
          20   24.640686   51.794893  (     282   13987)
          21   24.662986   66.587268  (       3   11637)
          22   24.670197   78.267615  (     519   15199)
          23   24.692654   55.597086  (     100   11999)
          24   24.719375   83.064485  (      72   12031)
          25   24.724666   59.980802  (       3   14373)
          26   24.724759   64.884096  (       3   10334)
          27   24.743299   59.941845  (       3   13694)
          28   24.743943   69.756799  (       3   10195)
          29   24.748176   81.203865  (    6188   12031)
          30   24.759380   59.182476  (       3   13489)
          31   24.761809   78.439529  (       5   10568)
          32   24.767986   69.221219  (       3   11049)
          33   24.771214   60.755183  (       3   13143)
          34   24.795912   50.815261  (     313   13987)
          35   24.806238   62.318088  (       3   10009)
          36   24.807898   60.549536  (       3   15403)
          37   24.809866   58.614268  (       3   14383)
          38   24.810284   57.051953  (      44   19121)
          39   24.810997   60.782108  (       3   14552)
          40   24.824853   79.326111  (      23   10136)
          41   24.831029   66.248595  (       7   10003)
          42   24.836090   61.620539  (       3   15265)
          43   24.839320   61.959140  (       3   15590)
          44   24.840645   58.919394  (       3   13109)
          45   24.847588   61.522003  (       3   14246)
          46   24.849207   71.557070  (     186   10136)
          47   24.850861   60.657086  (       3   15796)
          48   24.852925   62.864149  (       2   10067)
          49   24.861663   84.315027  (    6188   15199)
          50   24.864797   74.136940  (      14   12795)
          51   24.867595   68.558116  (    1972   16541)
          52   24.871779   60.398602  (       3   15820)
          53   24.871883   61.170780  (     320    7028)
          54   24.875903   79.054533  (      24   10136)
          55   24.880039   71.624075  (      24   11395)
          56   24.883222   77.483696  (     729   15199)
          57   24.888259   55.122982  (      44   14585)
          58   24.889273   71.955504  (       1   10696)
          59   24.892515   65.708766  (     100   10315)
          60   24.892680   52.231574  (     292   13987)
          61   24.894808   61.546076  (       3   15718)
          62   24.896414   66.112547  (       3   14988)
          63   24.898903   69.551286  (       5   10021)
          64   24.906252   66.074457  (       3   10390)
          65   24.918783   71.902470  (      23   11395)
          66   24.920289   69.787279  (     163   10765)
          67   24.920952   60.509764  (       3   16256)
          68   24.928046   66.454776  (       7   10067)
          69   24.929396   52.089346  (     691   13987)
          70   24.935379   75.393707  (     303   14918)
          71   24.939279   59.487770  (      12   10315)
          72   24.942074   60.270592  (       3   13714)
          73   24.942222   73.303769  (    2392   16541)
          74   24.943266   59.178214  (       3   14712)
          75   24.945503   76.888336  (      13   12795)
          76   24.946740   62.498662  (       3   16114)
          77   24.951085   58.939130  (       3   14607)
          78   24.954609   75.394873  (     303   15180)
          79   24.959332   61.735054  (       3   10177)
          80   24.961347   51.480348  (     422   13987)
          81   24.961557   59.934590  (       3   15572)
          82   24.961725   66.576153  (      31   10193)
          83   24.963082   61.603691  (    3351   17903)
          84   24.963814   64.177878  (     246   12165)
          85   24.965914   76.416649  (     303   16808)
          86   24.965990   74.773106  (     691   10220)
          87   24.967462   61.898205  (      11   10021)
          88   24.972193   58.724534  (       3   14623)
          89   24.977683   63.082774  (      10   10006)
          90   24.978905   72.066347  (      14   14865)
          91   24.981280   71.099945  (       1   10001)
          92   24.986822   85.606477  (      72   15199)
          93   24.992485   63.571621  (       2   10006)
          94   24.997493   74.835887  (      13   14865)
          95   24.999981   82.199126  (      46   10136)
          96   25.000416   61.071759  (       3   17719)
          97   25.001484   48.779266  (     614   18071)
          98   25.012043   69.590163  (       5   10030)
          99   25.015368   73.317819  (       9   10008)
         100   25.018639   72.687683  (       3   14381)
