Model_ID, [(c_i,i=0,n)_j,j=1,ntask]
           1    0.3277056923E+03   -0.3066529519E+03    0.8157198318E+03
           2    0.3257169308E+03    0.3027372416E+03    0.8023169667E+03
           3    0.3355005182E+03   -0.3107078232E+03    0.8889054712E+03
           4    0.2964442813E+03    0.2507265709E+03   -0.2338362846E+03
           5    0.2980188199E+03    0.2694809485E+03   -0.1428992770E+03
           6    0.2969309908E+03    0.2517910303E+03   -0.2364698204E+03
           7    0.3202288345E+03   -0.2702402939E+03   -0.1416325440E+04
           8    0.2906389232E+03    0.2639688726E+03   -0.1341011204E+03
           9    0.3402946944E+03    0.1696106485E+03   -0.1677827753E+03
          10    0.2886173704E+03    0.2451116421E+03   -0.1245101486E+03
          11    0.1282100732E+03    0.9652070940E+02   -0.2501498247E+03
          12    0.3168198464E+03    0.2656927939E+03   -0.1408800177E+04
          13    0.3174661408E+03    0.2639188535E+03   -0.1416490489E+04
          14    0.3171794612E+03    0.2636369868E+03   -0.1415762224E+04
          15    0.2821561895E+03    0.2541971768E+03   -0.1951870504E+03
          16    0.3339789059E+03    0.2774823768E+03    0.1664486180E+04
          17    0.2970979280E+03    0.2670638974E+03   -0.1115420261E+03
          18    0.1282094760E+03    0.9033587931E+02   -0.2644247807E+03
          19    0.3055538367E+03    0.2557793717E+03   -0.1160183156E+03
          20    0.3170375155E+03    0.2644336230E+03   -0.1404329361E+04
          21    0.3052979098E+03    0.2554060295E+03    0.1168490999E+03
          22    0.2950129027E+03    0.2460928268E+03   -0.2449466348E+03
          23    0.3475622146E+03    0.3182913773E+03   -0.1092389472E+04
          24    0.2887842159E+03    0.2479994901E+03   -0.2061474239E+03
          25    0.3093098886E+03    0.2623945982E+03   -0.1192327288E+03
          26    0.2875741732E+03    0.2418200103E+03   -0.1133793718E+03
          27    0.2952650521E+03    0.2639622088E+03   -0.1182697504E+03
          28    0.3026457185E+03    0.2650494234E+03   -0.1970778239E+03
          29    0.3070057617E+03    0.2818873336E+03   -0.2617643903E+03
          30    0.2973675221E+03    0.2653410619E+03   -0.1113085207E+03
          31    0.3253038140E+03    0.3006814152E+03    0.4578873736E+03
          32    0.3340109347E+03    0.2764299337E+03    0.1660834805E+04
          33    0.3018446936E+03    0.2569523617E+03   -0.2544134150E+03
          34    0.3179532924E+03    0.2642781680E+03   -0.1403821178E+04
          35    0.2887409166E+03    0.2431354100E+03   -0.1163643022E+03
          36    0.3090035952E+03    0.2618743441E+03   -0.1183938097E+03
          37    0.2992941523E+03    0.2662893227E+03   -0.1047830622E+03
          38    0.1635393992E+03    0.1133937141E+03    0.4288654104E+03
          39    0.2939396482E+03    0.2627357974E+03   -0.1216249378E+03
          40    0.3256544837E+03    0.3008605804E+03    0.7831252403E+03
          41    0.2961122777E+03    0.2488232591E+03   -0.1277139380E+03
          42    0.2926972209E+03    0.2615865418E+03   -0.1245666560E+03
          43    0.2924138798E+03    0.2612139546E+03    0.1247757965E+03
          44    0.2991931122E+03    0.2656324748E+03   -0.1047253212E+03
          45    0.3014124827E+03    0.2562205524E+03   -0.2531176513E+03
          46    0.3330651689E+03    0.3053649358E+03    0.8696894888E+03
          47    0.3086893412E+03    0.2614057659E+03   -0.1209501022E+03
          48    0.3111502488E+03    0.2745565923E+03   -0.1095653902E+03
          49    0.3054578721E+03    0.2767525549E+03   -0.2794196787E+03
          50    0.3284356691E+03   -0.3122609549E+03    0.7651311408E+03
          51    0.1451740478E+03    0.1018572718E+03   -0.3027530559E+03
          52    0.3093044347E+03    0.2621388116E+03   -0.1167025602E+03
          53    0.2700510651E+03    0.1782931058E+03   -0.7922036871E+02
          54    0.3258746418E+03    0.3011281206E+03    0.7824017672E+03
          55    0.3063295068E+03    0.2645043130E+03   -0.1281862279E+03
          56    0.2954691593E+03    0.2470614842E+03   -0.2475749580E+03
          57    0.1633377535E+03    0.1143491542E+03   -0.4468790773E+03
          58    0.3208191122E+03    0.3071605398E+03   -0.4077351906E+03
          59    0.3446260516E+03    0.3135829605E+03   -0.1043113496E+04
          60    0.3168353277E+03    0.2649810070E+03   -0.1392711522E+04
          61    0.2929495930E+03    0.2616807658E+03   -0.1237466222E+03
          62    0.3332810741E+03    0.2783246618E+03   -0.1412828764E+04
          63    0.3230099587E+03    0.2892141886E+03   -0.1586508073E+03
          64    0.3072942566E+03    0.2685594032E+03   -0.1647635608E+03
          65    0.3062152351E+03    0.2642248431E+03   -0.1277542660E+03
          66    0.3086674882E+03    0.2670466667E+03   -0.1243736865E+03
          67    0.3090056029E+03    0.2616771211E+03    0.1191017114E+03
          68    0.3053671440E+03    0.2720999332E+03   -0.1159886389E+03
          69    0.3150913142E+03    0.2605293316E+03   -0.1458276356E+04
          70    0.2944813253E+03    0.2495823543E+03   -0.3526400252E+03
          71    0.3347282345E+03    0.3067113626E+03   -0.9404233016E+03
          72    0.3034849584E+03    0.2583561935E+03   -0.2380120013E+03
          73    0.1252058396E+03    0.9434703486E+02   -0.3054948371E+03
          74    0.2988529201E+03    0.2657481981E+03   -0.1049170663E+03
          75    0.3263834415E+03    0.3085323223E+03    0.7578093174E+03
          76    0.2993683428E+03    0.2538815903E+03   -0.2714291977E+03
          77    0.2990905003E+03    0.2659965433E+03   -0.1046364191E+03
          78    0.2944373464E+03    0.2496697815E+03   -0.3528746920E+03
          79    0.3248494149E+03    0.2654384722E+03   -0.2399094446E+03
          80    0.3208283867E+03    0.2705049432E+03   -0.1419132006E+04
          81    0.2982273586E+03    0.2647240689E+03   -0.1055762048E+03
          82    0.3151171460E+03    0.2694969939E+03   -0.2890976079E+03
          83    0.3054425936E+03    0.2868043453E+03   -0.2875307337E+03
          84    0.3370474495E+03    0.3212406541E+03   -0.4882384187E+03
          85    0.2937082714E+03    0.2482866475E+03   -0.3530864834E+03
          86    0.2939711566E+03    0.2499102188E+03   -0.3634191921E+03
          87    0.3145543810E+03    0.2694161935E+03   -0.1660399447E+03
          88    0.2993538344E+03    0.2662224530E+03   -0.1041808041E+03
          89    0.3131461438E+03    0.2762108614E+03   -0.1361360264E+03
          90    0.3299172708E+03   -0.3145624676E+03    0.4121928654E+03
          91    0.2996017119E+03    0.2634089564E+03   -0.1188052535E+03
          92    0.2877509450E+03    0.2442710001E+03   -0.2189577602E+03
          93    0.3053209879E+03    0.2706730233E+03   -0.1273523857E+03
          94    0.3278285627E+03    0.3109472562E+03    0.4096623858E+03
          95    0.3235446286E+03    0.2969414269E+03    0.8025040623E+03
          96    0.3087003864E+03    0.2611640420E+03    0.1182896247E+03
          97    0.3233493853E+03    0.2770258089E+03   -0.3266769052E+03
          98    0.3223040819E+03    0.2883332075E+03    0.1611019731E+03
          99    0.3347315184E+03    0.3125537992E+03   -0.1677914297E+03
         100    0.2989985355E+03    0.2616416509E+03   -0.1029516931E+03
