      rank       #data_overlap        size_overlap          feature_ID
         1                  22             0.49647   (       1)
         2                  23             0.39293   (       2)
         3                  24             0.49647   (       3)
         4                  25             0.39293   (       4)
         5                  25             0.49647   (       5)
         6                  25             0.49647   (       6)
         7                  25             0.49647   (       7)
         8                  25             0.49647   (       8)
         9                  25             0.49647   (       9)
        10                  25             0.49647   (      10)
        11                  25             0.49647   (      11)
        12                  25             0.49647   (      12)
        13                  26             0.20594   (      13)
        14                  26             0.28471   (      14)
        15                  26             0.92479   (      15)
        16                  27             0.43975   (      16)
        17                  27             0.45523   (      17)
        18                  28             0.25045   (      18)
        19                  28             0.56791   (      19)
        20                  28             0.77450   (      20)
        21                  28             1.00000   (      21)
        22                  28             1.00000   (      22)
        23                  29             0.29840   (      23)
        24                  29             0.34603   (      24)
        25                  29             0.43822   (      25)
        26                  29             0.58389   (      26)
        27                  29             0.91755   (      27)
        28                  29             0.98420   (      28)
        29                  29             1.00000   (      29)
        30                  29             1.00000   (      30)
        31                  29             1.00000   (      31)
        32                  29             1.00000   (      32)
        33                  29             1.00000   (      33)
        34                  29             1.00000   (      34)
        35                  30             0.25888   (      35)
        36                  30             0.29840   (      36)
        37                  30             0.49492   (      37)
        38                  30             0.50378   (      38)
        39                  30             0.53338   (      39)
        40                  30             0.54038   (      40)
        41                  30             0.68608   (      41)
        42                  30             0.74894   (      42)
        43                  30             0.77206   (      43)
        44                  30             1.00000   (      44)
        45                  30             1.00000   (      45)
        46                  30             1.00000   (      46)
        47                  30             1.00000   (      47)
        48                  30             1.00000   (      48)
        49                  30             1.00000   (      49)
        50                  30             1.00000   (      50)
        51                  30             1.00000   (      51)
        52                  30             1.00000   (      52)
        53                  30             1.00000   (      53)
        54                  30             1.00000   (      54)
        55                  30             1.00000   (      55)
        56                  30             1.00000   (      56)
        57                  30             1.00000   (      57)
        58                  30             1.00000   (      58)
        59                  30             1.00000   (      59)
        60                  30             1.00000   (      60)
        61                  30             1.00000   (      61)
        62                  30             1.00000   (      62)
        63                  30             1.00000   (      63)
        64                  30             1.00000   (      64)
        65                  30             1.00000   (      65)
        66                  30             1.00000   (      66)
        67                  30             1.00000   (      67)
        68                  30             1.00000   (      68)
        69                  30             1.00000   (      69)
        70                  30             1.00000   (      70)
        71                  30             1.00000   (      71)
        72                  30             1.00000   (      72)
        73                  31             0.24778   (      73)
        74                  31             0.29840   (      74)
        75                  31             0.29840   (      75)
        76                  31             0.29840   (      76)
        77                  31             0.44677   (      77)
        78                  31             0.44711   (      78)
        79                  31             0.45674   (      79)
        80                  31             0.46315   (      80)
        81                  31             0.49292   (      81)
        82                  31             0.53613   (      82)
        83                  31             0.58389   (      83)
        84                  31             0.68608   (      84)
        85                  31             0.77772   (      85)
        86                  31             1.00000   (      86)
        87                  31             1.00000   (      87)
        88                  31             1.00000   (      88)
        89                  31             1.00000   (      89)
        90                  31             1.00000   (      90)
        91                  31             1.00000   (      91)
        92                  31             1.00000   (      92)
        93                  31             1.00000   (      93)
        94                  31             1.00000   (      94)
        95                  31             1.00000   (      95)
        96                  31             1.00000   (      96)
        97                  31             1.00000   (      97)
        98                  31             1.00000   (      98)
        99                  31             1.00000   (      99)
       100                  31             1.00000   (     100)
