      rank       #data_overlap        size_overlap          feature_ID
         1                  16             0.20536   (     155    1384)
         2                  16             0.20717   (     154    1384)
         3                  17             0.14499   (     152    1384)
         4                  17             0.16969   (     153    1384)
         5                  17             0.28927   (     322    1384)
         6                  18             0.17207   (     150    1384)
         7                  18             0.20536   (     144    1384)
         8                  18             0.20536   (     288    1384)
         9                  18             0.20536   (     310    1384)
        10                  18             0.20536   (     591    1384)
        11                  18             0.20717   (     590    1384)
        12                  18             0.20717   (     143    1384)
        13                  18             0.20717   (     287    1384)
        14                  18             0.20717   (     309    1384)
        15                  18             0.28283   (     318    1384)
        16                  18             0.28283   (     319    1384)
        17                  18             0.28927   (     647    1384)
        18                  18             0.28927   (     320    1384)
        19                  18             0.28927   (     321    1384)
        20                  18             0.28927   (     641    1384)
        21                  18             0.28927   (     638    1384)
        22                  18             0.28927   (     639    1384)
        23                  18             0.28927   (     642    1384)
        24                  18             0.28927   (     644    1384)
        25                  18             0.28927   (     645    1384)
        26                  19             0.12408   (     152    1113)
        27                  19             0.12990   (     574    1384)
        28                  19             0.12990   (     138    1384)
        29                  19             0.12990   (     307    1384)
        30                  19             0.13156   (     285    1384)
        31                  19             0.16101   (     155    1113)
        32                  19             0.16890   (     154    1113)
        33                  19             0.16969   (     308    1384)
        34                  19             0.16969   (     142    1384)
        35                  19             0.16969   (     589    1384)
        36                  19             0.16969   (     286    1384)
        37                  19             0.17977   (     150    1626)
        38                  19             0.20713   (     155    1626)
        39                  19             0.20806   (     154    1626)
        40                  19             0.26804   (     585    1384)
        41                  19             0.26804   (     586    1384)
        42                  19             0.26804   (     587    1384)
        43                  19             0.26804   (     588    1384)
        44                  19             0.26804   (     598    1384)
        45                  19             0.26804   (     633    1384)
        46                  19             0.28283   (     317    1384)
        47                  19             0.28283   (     636    1384)
        48                  19             0.28927   (     646    1384)
        49                  19             0.28927   (     637    1384)
        50                  19             0.28927   (     640    1384)
        51                  19             0.28927   (     643    1384)
        52                  19             0.29133   (     313    1384)
        53                  20             0.13150   (     150    1113)
        54                  20             0.13159   (     153    1113)
        55                  20             0.17207   (     584    1384)
        56                  20             0.17207   (     139    1384)
        57                  20             0.17207   (     283    1384)
        58                  20             0.17207   (     306    1384)
        59                  20             0.17383   (     152    1626)
        60                  20             0.17796   (     153    1626)
        61                  20             0.21421   (      72    1113)
        62                  20             0.21421   (     145    1113)
        63                  20             0.21421   (     151    1113)
        64                  20             0.21421   (     281    1113)
        65                  20             0.21421   (     300    1113)
        66                  20             0.21421   (     279    1113)
        67                  20             0.25844   (     322    1626)
        68                  20             0.26075   (     314    1626)
        69                  20             0.26427   (     313    1626)
        70                  20             0.26427   (     316    1626)
        71                  20             0.26854   (     649    1107)
        72                  20             0.28476   (     311    1384)
        73                  20             0.29133   (     635    1384)
        74                  20             0.29133   (     312    1384)
        75                  21             0.16254   (     146    1107)
        76                  21             0.16502   (     584    1626)
        77                  21             0.16502   (     139    1626)
        78                  21             0.16502   (     283    1626)
        79                  21             0.16502   (     306    1626)
        80                  21             0.20713   (     288    1626)
        81                  21             0.20713   (     144    1626)
        82                  21             0.20713   (     310    1626)
        83                  21             0.20713   (     591    1626)
        84                  21             0.20806   (     143    1626)
        85                  21             0.20806   (     287    1626)
        86                  21             0.20806   (     590    1626)
        87                  21             0.25236   (     319    1626)
        88                  21             0.25582   (     318    1626)
        89                  21             0.25815   (     311    1626)
        90                  21             0.25844   (     321    1626)
        91                  21             0.25844   (     639    1626)
        92                  21             0.25844   (     642    1626)
        93                  21             0.26189   (     647    1626)
        94                  21             0.26189   (     320    1626)
        95                  21             0.26189   (     638    1626)
        96                  21             0.26189   (     641    1626)
        97                  21             0.26189   (     644    1626)
        98                  21             0.26340   (     649    1563)
        99                  21             0.26427   (     635    1626)
       100                  21             0.26427   (     312    1626)
