     Index              y_true              y_pred        descriptor_1        descriptor_2
         1    0.9070000000E+02    0.1133279879E+03   -0.9570708900E+00    0.0000000000E+00
         2    0.5132000000E+03    0.4179715901E+03    0.5920490900E+00    0.0000000000E+00
         3    0.2490000000E+03    0.2397890784E+03   -0.3140132300E+00    0.0000000000E+00
         4    0.3632000000E+03    0.3541815077E+03    0.2676750000E+00    0.0000000000E+00
         5    0.3674300000E+03    0.3780157381E+03    0.3888726300E+00    0.0000000000E+00
         6    0.9034100000E+02    0.8739496782E+02   -0.1189011360E+01   -0.1452192632E-01
         7    0.1588000000E+03    0.1640287590E+03   -0.5762106800E+00    0.1785600986E-01
         8    0.3387000000E+03    0.3765320083E+03    0.3414054700E+00   -0.5793414336E-02
         9    0.1743000000E+03    0.1787883899E+03   -0.7108121900E+00   -0.1256844204E-01
        10    0.3945000000E+03    0.3688092235E+03    0.3325056000E+00   -0.1386112000E-02
        11    0.4711500000E+03    0.4599644578E+03    0.7425376500E+00   -0.9149073768E-02
        12    0.3091000000E+03    0.3152775485E+03    0.2896705200E+00    0.3190007378E-01
        13    0.3260000000E+03    0.2850347350E+03   -0.5248302000E-01    0.4564651670E-02
        14    0.2480000000E+03    0.2360229408E+03   -0.4897540000E+00   -0.2272385786E-01
        15    0.2396000000E+03    0.2479564407E+03   -0.3849025600E+00   -0.1631413872E-01
        16    0.2401500000E+03    0.2354255976E+03   -0.3962796300E+00   -0.8718340740E-02
        17    0.2466500000E+03    0.2442011529E+03   -0.3966288700E+00   -0.1524471062E-01
        18    0.2530000000E+03    0.2771473949E+03   -0.1101888200E+00    0.2010811320E-02
        19    0.2886400000E+03    0.3228526279E+03    0.1315046500E+00    0.3357681824E-02
        20    0.2720000000E+03    0.2641990635E+03   -0.3490781000E+00   -0.2310121379E-01
        21    0.3334000000E+03    0.4259478752E+03    0.6081864900E+00   -0.3544077240E-02
        22    0.4780000000E+03    0.4956805267E+03    0.7323683500E+00   -0.3698054214E-01
        23    0.4920000000E+03    0.4836541814E+03    0.7798847000E+00   -0.2121058638E-01
        24    0.4460000000E+03    0.4171450348E+03    0.3811663000E+00   -0.2999275075E-01
        25    0.3860000000E+03    0.4244783084E+03    0.6177078400E+00   -0.1077939135E-02
        26    0.4380000000E+03    0.4431151957E+03    0.6789490100E+00   -0.5943400770E-02
        27    0.3450000000E+03    0.3593965157E+03    0.4136947000E+00    0.1734166864E-01
        28    0.3990000000E+03    0.4111248796E+03    0.5570878400E+00   -0.2112377600E-04
        29    0.1693000000E+03    0.1502101198E+03   -0.4284562400E+00    0.4949479610E-01
        30    0.2634000000E+03    0.2739129175E+03    0.1097612000E-01    0.2198070542E-01
        31    0.4680000000E+03    0.4655442898E+03    0.5145024400E+00   -0.4635835719E-01
        32    0.3891500000E+03    0.3826377489E+03    0.3760961400E+00   -0.5264777154E-02
        33    0.3602000000E+03    0.3416284328E+03    0.2040635500E+00    0.3210496800E-04
        34    0.4240000000E+03    0.3799922456E+03    0.3916667200E+00   -0.1053041418E-02
        35    0.4010000000E+03    0.3909458367E+03    0.5683478000E+00    0.1650348000E-01
        36    0.2516000000E+03    0.2661756810E+03   -0.2360525300E+00   -0.8157870720E-02
