Model_ID, [(c_i,i=0,n)_j,j=1,ntask]
           1    0.2778323368E+03    0.1185454901E+03   -0.2829919720E+03
           2    0.2775721127E+03    0.1186085988E+03   -0.2878569490E+03
           3    0.2787748499E+03    0.1009813599E+03   -0.3413657265E+03
           4    0.2750901895E+03    0.9925983279E+02   -0.2697374112E+03
           5    0.2816688859E+03    0.9810750758E+02    0.2780024219E+03
           6    0.2884866354E+03    0.1188723479E+03   -0.2909916336E+03
           7    0.2808085746E+03    0.1178573477E+03    0.2896745207E+03
           8    0.2778967817E+03    0.1182750031E+03   -0.2834956749E+03
           9    0.2563315332E+03    0.1123879538E+03   -0.3925102074E+03
          10    0.2885297511E+03    0.1198422486E+03    0.2891287176E+03
          11    0.2779559633E+03    0.9873717417E+02    0.2765250722E+03
          12    0.2884909435E+03    0.1188556811E+03   -0.2929494700E+03
          13    0.2787115381E+03    0.9854499147E+02   -0.2694701389E+03
          14    0.2754497989E+03    0.1000601977E+03    0.2739692476E+03
          15    0.2735505641E+03    0.1012638699E+03    0.2718714762E+03
          16    0.2835743243E+03    0.9677621869E+02    0.2755418084E+03
          17    0.2778099084E+03    0.1182861420E+03   -0.2840088351E+03
          18    0.2782858462E+03    0.1179877469E+03   -0.2834779258E+03
          19    0.2828187086E+03    0.1161923285E+03    0.2870804772E+03
          20    0.2790429996E+03    0.1122180738E+03    0.2787080568E+03
          21    0.2606149316E+03   -0.2180407104E+03    0.7041686118E+03
          22    0.2791486621E+03    0.9938327048E+02    0.2745588398E+03
          23    0.2781855803E+03    0.1194590135E+03    0.2864365851E+03
          24    0.2717455580E+03    0.1204106445E+03    0.2878928030E+03
          25    0.2793147963E+03    0.1001507084E+03    0.2743933419E+03
          26    0.2754425767E+03    0.1002449515E+03    0.2741566556E+03
          27    0.2884993635E+03    0.1187205828E+03   -0.2914675658E+03
          28    0.2775437956E+03    0.1003684084E+03    0.1793584711E+03
          29    0.2902530379E+03    0.1045746454E+03   -0.3832676655E+03
          30    0.2048679593E+03    0.2254862181E+03    0.1171888967E+04
          31    0.2889182570E+03    0.1184812728E+03   -0.2918095684E+03
          32    0.2791590893E+03    0.9957621804E+02    0.2749319627E+03
          33    0.2791042221E+03    0.1115975978E+03    0.2797318370E+03
          34    0.2735487274E+03    0.1229112574E+03    0.3225364477E+03
          35    0.2841021741E+03    0.9445947888E+02    0.3029101670E+03
          36    0.2787145933E+03    0.1176455753E+03   -0.2835058049E+03
          37    0.2842732837E+03    0.9434707218E+02   -0.3034316911E+03
          38    0.2772628394E+03    0.1005560593E+03    0.2719652646E+03
          39    0.2814156665E+03    0.1092007929E+03    0.2818509564E+03
          40    0.2788713040E+03    0.1175391178E+03   -0.2830730841E+03
          41    0.2870692607E+03    0.9231123438E+02   -0.2987931998E+03
          42    0.2854718477E+03    0.9355538285E+02    0.3048469456E+03
          43    0.2805610379E+03    0.1178473953E+03    0.2938257911E+03
          44    0.2755370004E+03    0.1007868375E+03    0.2729342056E+03
          45    0.2749626910E+03    0.1011371455E+03    0.2672590554E+03
          46    0.2779687476E+03    0.1178672698E+03   -0.2893870990E+03
          47    0.2779383816E+03    0.1195360974E+03    0.2914758326E+03
          48    0.2893683865E+03    0.1181957737E+03   -0.2921490003E+03
          49    0.2796354872E+03    0.9564509651E+02    0.2735460480E+03
          50    0.2798566909E+03    0.9737510769E+02    0.2734439031E+03
          51    0.2754066565E+03    0.1004362509E+03   -0.2741018618E+03
          52    0.2791413878E+03    0.9977582789E+02   -0.2750658439E+03
          53    0.2791777463E+03    0.1006256372E+03    0.2720383845E+03
          54    0.2781745915E+03    0.1196685211E+03    0.2864218801E+03
          55    0.2878582855E+03    0.1101666674E+03    0.1601183523E+03
          56    0.2774041551E+03    0.1117115133E+03    0.1873985118E+03
          57    0.2761885073E+03    0.1208965983E+03    0.2834569306E+03
          58    0.2790433855E+03    0.1120472899E+03    0.2790470707E+03
          59    0.2833692075E+03    0.1077030225E+03    0.2795100766E+03
          60    0.2389272215E+03   -0.1889466010E+03   -0.4639310584E+03
          61    0.2711650677E+03    0.1207251453E+03   -0.2861562448E+03
          62    0.2734424427E+03    0.1012107977E+03    0.2709328465E+03
          63    0.2692160553E+03    0.1007423287E+03    0.2736834444E+03
          64    0.2772553941E+03    0.1117939231E+03    0.1823050899E+03
          65    0.2725751450E+03    0.1234716510E+03    0.3189135000E+03
          66    0.2782986400E+03    0.1203507188E+03    0.2853554206E+03
          67    0.2749284995E+03    0.9979976955E+02    0.2718274131E+03
          68    0.2855502713E+03    0.9344294781E+02    0.3022836939E+03
          69    0.2789349778E+03    0.1120915277E+03    0.2794818801E+03
          70    0.2873502806E+03    0.1023615738E+03   -0.3111493503E+03
          71    0.2934589435E+03    0.1060189889E+03    0.1585823241E+03
          72    0.2825582868E+03    0.9530047084E+02   -0.3140487264E+03
          73    0.2755623340E+03    0.9785832270E+02    0.1768881253E+03
          74    0.2826198698E+03    0.9526586553E+02   -0.3132190902E+03
          75    0.2794779731E+03    0.9811320569E+02    0.2810544060E+03
          76    0.2824793822E+03    0.9533975206E+02    0.3146408872E+03
          77    0.2731224952E+03    0.1192873192E+03   -0.2894457024E+03
          78    0.2775826588E+03    0.9573681766E+02    0.2784345216E+03
          79    0.2808380728E+03    0.1175373871E+03    0.2894626031E+03
          80    0.2794123426E+03    0.1117940679E+03    0.2790594522E+03
          81    0.2939341334E+03    0.1057233630E+03    0.1535685794E+03
          82    0.2746356166E+03    0.1126737414E+03    0.2718299115E+03
          83    0.2714779238E+03    0.1242261151E+03    0.3170262936E+03
          84    0.2725034923E+03    0.1197043977E+03   -0.2880708504E+03
          85    0.2791073529E+03    0.1114273655E+03    0.2800996697E+03
          86    0.2779295155E+03    0.1197477785E+03    0.2914868705E+03
          87    0.2759093071E+03    0.1210073594E+03    0.2886260511E+03
          88    0.2736662622E+03    0.1188879102E+03    0.2899506705E+03
          89    0.2752766894E+03    0.9803593938E+02    0.2681357087E+03
          90    0.2771315821E+03    0.9688118087E+02    0.2702217632E+03
          91    0.2753583753E+03    0.1012427247E+03    0.2701864087E+03
          92    0.2782484548E+03    0.1191876608E+03    0.2869194737E+03
          93    0.2815200246E+03    0.9435408259E+02    0.2709068085E+03
          94    0.2826716749E+03    0.9521237281E+02    0.3102513896E+03
          95    0.2812300877E+03    0.1172572371E+03    0.2895344870E+03
          96    0.2771616550E+03    0.1005115906E+03    0.2711901453E+03
          97    0.2790006503E+03    0.1114707425E+03    0.2805462806E+03
          98    0.2717945858E+03    0.1201376108E+03    0.2883271410E+03
          99    0.2893598481E+03    0.1179681903E+03   -0.2857930402E+03
         100    0.2894313319E+03    0.1179826716E+03   -0.2906751947E+03
