Model_ID, [(c_i,i=0,n)_j,j=1,ntask]
           1    0.6105456770E+01    0.1969644724E+02
           2    0.4216207810E+01    0.3407590232E+02
           3    0.4814954576E+01    0.1641387859E+03
           4    0.4085600937E+01    0.5330282506E+02
           5    0.5657145029E+01   -0.2012685235E+02
           6    0.6847965314E+01    0.2841390686E+02
           7    0.5913377694E+01   -0.2215064265E+02
           8    0.1334249119E+02    0.2244142942E+02
           9    0.6129623044E+01    0.2092836163E+02
          10    0.5913068693E+01    0.2110520343E+02
          11    0.6218092087E+01    0.2080040815E+02
          12    0.4923740231E+01    0.7074693195E+02
          13    0.6736549776E+01    0.2837534657E+02
          14   -0.5979172616E+00    0.4092500668E+02
          15    0.5693046418E+01    0.2136082649E+02
          16    0.5482282927E+01   -0.2047736507E+02
          17    0.5994490363E+01    0.2116649954E+02
          18    0.5838014918E+01   -0.2117577281E+02
          19    0.5523942729E+01    0.2335413789E+02
          20    0.5873360480E+01    0.2113704032E+02
          21    0.5805317605E+01   -0.2120715682E+02
          22    0.4402046580E+01   -0.1337124086E+02
          23    0.4963805018E+01    0.8876144066E+02
          24    0.1417275164E+02   -0.2250654135E+02
          25    0.4061644888E+01    0.7634058281E+02
          26    0.5014517123E+01    0.8844723144E+02
          27    0.5996602755E+01   -0.2094991718E+02
          28    0.4604842202E+01    0.9027435999E+02
          29    0.6483333018E+01   -0.2034571108E+02
          30    0.7005219538E+01    0.2438549123E+02
          31    0.4347202157E+01    0.9148217269E+02
          32    0.4679373129E+01    0.8987033865E+02
          33    0.4229509447E+01    0.3783948147E+02
          34    0.4695964942E+01    0.8977197153E+02
          35    0.4432947852E+01    0.9107123358E+02
          36    0.2971791178E+02    0.3016961382E+02
          37    0.4506118239E+01    0.9068871969E+02
          38    0.4502619248E+01    0.9067518686E+02
          39    0.4460769511E+01    0.9085179599E+02
          40    0.4525247274E+01    0.9057066322E+02
          41    0.4561512204E+01    0.9039245940E+02
          42    0.2705558264E+01   -0.3390774435E+02
          43    0.5415586892E+01    0.1026323032E+03
          44    0.4862239750E+01    0.9010353350E+02
          45    0.3043435176E+02   -0.3665616823E+02
          46    0.4600039097E+01    0.9019104711E+02
          47    0.5343080524E+01   -0.2182007141E+02
          48    0.5046652029E+01   -0.1143177764E+02
          49    0.4618370768E+01    0.9007996359E+02
          50    0.4626627744E+01    0.9004588712E+02
          51    0.3797068468E+01    0.1400166729E+02
          52    0.5186926316E+01    0.8731174354E+02
          53    0.4914667172E+01    0.8881611322E+02
          54    0.5756765472E+01   -0.2098520470E+02
          55    0.4682127820E+01    0.8972923312E+02
          56    0.4838377523E+01    0.1113798035E+03
          57    0.4700511527E+01    0.8960048983E+02
          58    0.3981125608E+01    0.9283764047E+02
          59    0.5301443962E+01    0.1328389919E+03
          60    0.5100786768E+01    0.8783511598E+02
          61    0.5219387451E+01    0.2625057770E+02
          62    0.1406192527E+02    0.2157096223E+02
          63    0.4264439382E+01    0.9135709812E+02
          64    0.5764696357E+01    0.2069342015E+02
          65    0.5534265661E+01   -0.2132822221E+02
          66    0.5839935964E+01   -0.2103864585E+02
          67    0.6782924963E+01    0.2048997037E+02
          68    0.1354920869E+02    0.2138028321E+02
          69    0.5222562526E+01    0.8706457556E+02
          70    0.4555294178E+01    0.9014272633E+02
          71    0.1398525888E+02    0.2169687652E+02
          72    0.4812497254E+01    0.8890963319E+02
          73    0.1433521387E+02    0.2243827262E+02
          74   -0.1407225224E+01    0.4151319295E+02
          75    0.6496934817E+01   -0.2023068420E+02
          76    0.2534059886E+02   -0.2373499974E+02
          77    0.5451857062E+01    0.2591485953E+02
          78    0.1414125715E+02    0.1528687713E+02
          79    0.1731612580E+02    0.2086023448E+02
          80    0.5364183935E+01    0.5690318566E+02
          81    0.8407290892E+01    0.2055822701E+02
          82    0.5595220293E+01    0.2573669410E+02
          83    0.4524319304E+01    0.9011231326E+02
          84    0.1374727473E+02    0.1895032930E+02
          85    0.5554357783E+01    0.2562194488E+02
          86    0.5724632952E+01    0.1510581113E+02
          87    0.4276112747E+01    0.2731397323E+02
          88    0.4559987490E+01   -0.2080769545E+02
          89    0.5081175576E+01    0.8889124419E+02
          90    0.5238978216E+01    0.2617368932E+02
          91    0.1850717038E+02    0.1933115429E+02
          92    0.1388705480E+02    0.2178514385E+02
          93    0.1594239234E+02    0.2024699985E+02
          94    0.1405534233E+02    0.2137187737E+02
          95    0.1348602702E+02    0.2263441861E+02
          96    0.4775593529E+01    0.5002220023E+02
          97    0.4525212876E+01    0.9003679877E+02
          98    0.5590705249E+01    0.2567575404E+02
          99   -0.3950480760E+00   -0.2454908049E+02
         100    0.5456143185E+01   -0.2132651215E+02
