        Rank        RMSE       MaxAE  Feature_ID
           1    5.048646   13.194774  (       1)
           2    5.075456   12.384244  (       2)
           3    5.180919   12.659565  (       3)
           4    5.181191   14.211909  (       4)
           5    5.220764   13.171090  (       5)
           6    5.257623   14.516316  (       6)
           7    5.291069   14.500329  (       7)
           8    5.351135   13.468877  (       8)
           9    5.365800   15.282093  (       9)
          10    5.401927   15.354253  (      10)
          11    5.413064   15.298099  (      11)
          12    5.416121   13.991228  (      12)
          13    5.418649   14.654243  (      13)
          14    5.418926   13.370136  (      14)
          15    5.419148   15.365556  (      15)
          16    5.424921   16.297677  (      16)
          17    5.428027   15.222783  (      17)
          18    5.436203   15.371686  (      18)
          19    5.437140   14.948945  (      19)
          20    5.437209   15.367966  (      20)
          21    5.438008   15.378758  (      21)
          22    5.438519   14.810068  (      22)
          23    5.449174   15.014782  (      23)
          24    5.455776   14.494943  (      24)
          25    5.457598   15.362091  (      25)
          26    5.461090   15.038130  (      26)
          27    5.469498   15.397512  (      27)
          28    5.471664   15.017144  (      28)
          29    5.472802   15.404125  (      29)
          30    5.473281   15.494011  (      30)
          31    5.474351   14.990098  (      31)
          32    5.476483   15.037842  (      32)
          33    5.477883   14.427527  (      33)
          34    5.477963   15.044436  (      34)
          35    5.481733   15.001212  (      35)
          36    5.488587   13.081758  (      36)
          37    5.492319   15.018201  (      37)
          38    5.495025   15.024890  (      38)
          39    5.495109   15.025112  (      39)
          40    5.496343   15.026899  (      40)
          41    5.500065   15.032637  (      41)
          42    5.500835   14.753792  (      42)
          43    5.501115   12.152358  (      43)
          44    5.502309   14.800010  (      44)
          45    5.504725   16.098950  (      45)
          46    5.505839   15.041584  (      46)
          47    5.506010   15.340542  (      47)
          48    5.508399   15.047549  (      48)
          49    5.509321   15.049435  (      49)
          50    5.510746   15.049210  (      50)
          51    5.512135   16.917826  (      51)
          52    5.512665   15.133360  (      52)
          53    5.512971   15.051033  (      53)
          54    5.518860   15.608537  (      54)
          55    5.523026   15.068346  (      55)
          56    5.524881   16.828932  (      56)
          57    5.528729   15.080308  (      57)
          58    5.529500   15.036685  (      58)
          59    5.529792   14.508339  (      59)
          60    5.529961   15.096138  (      60)
          61    5.542436   15.888117  (      61)
          62    5.542701   15.114257  (      62)
          63    5.543383   15.102341  (      63)
          64    5.544585   12.004448  (      64)
          65    5.546251   15.550959  (      65)
          66    5.547218   15.481731  (      66)
          67    5.548482   15.279904  (      67)
          68    5.550719   15.730607  (      68)
          69    5.556010   15.155982  (      69)
          70    5.559811   15.097718  (      70)
          71    5.560763   15.122489  (      71)
          72    5.561290   15.131160  (      72)
          73    5.562616   14.369585  (      73)
          74    5.565771   13.466159  (      74)
          75    5.570538   15.484444  (      75)
          76    5.571535   16.477729  (      76)
          77    5.572654   15.855999  (      77)
          78    5.573998   13.977207  (      78)
          79    5.575658   14.676144  (      79)
          80    5.580588   15.359442  (      80)
          81    5.591495   13.744702  (      81)
          82    5.591667   15.858945  (      82)
          83    5.592361   15.135862  (      83)
          84    5.593772   14.955794  (      84)
          85    5.597101   15.727646  (      85)
          86    5.597209   11.530462  (      86)
          87    5.598584   16.363400  (      87)
          88    5.599038   17.959508  (      88)
          89    5.599114   14.866816  (      89)
          90    5.600257   15.847110  (      90)
          91    5.601299   16.997626  (      91)
          92    5.603792   15.172720  (      92)
          93    5.603851   16.224219  (      93)
          94    5.604281   15.229042  (      94)
          95    5.604704   15.112166  (      95)
          96    5.604814   16.272993  (      96)
          97    5.605716   15.152767  (      97)
          98    5.606138   15.806402  (      98)
          99    5.606524   18.200184  (      99)
         100    5.608359   15.630477  (     100)
