Model_ID, [(c_i,i=0,n)_j,j=1,ntask]
           1    0.1398230044E+03   -0.1058866468E+03
           2    0.1183175457E+03   -0.1204390777E+03
           3    0.1416315497E+03    0.1005135688E+03
           4    0.1269815232E+03    0.9299367900E+02
           5    0.2528319994E+03    0.1546337837E+03
           6    0.2480516017E+03    0.1536729439E+03
           7    0.1247178556E+03    0.9781070062E+02
           8    0.1435489406E+03    0.1018785988E+03
           9    0.1257102232E+03    0.8518007623E+02
          10    0.1405842471E+03    0.1058052306E+03
          11    0.1282735200E+03    0.8122986962E+02
          12    0.2861316362E+03    0.1803344613E+03
          13    0.1103580296E+03    0.8986077093E+02
          14    0.1197404703E+03   -0.9594709402E+02
          15    0.1179743253E+03    0.2692058365E+03
          16    0.2311093114E+03   -0.1419917319E+03
          17    0.2500362472E+03    0.1475398127E+03
          18    0.1234752892E+03    0.1152679760E+03
          19    0.1079539220E+03    0.1034917893E+03
          20    0.1072594858E+03    0.9438953870E+02
          21    0.1605268438E+03    0.9932108782E+02
          22    0.1204102029E+03    0.8439214124E+02
          23    0.1447611031E+03   -0.1235502188E+03
          24    0.1428058010E+03    0.1071823631E+03
          25    0.2188664859E+03   -0.1078950265E+03
          26    0.2222149389E+03   -0.1082173754E+03
          27    0.2567264353E+03    0.1544106074E+03
          28    0.1204754215E+03    0.9789560256E+02
          29    0.1227996994E+03    0.1041374333E+03
          30    0.1356605124E+03    0.8395529031E+02
          31    0.1479490078E+03    0.1187865145E+03
          32    0.2976495619E+03   -0.1873924979E+03
          33    0.2393409525E+03   -0.9639512103E+02
          34    0.2839661179E+03    0.1797055048E+03
          35    0.1900876717E+03    0.9206826162E+02
          36    0.2277965281E+03    0.1629124258E+03
          37    0.1104663278E+03    0.7857796712E+02
          38    0.1239168339E+03    0.9259702803E+02
          39    0.2217725826E+03   -0.1080314405E+03
          40    0.1240541015E+03    0.8014841850E+02
          41    0.2958868434E+03    0.1938489460E+03
          42    0.2855527649E+03    0.1783619230E+03
          43    0.1380686341E+03    0.7996214291E+02
          44    0.2096540520E+03    0.9940868184E+02
          45    0.2425760308E+03   -0.1175888184E+03
          46    0.1182004352E+03   -0.1004712387E+03
          47    0.1220023763E+03    0.1230140937E+03
          48    0.1239071901E+03    0.1121632441E+03
          49    0.2445453203E+03    0.1704313559E+03
          50    0.2505457235E+03    0.1541976649E+03
          51    0.2496449685E+03   -0.1537777390E+03
          52    0.2238617768E+03   -0.1155007677E+03
          53    0.1413342597E+03   -0.1100336233E+03
          54    0.1227883743E+03   -0.8313391963E+02
          55    0.2543853123E+03   -0.1406365800E+03
          56    0.1360242169E+03   -0.1029634060E+03
          57    0.2317968870E+03   -0.1267393723E+03
          58    0.2433225351E+03   -0.1250274481E+03
          59    0.2221922293E+03   -0.1077432742E+03
          60    0.2456544378E+03   -0.1179641839E+03
          61    0.1394612833E+03    0.9067328613E+02
          62    0.1055454629E+03    0.1088481570E+03
          63    0.2462330364E+03   -0.1532766575E+03
          64    0.2189887301E+03   -0.1072751325E+03
          65    0.1518692147E+03    0.9852201202E+02
          66    0.2488168476E+03    0.1499445212E+03
          67    0.2233736803E+03   -0.1400747508E+03
          68    0.2207181762E+03    0.1021471327E+03
          69    0.1387465725E+03    0.9976758047E+02
          70    0.2405062430E+03    0.1687248697E+03
          71    0.2216430655E+03   -0.1076871611E+03
          72    0.2986241091E+03    0.1531339506E+03
          73    0.2770995908E+03   -0.1446676885E+03
          74    0.2321818067E+03    0.1579849594E+03
          75    0.1374968061E+03    0.9545891385E+02
          76    0.2465138897E+03   -0.1175998147E+03
          77    0.2505675876E+03    0.1529357879E+03
          78    0.2071257992E+03    0.7766211000E+02
          79    0.2029856184E+03    0.8366003588E+02
          80    0.2944686428E+03    0.1520467690E+03
          81    0.2379313221E+03   -0.1519460463E+03
          82    0.9039805066E+02    0.9884120908E+02
          83    0.1364896874E+03    0.1056173708E+03
          84    0.2478667361E+03    0.1545222701E+03
          85    0.1145448397E+03    0.7480815864E+02
          86    0.2105177691E+03   -0.9801845878E+02
          87    0.1612007297E+03    0.1039876012E+03
          88    0.1207826934E+03   -0.8687220668E+02
          89    0.9622753715E+02    0.9824865978E+02
          90    0.2878963250E+03   -0.1775490282E+03
          91    0.2677336955E+03    0.1928941747E+03
          92    0.2425952192E+03    0.1623072815E+03
          93    0.2829618697E+03   -0.1796839834E+03
          94    0.2168257839E+03    0.9913213489E+02
          95    0.2690543546E+03   -0.1922994731E+03
          96    0.1285422116E+03    0.8336567414E+02
          97    0.1233846829E+03    0.8463397217E+02
          98    0.1683807548E+03   -0.1822359909E+03
          99    0.2393034878E+03   -0.1371407089E+03
         100    0.2474449765E+03    0.1546374010E+03
