        Rank        RMSE       MaxAE  Feature_ID
           1    4.232612   14.671088  (    7095   10731)
           2    4.339984   15.661396  (    7256   10731)
           3    4.343489   15.791553  (    7366   10731)
           4    4.357421   15.417151  (    6405   13978)
           5    4.358141   12.530307  (     302   10850)
           6    4.368654   12.589157  (     302   16146)
           7    4.378049   12.550684  (     384   10850)
           8    4.379887   12.614929  (     234   10850)
           9    4.381599   12.624961  (     229   10850)
          10    4.384516   11.973603  (     381   11909)
          11    4.384830   12.545646  (     349   10850)
          12    4.385735   15.515314  (    6405   15858)
          13    4.386983   12.483868  (     384   16297)
          14    4.388610   12.472594  (     302   16297)
          15    4.388758   12.944399  (     302   19356)
          16    4.390324   12.631376  (     384   16146)
          17    4.391942   12.695509  (     234   16146)
          18    4.392820   13.439655  (     302   14856)
          19    4.393795   12.705782  (     229   16146)
          20    4.396480   12.624910  (     349   16146)
          21    4.396936   12.546563  (     302   14150)
          22    4.399261   12.141750  (    1486   16297)
          23    4.399528   12.974652  (     384   19356)
          24    4.400473   12.246805  (     381   14706)
          25    4.400473   12.247033  (     384   11301)
          26    4.402711   13.386032  (     384   14856)
          27    4.403446   12.239368  (     302   11301)
          28    4.406780   12.571419  (     384   14970)
          29    4.408698   12.530926  (     302   14755)
          30    4.409708   12.433486  (     690   16297)
          31    4.411149   12.563162  (     302   14501)
          32    4.411198   12.428674  (     761   16297)
          33    4.413369   12.505341  (     349   16297)
          34    4.413610   11.892091  (    1486   11301)
          35    4.413685   13.421934  (     234   14856)
          36    4.413746   16.398056  (    7178   10731)
          37    4.415177   13.420023  (     229   14856)
          38    4.416524   12.979024  (     349   19356)
          39    4.417599   12.548721  (     384   14755)
          40    4.418220   12.589655  (     420   10850)
          41    4.418470   13.050097  (     234   19356)
          42    4.418841   12.651463  (     234   14150)
          43    4.420071   12.577001  (     349   14150)
          44    4.420608   13.422257  (     349   14856)
          45    4.420845   13.060191  (     229   19356)
          46    4.420932   12.662043  (     229   14150)
          47    4.422249   14.896408  (    4937   10731)
          48    4.423443   12.593608  (     384   14501)
          49    4.423710   12.614752  (     302   14534)
          50    4.426294   12.276017  (     381   14524)
          51    4.426758   12.744483  (    1486   17935)
          52    4.428250   12.583028  (     302   14970)
          53    4.428840   12.273766  (     349   11301)
          54    4.430288   12.530739  (     690   10850)
          55    4.430487   16.038738  (    5562   10731)
          56    4.431301   12.670464  (     420   16146)
          57    4.435536   12.357395  (     234   11301)
          58    4.435721   16.082660  (    5024   10731)
          59    4.435886   11.450771  (    2899   16297)
          60    4.436284   12.023375  (     381   12244)
          61    4.436373   12.635659  (     234   14755)
          62    4.436515   12.672224  (     234   14501)
          63    4.437109   12.559881  (     349   14755)
          64    4.437269   12.515104  (    2050   11301)
          65    4.437274   12.532416  (     761   10850)
          66    4.437454   12.599868  (     229   11341)
          67    4.438068   12.368510  (     229   11301)
          68    4.438480   12.682632  (     229   14501)
          69    4.438511   12.646387  (     229   14755)
          70    4.438785   12.599319  (     349   14501)
          71    4.439375   12.649487  (     384   14534)
          72    4.439676   12.594520  (     234   11341)
          73    4.440318   11.992975  (     381   11354)
          74    4.442714   11.919591  (     381   11760)
          75    4.443073   12.619153  (     384   14150)
          76    4.443415   12.610776  (     690   16146)
          77    4.443702   12.546169  (     420   16297)
          78    4.444775   12.008214  (     381   11583)
          79    4.445137   11.458084  (    2899   11301)
          80    4.445616   16.055053  (    6165   10731)
          81    4.445865   11.745555  (     381   10959)
          82    4.446365   12.719391  (     234   14534)
          83    4.447672   14.878900  (    5166   13978)
          84    4.448120   12.729434  (     229   14534)
          85    4.448524   12.620178  (     234   16297)
          86    4.448880   12.600973  (     302   13412)
          87    4.449406   16.044681  (    7094   10731)
          88    4.449745   12.015405  (     381   11635)
          89    4.450051   12.617086  (     420   14150)
          90    4.450445   12.649754  (     349   14534)
          91    4.450662   12.612660  (     761   16146)
          92    4.450835   12.794330  (    2050   16297)
          93    4.450907   13.022780  (     420   19356)
          94    4.452138   12.591157  (    1016   10850)
          95    4.453803   12.634250  (     229   16297)
          96    4.454557   12.960189  (     690   19356)
          97    4.454942   12.022972  (     381   11690)
          98    4.454989   13.398954  (     420   14856)
          99    4.455248   12.535174  (     302   11341)
         100    4.455355   12.527405  (     381   15794)
