        Rank        RMSE       MaxAE  Feature_ID
           1    8.585831   23.883553  (      32   10153)
           2    8.673863   23.961448  (      32   10406)
           3    8.800984   23.529060  (       1   10001)
           4    8.853684   26.724514  (      17   10153)
           5    8.866144   23.041560  (       1   10007)
           6    8.886909   23.765665  (      32   16734)
           7    8.899510   25.370322  (       3   10262)
           8    8.906625   23.147399  (       1   10106)
           9    8.907521   23.232775  (       1   10180)
          10    8.918122   24.595126  (    2271   10129)
          11    8.918136   23.216386  (       1   10104)
          12    8.928563   24.113862  (       1   10153)
          13    8.939670   21.777541  (       1   11166)
          14    8.941273   20.845883  (       1   10127)
          15    8.944113   23.568844  (    2271   10582)
          16    8.944162   26.799448  (      17   10406)
          17    8.947205   23.362916  (       1   10399)
          18    8.948098   20.580920  (       1   10002)
          19    8.948227   23.227283  (       1   10023)
          20    8.951005   25.224471  (       3   10355)
          21    8.952656   23.229850  (       1   10069)
          22    8.954197   24.048467  (      32   17049)
          23    8.965523   26.573549  (    4723   12885)
          24    8.968624   23.303661  (       1   10073)
          25    8.969554   20.700142  (       1   10003)
          26    8.969831   24.029473  (       1   10020)
          27    8.977898   23.254934  (       1   10070)
          28    8.981810   23.855074  (       1   10021)
          29    8.986548   23.349484  (       1   10130)
          30    8.986810   27.288690  (    4244   12885)
          31    8.989020   25.338325  (       1   10032)
          32    8.991196   20.834202  (       1   10169)
          33    8.993314   24.152439  (    2271   10571)
          34    8.993514   20.158899  (       1   10031)
          35    8.994529   24.481423  (    2271   10279)
          36    8.994716   23.074514  (       1   10084)
          37    8.996607   25.071725  (       3   10872)
          38    8.999128   20.920452  (       1   10004)
          39    9.000318   20.523117  (       1   10052)
          40    9.003855   25.857592  (       1   10035)
          41    9.006592   20.568521  (       1   10043)
          42    9.007387   20.528665  (       1   10005)
          43    9.007909   23.427840  (    2271   11245)
          44    9.010244   22.890585  (       1   10246)
          45    9.010839   21.597820  (       1   10009)
          46    9.011023   24.178561  (       1   10406)
          47    9.011362   25.853385  (       1   10038)
          48    9.019394   26.148740  (       3   10157)
          49    9.020406   25.977578  (      17   15359)
          50    9.021437   25.302121  (       1   10028)
          51    9.027191   20.857289  (       1   10066)
          52    9.028332   24.115237  (    2271   10801)
          53    9.028373   26.687876  (      17   16734)
          54    9.028605   20.572308  (       1   10441)
          55    9.034309   29.589872  (    4244   11728)
          56    9.034897   20.315774  (       1   10025)
          57    9.036980   19.962205  (       1   10542)
          58    9.038216   22.339527  (       1   10014)
          59    9.039803   20.895189  (       1   10006)
          60    9.040318   21.109117  (       1   10008)
          61    9.041249   22.355211  (       1   10017)
          62    9.041279   23.379324  (       1   10164)
          63    9.041369   22.835531  (       1   13667)
          64    9.042369   23.016008  (       1   16178)
          65    9.042957   26.321149  (      17   16187)
          66    9.045761   19.777354  (       1   10010)
          67    9.046818   23.692306  (       1   10046)
          68    9.047401   20.715633  (       1   10176)
          69    9.048562   25.536284  (       1   10011)
          70    9.048627   27.456627  (    4244   16871)
          71    9.049430   25.981444  (      17   12678)
          72    9.049966   21.901175  (       1   10108)
          73    9.050372   22.849302  (       1   10119)
          74    9.050448   25.149871  (       1   10060)
          75    9.051503   23.988214  (    2271   12435)
          76    9.052242   19.311342  (       1   10013)
          77    9.053130   28.641071  (     641   12885)
          78    9.055401   23.207807  (       1   10087)
          79    9.056257   23.428754  (      17   10285)
          80    9.057693   20.929656  (       1   11093)
          81    9.058277   21.239576  (       1   10016)
          82    9.059879   25.198987  (       9    6008)
          83    9.061103   19.091018  (       1   10019)
          84    9.061138   23.675345  (       1   10397)
          85    9.062613   20.616506  (       1   10012)
          86    9.064036   20.318251  (       1   10015)
          87    9.064513   23.713007  (       1   10609)
          88    9.065006   22.929146  (       1   16164)
          89    9.065403   25.124181  (       1   10041)
          90    9.066958   22.849073  (       1   13195)
          91    9.067158   22.797050  (       1   14068)
          92    9.072505   24.440668  (      32   19003)
          93    9.072570   25.367276  (       1   11266)
          94    9.074826   21.910448  (       1   10018)
          95    9.075607   26.072755  (      17   17221)
          96    9.077588   22.080938  (       1   10220)
          97    9.077914   25.328536  (       3   10496)
          98    9.078046   29.229926  (    4244   10199)
          99    9.080019   20.428635  (       1   10114)
         100    9.080089   22.684262  (       1   12675)
