        Rank        RMSE       MaxAE  Feature_ID
           1    7.715351   16.409838  (    6012   19204)
           2    7.718143   16.470082  (    4195   14099)
           3    7.789119   17.008878  (    2935   19204)
           4    7.789632   16.606678  (    3953   14099)
           5    7.893488   16.296888  (    6012   16815)
           6    7.949240   20.502069  (    9176   14086)
           7    7.956895   16.397245  (    7509   19204)
           8    8.020085   19.875958  (    8172   19204)
           9    8.027815   16.888604  (    4307   14099)
          10    8.029761   18.645850  (    5307   19204)
          11    8.030193   19.976308  (    3347   14086)
          12    8.101637   20.925878  (    9358   10479)
          13    8.104276   16.830020  (    6806   14099)
          14    8.123376   19.972357  (    4433   19204)
          15    8.161462   16.491477  (    3915   19204)
          16    8.183994   18.609188  (    7509   16815)
          17    8.200557   18.426955  (    6329   19204)
          18    8.247560   16.710542  (    2885   12035)
          19    8.253963   20.789142  (    8663   13514)
          20    8.279701   19.410396  (    8663   10998)
          21    8.287014   19.748996  (     284   12103)
          22    8.309883   17.842586  (    2885   19204)
          23    8.337449   16.921043  (      23   10078)
          24    8.339530   16.659998  (    3042   12035)
          25    8.339987   17.580832  (      23   10772)
          26    8.342931   18.334874  (    6173   12035)
          27    8.347534   19.822006  (    5636   19204)
          28    8.351044   17.462691  (      30   10732)
          29    8.354073   18.113287  (       9   10772)
          30    8.365222   21.121564  (    3214   17126)
          31    8.372114   18.147778  (    1559   14086)
          32    8.376314   20.614551  (    9567   12035)
          33    8.377961   17.785348  (    3042   19204)
          34    8.379305   17.208983  (      25   10732)
          35    8.379988   17.707915  (    6173   19204)
          36    8.383112   17.460621  (       9   10078)
          37    8.385267   17.522389  (       3   10479)
          38    8.385813   17.977961  (      48   10732)
          39    8.391043   17.194745  (      28   10732)
          40    8.394667   18.847127  (    7024   19204)
          41    8.410198   19.052752  (    8987   14099)
          42    8.416872   18.318442  (    2885   10479)
          43    8.421066   18.746057  (    7517   14099)
          44    8.423267   17.963704  (    6012   12035)
          45    8.429576   22.857484  (    6634   10479)
          46    8.431202   19.299344  (    9567   19204)
          47    8.434237   18.942221  (    8643   14099)
          48    8.434946   19.022086  (    8499   14099)
          49    8.435329   19.321848  (    6244   14099)
          50    8.439963   18.755346  (    9433   14099)
          51    8.442214   18.959673  (    8756   14099)
          52    8.446881   17.965839  (    6659   12035)
          53    8.447455   19.005140  (    8256   14099)
          54    8.448605   18.956624  (    8964   14099)
          55    8.450932   18.977823  (    8902   14099)
          56    8.457948   17.056576  (      10   10479)
          57    8.458501   17.755625  (    6659   19204)
          58    8.459176   24.177702  (    9358   19209)
          59    8.460149   17.043057  (      12   10479)
          60    8.460902   18.610250  (     103   12035)
          61    8.460994   21.221925  (    2533   19204)
          62    8.461575   22.395082  (    1802   10479)
          63    8.463022   17.305564  (      23   11065)
          64    8.465995   19.291578  (    5269   14099)
          65    8.468444   19.672358  (    2774   10479)
          66    8.471562   19.787010  (    8663   11152)
          67    8.472665   19.044825  (    8013   14099)
          68    8.472817   17.128236  (      23   10331)
          69    8.474734   19.190194  (    8423   14099)
          70    8.476224   19.055744  (    8141   14099)
          71    8.476378   31.722577  (    9358   16493)
          72    8.477264   19.057359  (    8140   14099)
          73    8.479118   18.961094  (    9611   14099)
          74    8.479972   18.859173  (    8743   14099)
          75    8.480285   19.062004  (    8138   14099)
          76    8.482113   19.064785  (    8137   14099)
          77    8.482164   18.962161  (    9675   14099)
          78    8.482377   21.621014  (    4118   10006)
          79    8.484302   24.317339  (    1802   13854)
          80    8.484384   18.880367  (    7100   14099)
          81    8.486752   21.514733  (    8663   11134)
          82    8.488647   19.079883  (    8285   14099)
          83    8.488926   17.839923  (       9   11065)
          84    8.489743   24.453075  (    4076   19204)
          85    8.493222   21.634459  (    4118   10007)
          86    8.497027   19.646860  (      16   11841)
          87    8.497468   19.087408  (    8148   14099)
          88    8.499396   18.969201  (    9947   14099)
          89    8.502519   23.190808  (    1802   14240)
          90    8.504037   19.633078  (      16   11826)
          91    8.506008   19.216172  (    5899   14099)
          92    8.506233   18.960322  (    8273   14099)
          93    8.507946   19.102267  (    8162   14099)
          94    8.508665   17.664247  (       9   10331)
          95    8.510965   19.291180  (    7804   14099)
          96    8.519508   19.118263  (    8184   14099)
          97    8.519708   17.673380  (     107   10732)
          98    8.519853   17.406887  (      23   10941)
          99    8.520039   19.571998  (      23   10273)
         100    8.520650   18.714649  (      70   10732)
