        Rank        RMSE       MaxAE  Feature_ID
           1   28.637875   80.103032  (       1)
           2   30.261827   66.828810  (       2)
           3   30.452893   99.741041  (       3)
           4   31.024088   73.395988  (       4)
           5   31.103653   90.265537  (       5)
           6   31.159444   80.397854  (       6)
           7   31.235127   86.377934  (       7)
           8   31.543353   74.026718  (       8)
           9   31.545692   83.889540  (       9)
          10   31.646482   70.768277  (      10)
          11   32.040760   75.374255  (      11)
          12   32.105998   68.167943  (      12)
          13   32.182568   75.215455  (      13)
          14   32.293552   77.182874  (      14)
          15   32.294529   81.215829  (      15)
          16   32.305815   72.110440  (      16)
          17   32.416166   65.508483  (      17)
          18   32.450989   74.705163  (      18)
          19   32.485786   73.281068  (      19)
          20   32.494690   67.765700  (      20)
          21   32.497049   69.141119  (      21)
          22   32.508301   85.268916  (      22)
          23   32.537945   83.096233  (      23)
          24   32.581450   60.751580  (      24)
          25   32.623421   81.792040  (      25)
          26   32.636032   96.064395  (      26)
          27   32.713279   85.087771  (      27)
          28   32.802334   81.196195  (      28)
          29   32.813926   84.204451  (      29)
          30   32.814137   77.703028  (      30)
          31   32.823577   73.331033  (      31)
          32   32.857759   79.535100  (      32)
          33   32.859635   87.797601  (      33)
          34   32.914751   77.691820  (      34)
          35   32.934128   70.999227  (      35)
          36   32.945632   94.417614  (      36)
          37   32.977741   78.001501  (      37)
          38   33.008007   77.991213  (      38)
          39   33.009092   94.213729  (      39)
          40   33.019146   80.333507  (      40)
          41   33.061551   71.244260  (      41)
          42   33.062104   77.690496  (      42)
          43   33.102064   78.904585  (      43)
          44   33.106271   76.758978  (      44)
          45   33.113931   76.584522  (      45)
          46   33.126065   78.997878  (      46)
          47   33.127477   73.538883  (      47)
          48   33.153527   80.079100  (      48)
          49   33.166937   65.079000  (      49)
          50   33.171942   85.287823  (      50)
          51   33.190570   70.919225  (      51)
          52   33.217301   70.435800  (      52)
          53   33.251434   77.300227  (      53)
          54   33.276718   97.377731  (      54)
          55   33.278616   78.307785  (      55)
          56   33.297064   70.329668  (      56)
          57   33.298817   99.707007  (      57)
          58   33.299818   89.136605  (      58)
          59   33.320901   86.747356  (      59)
          60   33.330819   75.872352  (      60)
          61   33.351715   77.804247  (      61)
          62   33.361206   75.131189  (      62)
          63   33.391053   82.927968  (      63)
          64   33.409976   88.812975  (      64)
          65   33.430212   73.724395  (      65)
          66   33.454746   72.822206  (      66)
          67   33.462383   72.396939  (      67)
          68   33.474833   82.151859  (      68)
          69   33.477753   75.310381  (      69)
          70   33.477960   86.980883  (      70)
          71   33.483116   85.370258  (      71)
          72   33.486940   78.418034  (      72)
          73   33.487962   88.529185  (      73)
          74   33.516447   78.390110  (      74)
          75   33.562289   84.755828  (      75)
          76   33.565241   87.302668  (      76)
          77   33.566344   72.261191  (      77)
          78   33.589669   77.850641  (      78)
          79   33.599721   96.598303  (      79)
          80   33.608552   98.106170  (      80)
          81   33.646287   74.040393  (      81)
          82   33.647041   72.357181  (      82)
          83   33.656379   85.038442  (      83)
          84   33.658785   72.104076  (      84)
          85   33.659377   72.813855  (      85)
          86   33.669066   72.554059  (      86)
          87   33.677594   97.607186  (      87)
          88   33.681859   99.153029  (      88)
          89   33.701242   98.194235  (      89)
          90   33.706653   78.715439  (      90)
          91   33.710741   71.695029  (      91)
          92   33.717463   61.186205  (      92)
          93   33.718280   77.585026  (      93)
          94   33.718929   88.913904  (      94)
          95   33.725653   88.863437  (      95)
          96   33.726371   85.112914  (      96)
          97   33.729070   88.817483  (      97)
          98   33.737780  100.522111  (      98)
          99   33.744454   79.232603  (      99)
         100   33.756756   87.941993  (     100)
