Model_ID, [(c_i,i=0,n)_j,j=1,ntask]
           1    0.1666672465E+03    0.1244367317E+03
           2    0.2386274131E+03   -0.1047856219E+03
           3    0.1603327678E+03   -0.1320402097E+03
           4    0.2411241486E+03    0.9958151687E+02
           5    0.1521803122E+03   -0.1212141584E+03
           6    0.3090703842E+03   -0.1297458788E+03
           7    0.1599473390E+03    0.1132460702E+03
           8    0.1520037722E+03    0.1414797144E+03
           9    0.1635276136E+03   -0.1261030350E+03
          10    0.1519508550E+03   -0.1464053322E+03
          11    0.2408155004E+03    0.9755473200E+02
          12    0.2688580064E+03   -0.1187274497E+03
          13    0.2610851383E+03    0.1129625935E+03
          14    0.3223642261E+03    0.2872993509E+03
          15    0.2543657765E+03    0.1052874364E+03
          16    0.2345593030E+03    0.9718655426E+02
          17    0.2951470440E+03    0.2365313664E+03
          18    0.2371382992E+03    0.1004827119E+03
          19    0.3040390018E+03    0.1244743847E+03
          20    0.2712624296E+03   -0.1104917748E+03
          21    0.3385937157E+03    0.2896816735E+03
          22    0.2415400447E+03    0.1089832203E+03
          23    0.2700383369E+03    0.1197972349E+03
          24    0.3331398811E+03    0.2766578526E+03
          25    0.1350454066E+03    0.1273205161E+03
          26    0.1620399227E+03    0.1257966741E+03
          27    0.1939705867E+03    0.8206659537E+02
          28    0.1506705369E+03    0.1277948221E+03
          29    0.1596211380E+03    0.1393124443E+03
          30    0.3014903881E+03   -0.2494645387E+03
          31    0.2799081630E+03   -0.1099144767E+03
          32    0.3516943591E+03    0.3141734091E+03
          33    0.3525197222E+03    0.3258389537E+03
          34    0.3021919922E+03   -0.2473592128E+03
          35    0.2759585773E+03   -0.1123363017E+03
          36    0.3205700399E+03    0.3212389688E+03
          37    0.3013933015E+03   -0.2488504196E+03
          38    0.1645611036E+03    0.1209172661E+03
          39    0.3225818226E+03    0.3086169893E+03
          40    0.2660714693E+03   -0.1083471692E+03
          41    0.2020722360E+03    0.1307446493E+03
          42    0.3017801742E+03   -0.2486190671E+03
          43    0.2868649431E+03    0.2605869788E+03
          44    0.2293368991E+03    0.1043547044E+03
          45    0.2102064017E+03   -0.8887764731E+02
          46    0.1555765917E+03    0.1025246352E+03
          47    0.3008793017E+03    0.1130716090E+03
          48    0.2420201902E+03    0.9357363920E+02
          49    0.2276741917E+03   -0.9602710459E+02
          50    0.2147937631E+03    0.8209704286E+02
          51    0.2787450492E+03   -0.1080451729E+03
          52    0.2470301113E+03    0.1029139518E+03
          53    0.2077449740E+03   -0.1382705639E+03
          54    0.3152480664E+03   -0.1335547397E+03
          55    0.3005531644E+03   -0.2504783747E+03
          56    0.3407454465E+03    0.2796769788E+03
          57    0.2899904505E+03    0.2572167013E+03
          58    0.3513882390E+03    0.3225696408E+03
          59    0.3533944978E+03    0.3286033331E+03
          60    0.3033606562E+03    0.2551197977E+03
          61    0.2527057880E+03   -0.1095449676E+03
          62    0.1453917320E+03    0.1155870116E+03
          63    0.2322314032E+03    0.1463444267E+03
          64    0.3335815001E+03    0.3093837926E+03
          65    0.2398708906E+03   -0.9491868444E+02
          66    0.2306370219E+03    0.9065495353E+02
          67    0.2941185706E+03    0.2262802593E+03
          68    0.2665184353E+03   -0.1099234759E+03
          69    0.3216291746E+03    0.2557734677E+03
          70    0.1849599342E+03    0.8077381124E+02
          71    0.1275399096E+03    0.9773662481E+02
          72    0.2981200219E+03    0.2643481382E+03
          73    0.3011923264E+03    0.2613032317E+03
          74    0.2871550101E+03    0.2612010465E+03
          75    0.2537917066E+03    0.1027975703E+03
          76    0.2700588385E+03    0.2481996548E+03
          77    0.2944908997E+03   -0.2253163976E+03
          78    0.2619114403E+03   -0.1102749440E+03
          79    0.3190046649E+03    0.3169431072E+03
          80    0.1444252632E+03    0.1059241536E+03
          81    0.3021250589E+03    0.2586981411E+03
          82    0.2944111518E+03    0.2256497858E+03
          83    0.2077720572E+03    0.1441901329E+03
          84    0.2937150263E+03   -0.2264902297E+03
          85    0.2887548768E+03   -0.1174101503E+03
          86    0.2189351299E+03    0.9337895181E+02
          87    0.3181739387E+03    0.3156992909E+03
          88    0.3186056160E+03    0.3018930712E+03
          89    0.2599011492E+03    0.2438565555E+03
          90    0.3001143072E+03   -0.2505735277E+03
          91    0.2399871538E+03   -0.9321165621E+02
          92    0.3335890849E+03    0.2730142316E+03
          93    0.2651716612E+03   -0.1062222588E+03
          94    0.3513602482E+03    0.3265190866E+03
          95    0.3515193415E+03    0.3248077618E+03
          96    0.3349258603E+03    0.3261287828E+03
          97    0.3514662059E+03    0.3263688447E+03
          98    0.2874080430E+03    0.2635920671E+03
          99    0.2984793857E+03    0.2653401789E+03
         100    0.3524754498E+03    0.3242616495E+03
