        Rank        RMSE       MaxAE  Feature_ID
           1   21.996085   49.966322  (    7421   10006)
           2   22.049174   46.448560  (    9130   10006)
           3   22.232486   50.067082  (      74   10006)
           4   22.734695   44.646508  (    5869   10006)
           5   22.840033   46.779130  (    9130   10013)
           6   22.852660   46.781359  (    9130   10014)
           7   22.854162   50.328892  (      74   10013)
           8   22.863454   50.330612  (      74   10014)
           9   22.971669   49.408805  (    1978   10006)
          10   22.978966   46.792837  (     988   10006)
          11   23.047024   50.273950  (    7421   10013)
          12   23.062035   50.275915  (    7421   10014)
          13   23.069073   46.605260  (    4949   10006)
          14   23.168180   54.398033  (    1213   10006)
          15   23.201353   49.443612  (    1005   10014)
          16   23.202512   49.445459  (    1005   10013)
          17   23.215074   44.474392  (    5869   10013)
          18   23.224158   44.473549  (    5869   10014)
          19   23.270831   48.298820  (    4949   10013)
          20   23.276926   48.324255  (    4949   10014)
          21   23.326440   46.556637  (    2102   10006)
          22   23.387918   46.190834  (    3398   10006)
          23   23.395726   46.139069  (     330   10006)
          24   23.405370   50.076137  (      74   10003)
          25   23.410850   50.078601  (      74   10004)
          26   23.423952   53.578128  (    7522   10006)
          27   23.473216   46.725094  (    2244   10006)
          28   23.509768   58.810065  (      81   10014)
          29   23.512601   58.805813  (      81   10013)
          30   23.518430   50.313443  (    4949   10003)
          31   23.520465   50.328633  (    4949   10004)
          32   23.524322   66.863369  (     238   10006)
          33   23.531083   46.034527  (    6501   10006)
          34   23.545997   53.232617  (       3   10007)
          35   23.625940   49.751292  (    1005   10006)
          36   23.656378   62.474910  (    3695   10006)
          37   23.660745   43.785558  (    1177   10013)
          38   23.663473   43.788194  (    1177   10014)
          39   23.676667   50.947461  (    1681   10006)
          40   23.677759   52.931336  (    3033   10006)
          41   23.695035   49.442820  (    1584   10006)
          42   23.698768   48.383943  (    2561   10006)
          43   23.699615   57.469706  (     977   10006)
          44   23.713485   49.897030  (    1177   10006)
          45   23.716209   62.260481  (    3990   10006)
          46   23.724081   46.310160  (    5869   10003)
          47   23.724256   62.585496  (    3335   10006)
          48   23.724405   50.196101  (    9938   10006)
          49   23.728505   46.327989  (    5869   10004)
          50   23.740066   49.051857  (    7202   10006)
          51   23.743164   63.055989  (    8549   10013)
          52   23.745341   63.088892  (    8549   10014)
          53   23.745636   47.114636  (    3767   10006)
          54   23.757895   62.611197  (     789   10006)
          55   23.760862   55.560024  (    9917   10006)
          56   23.765026   46.359895  (     400   10006)
          57   23.767920   42.926867  (    3443   10034)
          58   23.769333   51.738493  (       3   10005)
          59   23.775242   48.197144  (    1559   10006)
          60   23.783088   61.514614  (    6137   10006)
          61   23.788126   54.834836  (    9885   10006)
          62   23.789324   62.961238  (    3103   10006)
          63   23.792942   46.247215  (    9531   10006)
          64   23.834685   48.888869  (     330   10013)
          65   23.835796   63.926499  (    6137   10013)
          66   23.838314   50.946908  (    6124   10006)
          67   23.840213   63.962461  (    6137   10014)
          68   23.842163   48.926487  (     330   10014)
          69   23.845860   64.688210  (     924   10006)
          70   23.850223   49.678440  (    1978   10013)
          71   23.859506   51.103790  (    6089   10006)
          72   23.862623   49.680114  (    1978   10014)
          73   23.865375   46.168440  (    9422   10006)
          74   23.869171   58.354638  (       3   11184)
          75   23.876646   46.656774  (     988   10013)
          76   23.877458   53.358441  (     127   10006)
          77   23.889010   46.656381  (     988   10014)
          78   23.897891   76.747046  (    3800   13720)
          79   23.910528   58.856298  (    2007   10006)
          80   23.920067   60.973486  (    8549   10006)
          81   23.967305   63.107483  (    1030   10006)
          82   23.978821   77.821514  (    3800   16087)
          83   23.997766   62.710522  (    1098   10006)
          84   24.009123   52.575621  (      40   10007)
          85   24.022602   58.325135  (      81   10006)
          86   24.029157   48.898155  (    2254   10006)
          87   24.032811   53.492885  (    5254   10006)
          88   24.045051   48.732776  (    3190   10006)
          89   24.047109   46.447839  (    2102   10013)
          90   24.047589   76.946950  (    3962   13720)
          91   24.048560   65.086592  (    3990   10013)
          92   24.054236   49.947831  (    5780   10006)
          93   24.055631   65.126374  (    3990   10014)
          94   24.056746   62.393423  (    1204   10006)
          95   24.057886   46.448193  (    2102   10014)
          96   24.066272   65.091145  (     963   10006)
          97   24.071697   53.372142  (       1   10007)
          98   24.078810   77.450327  (    3800   14437)
          99   24.084625   51.132529  (    7368   10006)
         100   24.093216   53.960247  (       3   12180)
