        Rank        RMSE       MaxAE  Feature_ID
           1   31.972603   76.517501  (       1)
           2   32.268903   78.641806  (       2)
           3   32.282857   78.502251  (       3)
           4   32.422396   76.511707  (       4)
           5   32.490942   85.779222  (       5)
           6   32.536281   70.660330  (       6)
           7   32.549896   86.045870  (       7)
           8   32.579115   75.033797  (       8)
           9   32.654164   76.580765  (       9)
          10   32.702714   83.345009  (      10)
          11   32.712637   98.825255  (      11)
          12   32.758118   86.086030  (      12)
          13   32.853578   85.287471  (      13)
          14   32.906003   89.972855  (      14)
          15   32.937253   70.855336  (      15)
          16   32.946882   75.658371  (      16)
          17   32.987422   98.339921  (      17)
          18   33.086544   96.985402  (      18)
          19   33.115102   87.208141  (      19)
          20   33.134195   80.792414  (      20)
          21   33.168241   87.037020  (      21)
          22   33.258167   82.654804  (      22)
          23   33.260024   92.423022  (      23)
          24   33.268904   84.806803  (      24)
          25   33.281997   97.928876  (      25)
          26   33.304257   96.522900  (      26)
          27   33.347680   88.240055  (      27)
          28   33.392160   98.236226  (      28)
          29   33.392298   87.673596  (      29)
          30   33.399444   98.245908  (      30)
          31   33.409464   91.979383  (      31)
          32   33.416500   79.233002  (      32)
          33   33.425146   81.206225  (      33)
          34   33.426980   89.432114  (      34)
          35   33.446991   74.233713  (      35)
          36   33.471307   97.572612  (      36)
          37   33.502456   95.109018  (      37)
          38   33.509457   96.760558  (      38)
          39   33.521238   88.929190  (      39)
          40   33.587744   73.961340  (      40)
          41   33.607701   96.974593  (      41)
          42   33.608184   88.446056  (      42)
          43   33.624937   94.352984  (      43)
          44   33.636418   99.099301  (      44)
          45   33.651136   92.690086  (      45)
          46   33.685804   82.384211  (      46)
          47   33.712909  102.135075  (      47)
          48   33.723594   94.722200  (      48)
          49   33.727726   81.294024  (      49)
          50   33.729905   97.704601  (      50)
          51   33.752855   87.961703  (      51)
          52   33.774581   82.810836  (      52)
          53   33.777736   81.634234  (      53)
          54   33.792043   78.792073  (      54)
          55   33.793965   87.265278  (      55)
          56   33.816211   89.657351  (      56)
          57   33.842543   97.955112  (      57)
          58   33.851604   95.446580  (      58)
          59   33.856319   98.210834  (      59)
          60   33.856954   98.214710  (      60)
          61   33.864044   98.679896  (      61)
          62   33.886665   97.270157  (      62)
          63   33.901112   88.779514  (      63)
          64   33.914211   98.073651  (      64)
          65   33.915511   91.899682  (      65)
          66   33.941602   97.723176  (      66)
          67   33.950848   80.707979  (      67)
          68   33.970637   81.034710  (      68)
          69   33.978464   97.766616  (      69)
          70   34.035610   93.003419  (      70)
          71   34.058084   82.347282  (      71)
          72   34.065492   83.158582  (      72)
          73   34.088272   98.756578  (      73)
          74   34.094570   81.898651  (      74)
          75   34.111217   88.249483  (      75)
          76   34.119314   89.019127  (      76)
          77   34.137898   95.910848  (      77)
          78   34.170965  105.814771  (      78)
          79   34.172247   94.083521  (      79)
          80   34.176567   95.779435  (      80)
          81   34.179559   84.766197  (      81)
          82   34.183107  100.217399  (      82)
          83   34.193489   98.009371  (      83)
          84   34.210686   79.591641  (      84)
          85   34.225750   98.069537  (      85)
          86   34.231810   99.465699  (      86)
          87   34.253268  110.706479  (      87)
          88   34.260851   96.608581  (      88)
          89   34.263884   86.319768  (      89)
          90   34.266883   95.072641  (      90)
          91   34.272882   93.280261  (      91)
          92   34.276978   74.876995  (      92)
          93   34.283519   92.774430  (      93)
          94   34.283568  101.163214  (      95)
          95   34.283568   96.571131  (      94)
          96   34.294511   95.433357  (      96)
          97   34.325280   99.021161  (      97)
          98   34.331714   99.871510  (      98)
          99   34.334097  105.166436  (      99)
         100   34.339819  104.305748  (     100)
