     Index              y_true              y_pred        descriptor_1        descriptor_2
         1    0.1850000000E+02    0.2311984143E+02    0.0000000000E+00    0.2400999600E-03
         2    0.8872000000E+02    0.7735268670E+02   -0.4496858507E+00    0.7526767830E-02
         3    0.2078000000E+02    0.2003216212E+02    0.2756978275E-01    0.0000000000E+00
         4    0.5301000000E+02    0.4058764712E+02    0.9149889973E-01    0.2357927000E-01
         5    0.2548000000E+02    0.3203891315E+02   -0.9014948000E-01    0.0000000000E+00
         6    0.6524000000E+02    0.6600738505E+02   -0.1305862589E+00    0.2598998621E-01
         7    0.4537000000E+02    0.5211077433E+02   -0.2778000619E+00    0.8120574000E-03
         8    0.1845000000E+02    0.1881364445E+02    0.6049518552E-01    0.1863375360E-02
         9    0.3615000000E+02    0.4723741077E+02   -0.1701624925E+00    0.6128736024E-02
        10    0.5090000000E+02    0.5730489132E+02   -0.2523821277E+00    0.7593088560E-02
        11    0.1464000000E+02    0.3810408977E+02   -0.9006714717E-01    0.5289217722E-02
        12    0.2796000000E+02    0.2538016907E+02    0.2029858560E-01    0.4011503067E-02
        13    0.3187000000E+02    0.2750146217E+02    0.1174994492E-01    0.5099531841E-02
        14    0.2551000000E+02    0.2846426141E+02   -0.1904298000E-02    0.4725182976E-02
        15    0.1790000000E+02    0.2779715882E+02    0.5276264814E-02    0.4782030279E-02
        16    0.3007000000E+02    0.2572911898E+02   -0.7741421100E-02    0.1824793264E-02
        17    0.2681000000E+02    0.2131213147E+02    0.2094689203E-01    0.5264064000E-03
        18    0.2622000000E+02    0.3194244514E+02   -0.3742816630E-01    0.4598851488E-02
        19    0.3682000000E+02    0.5596865810E+02   -0.4692224028E+00   -0.1283096806E-01
        20    0.5646000000E+02    0.6197541007E+02   -0.3835710189E+00    0.7863669000E-05
        21    0.7520000000E+02    0.7489888910E+02   -0.4577805598E+00    0.4670863974E-02
        22    0.8285000000E+02    0.7570686234E+02   -0.3846867500E+00    0.1186689966E-01
        23    0.6383000000E+02    0.5832768767E+02   -0.3098318941E+00    0.3380942058E-02
        24    0.5774000000E+02    0.5520886393E+02   -0.2566897333E+00    0.5385133197E-02
        25    0.4307000000E+02    0.3492366111E+02   -0.1636682969E+00   -0.4017952026E-02
        26    0.2720000000E+02    0.2635338434E+02   -0.2104128590E-01    0.1187106535E-02
        27    0.6276000000E+02    0.6032249705E+02   -0.3329519529E+00    0.3064545528E-02
        28    0.5060000000E+01   -0.6414593695E+01    0.0000000000E+00   -0.2548018502E-01
        29    0.2680000000E+02    0.2169326287E+02   -0.3403302995E-01   -0.4025160032E-02
        30    0.9080000000E+02    0.8245423375E+02   -0.5138464396E+00    0.6270557160E-02
        31    0.6660000000E+02    0.6133273064E+02   -0.3673316208E+00    0.8906123250E-03
        32    0.5100000000E+02    0.5095425905E+02   -0.1012505109E+00    0.1548654520E-01
        33    0.7420000000E+02    0.7282018415E+02   -0.2307282479E+00    0.2302805900E-01
        34    0.6511000000E+02    0.5522284330E+02   -0.2905236562E+00    0.2392079184E-02
        35    0.6029000000E+02    0.6938588200E+02   -0.1590994298E+00    0.2639955240E-01
        36    0.4460000000E+02    0.4199909097E+02   -0.4198257234E-01    0.1295222148E-01
