Model_ID, [(c_i,i=0,n)_j,j=1,ntask]
           1    0.3150464650E+03    0.2751673014E+03   -0.1347403197E+03
           2    0.3152274845E+03    0.2748600985E+03   -0.1323397207E+03
           3    0.3150553012E+03    0.2738299281E+03   -0.1356157670E+03
           4    0.3152469709E+03    0.2735390271E+03   -0.1331277388E+03
           5    0.2894778167E+03    0.2511435425E+03   -0.7087504147E+02
           6    0.2792272438E+03    0.2399875160E+03    0.6650005231E+02
           7    0.2949377730E+03    0.2504081282E+03    0.1287521578E+03
           8    0.2799268716E+03    0.2402644957E+03    0.6548556092E+02
           9    0.3111253111E+03    0.2716866855E+03    0.1436151892E+03
          10    0.3158914879E+03    0.2730161983E+03   -0.1269436416E+03
          11    0.3113994209E+03    0.2714289561E+03    0.1409210610E+03
          12    0.2895803677E+03    0.2511770709E+03   -0.7093869086E+02
          13    0.3168354797E+03    0.2746751182E+03   -0.1284937751E+03
          14    0.2950374722E+03    0.2504406039E+03    0.1288889194E+03
          15    0.3169898727E+03    0.2743827278E+03   -0.1261838812E+03
          16    0.2806240282E+03    0.2437312087E+03    0.1570105022E+03
          17    0.2870494660E+03    0.2409588999E+03    0.1144653999E+03
          18    0.3161362845E+03    0.2726586595E+03   -0.1240921787E+03
          19    0.2921980019E+03    0.2453219472E+03    0.1168012259E+03
          20    0.2845514940E+03    0.2434301628E+03    0.1312943822E+03
          21    0.3110511260E+03    0.2702488297E+03    0.1449450125E+03
          22    0.2877087650E+03    0.2412412072E+03    0.1125175126E+03
          23    0.2900031955E+03    0.2432704344E+03    0.1200396900E+03
          24    0.3130333114E+03    0.2728379885E+03   -0.7279723564E+02
          25    0.3113411710E+03    0.2700112502E+03    0.1421386389E+03
          26    0.2921576741E+03    0.2453396183E+03    0.1172642294E+03
          27    0.2844737783E+03    0.2434387098E+03    0.1318287634E+03
          28    0.3128689349E+03    0.2730301301E+03   -0.7388440571E+02
          29    0.3117118263E+03    0.2693442125E+03   -0.9228280427E+02
          30    0.2970138146E+03    0.2487055605E+03    0.2048686370E+03
          31    0.3119421837E+03    0.2691659423E+03   -0.9071194299E+02
          32    0.2807249597E+03    0.2437487668E+03    0.1571150248E+03
          33    0.2899531880E+03    0.2432781456E+03    0.1205137857E+03
          34    0.3154404716E+03    0.2774739689E+03   -0.1429032886E+03
          35    0.3109613055E+03    0.2677745516E+03   -0.9565807712E+02
          36    0.2906062226E+03    0.2481189266E+03   -0.6061821553E+02
          37    0.3181688371E+03    0.2841042768E+03    0.1240137883E+03
          38    0.3112211331E+03    0.2676114039E+03   -0.9395826723E+02
          39    0.3190994701E+03    0.2829709136E+03   -0.1619094549E+03
          40    0.3126674046E+03    0.2732197076E+03   -0.1326285021E+03
          41    0.3128950764E+03    0.2729629831E+03   -0.1302703947E+03
          42    0.2882598306E+03    0.2438687040E+03    0.1391191335E+03
          43    0.3191298185E+03    0.2832620269E+03   -0.1630627036E+03
          44    0.3166072400E+03    0.2770374676E+03    0.5249022031E+02
          45    0.3156272381E+03    0.2787147537E+03    0.5474696354E+02
          46    0.3123211220E+03    0.2716274095E+03   -0.7341545824E+02
          47    0.2905543562E+03    0.2481487594E+03   -0.6086749525E+02
          48    0.2920209201E+03    0.2438840867E+03    0.1173130731E+03
          49    0.2813307753E+03    0.2385193291E+03    0.1252005194E+03
          50    0.3164878177E+03    0.2773040268E+03    0.5330724298E+02
          51    0.3138150454E+03    0.2720225054E+03   -0.1046382208E+03
          52    0.3118611773E+03    0.2707939215E+03    0.1390496562E+03
          53    0.3154820475E+03    0.2790241543E+03    0.5563628840E+02
          54    0.3109555053E+03    0.2692757757E+03    0.4786356635E+02
          55    0.3123668256E+03    0.2695955182E+03    0.1341914232E+03
          56    0.3184783088E+03    0.2818301522E+03    0.1445673427E+03
          57    0.3098344713E+03    0.2705080769E+03    0.4974212914E+02
          58    0.3112119309E+03    0.2690920689E+03    0.4702106715E+02
          59    0.3132255844E+03    0.2743914760E+03   -0.1313602265E+03
          60    0.3121399738E+03    0.2718028925E+03   -0.7452915398E+02
          61    0.3134454231E+03    0.2741141746E+03   -0.1290105837E+03
          62    0.2872470471E+03    0.2442447333E+03    0.1272381903E+03
          63    0.3188928619E+03    0.2827825343E+03    0.1597788922E+03
          64    0.3166336247E+03    0.2800521893E+03    0.1488055984E+03
          65    0.3121279430E+03    0.2705599190E+03    0.1364182389E+03
          66    0.2948501076E+03    0.2478693768E+03    0.1266095587E+03
          67    0.3101254019E+03    0.2702912680E+03    0.4883276681E+02
          68    0.3166542043E+03    0.2809499480E+03   -0.1525244974E+03
          69    0.3094597248E+03    0.2675621291E+03   -0.1027820728E+03
          70    0.3136711776E+03    0.2721879547E+03   -0.1061423041E+03
          71    0.3186337341E+03    0.2813562839E+03    0.1416432084E+03
          72    0.2969049128E+03    0.2485536662E+03    0.2061016672E+03
          73    0.2821610343E+03    0.2388631141E+03    0.1228920455E+03
          74    0.3190568923E+03    0.2700908978E+03   -0.5837395063E+02
          75    0.2866679915E+03    0.2386556437E+03    0.1136632861E+03
          76    0.3168087688E+03    0.2806548345E+03   -0.1503056862E+03
          77    0.3213944598E+03    0.2838504852E+03   -0.7637561859E+02
          78    0.3153494675E+03    0.2761264243E+03   -0.1446419793E+03
          79    0.2919714248E+03    0.2438929466E+03    0.1177957027E+03
          80    0.3129974394E+03    0.2689289415E+03   -0.9034150478E+02
          81    0.3129359979E+03    0.2689735023E+03   -0.9078035101E+02
          82    0.3168386400E+03    0.2805088747E+03   -0.1495207448E+03
          83    0.3213864311E+03    0.2834900575E+03   -0.7567557215E+02
          84    0.3183239759E+03    0.2842070325E+03    0.1241365749E+03
          85    0.3131546800E+03    0.2687996678E+03   -0.8919871911E+02
          86    0.3174911290E+03    0.2793525317E+03    0.1439003802E+03
          87    0.3127983926E+03    0.2690854536E+03   -0.9183719133E+02
          88    0.3100726107E+03    0.2727950262E+03   -0.1409866643E+03
          89    0.3152886816E+03    0.2735429333E+03   -0.6807218819E+02
          90    0.2899898257E+03    0.2486512180E+03    0.1380781978E+03
          91    0.3097924255E+03    0.2673759699E+03   -0.1007514291E+03
          92    0.3168498709E+03    0.2795755549E+03    0.1455825281E+03
          93    0.2873475539E+03    0.2389872725E+03    0.1117022635E+03
          94    0.2871710093E+03    0.2442547203E+03    0.1277794637E+03
          95    0.3140523809E+03    0.2736067440E+03   -0.1237753999E+03
          96    0.3078560843E+03    0.2725891493E+03    0.1504952755E+03
          97    0.2944042851E+03    0.2449715484E+03    0.1842099884E+03
          98    0.3103715637E+03    0.2725278985E+03   -0.1383279759E+03
          99    0.3170082057E+03    0.2801890164E+03   -0.1471749909E+03
         100    0.3189712851E+03    0.2823392960E+03    0.1578309912E+03
