Model_ID, [(c_i,i=0,n)_j,j=1,ntask]
           1    0.2212145009E+02    0.2132113374E+02   -0.5319086197E+03
           2    0.2121613520E+02    0.2075208208E+02    0.9472889912E+02
           3    0.2184783284E+02    0.2055368339E+02   -0.1621114766E+03
           4    0.2109804754E+02    0.2058589532E+02    0.9823131913E+02
           5    0.2109999035E+02    0.2056313659E+02    0.9804544687E+02
           6    0.2110220011E+02    0.2054540337E+02    0.9795972914E+02
           7    0.2102878140E+02    0.2091880509E+02    0.9683742015E+02
           8    0.2110516617E+02    0.2069437678E+02    0.9816661412E+02
           9    0.2104186006E+02   -0.2063066426E+02    0.9783341125E+02
          10    0.2108103387E+02    0.2065500517E+02    0.9798433339E+02
          11    0.2110078355E+02    0.2054693479E+02    0.9772877906E+02
          12    0.2108022194E+02    0.2065913680E+02    0.9795332088E+02
          13    0.2107939264E+02    0.2066322430E+02   -0.9792048539E+02
          14    0.2106009422E+02    0.2075078036E+02    0.9808988764E+02
          15    0.2173594232E+02    0.2038571092E+02   -0.1761316631E+03
          16    0.2107854898E+02    0.2079822549E+02    0.9793435048E+02
          17    0.2116648018E+02    0.2067607595E+02    0.1304020890E+03
          18    0.2105482431E+02    0.2062273598E+02    0.9768169166E+02
          19    0.2109536203E+02    0.2055703104E+02    0.9732038135E+02
          20    0.2104072581E+02    0.2076269779E+02    0.9660224013E+02
          21    0.2110278182E+02    0.2049008344E+02    0.9677297893E+02
          22    0.2068986799E+02    0.2020599049E+02   -0.9423988749E+02
          23    0.2105493359E+02    0.2076033288E+02    0.9769010015E+02
          24    0.2111064210E+02    0.2053109443E+02    0.9832126491E+02
          25    0.2067602975E+02    0.2018398739E+02   -0.9496978440E+02
          26    0.2107305348E+02    0.2050085161E+02    0.9706302275E+02
          27    0.2104334619E+02    0.2079715058E+02    0.9769247679E+02
          28    0.2105944088E+02    0.2072451707E+02    0.9735705556E+02
          29    0.2183886719E+02    0.2059447030E+02    0.1956361074E+03
          30    0.2105037126E+02    0.2072999229E+02    0.9679802777E+02
          31    0.2185175793E+02    0.2051100123E+02   -0.1954839972E+03
          32    0.2147212873E+02    0.2025878200E+02   -0.2309236409E+03
          33    0.2189830468E+02    0.2084796335E+02    0.1961290959E+03
          34    0.2184906791E+02    0.2050753195E+02    0.1951693748E+03
          35    0.2184356256E+02    0.2054217979E+02    0.1948632839E+03
          36    0.2104465144E+02    0.2073897309E+02    0.9651363245E+02
          37    0.2178251988E+02    0.2084427847E+02    0.1920723713E+03
          38    0.2167568999E+02    0.2076169782E+02   -0.2578277247E+03
          39    0.2180521705E+02    0.2068432227E+02   -0.1949343024E+03
          40    0.2184439740E+02    0.2109940545E+02    0.1929598315E+03
          41    0.2194317949E+02    0.2011363436E+02   -0.1962166065E+03
          42    0.2186222254E+02    0.2013001347E+02    0.1922892236E+03
          43    0.2161608060E+02    0.1958545806E+02   -0.2159355643E+03
          44    0.2173853248E+02    0.2094963368E+02    0.1911477496E+03
          45    0.2111129815E+02    0.2035182010E+02    0.9696621103E+02
          46    0.2175223662E+02    0.2093552455E+02   -0.1916979345E+03
          47    0.2179061058E+02    0.2075549025E+02    0.1913855586E+03
          48    0.2186566693E+02    0.2020912213E+02    0.1934785333E+03
          49    0.2194031124E+02    0.2011077535E+02   -0.1958974083E+03
          50    0.2179629107E+02    0.2071184786E+02    0.1943210260E+03
          51    0.2179530406E+02   -0.2071846954E+02    0.1936213272E+03
          52    0.2194994505E+02    0.2006527518E+02   -0.1957046433E+03
          53    0.2198018095E+02    0.2043981265E+02   -0.1958062692E+03
          54    0.2194706628E+02    0.2006249589E+02    0.1953863540E+03
          55    0.2199541597E+02    0.2035888053E+02   -0.1959103560E+03
          56    0.2173519358E+02   -0.2095950405E+02    0.1907193325E+03
          57    0.2168249339E+02    0.2022689522E+02   -0.1443390470E+03
          58    0.2174435577E+02    0.2096295515E+02    0.1911916453E+03
          59    0.2188794148E+02    0.2028015887E+02   -0.1947475865E+03
          60    0.2199244332E+02    0.2035560317E+02   -0.1955896317E+03
          61    0.2190331364E+02    0.2019984369E+02    0.1948800249E+03
          62    0.2198567113E+02    0.2038949270E+02    0.1951739731E+03
          63    0.2135156461E+02    0.2092080880E+02    0.9911805779E+02
          64    0.2047454100E+02    0.2027578685E+02   -0.9536453822E+02
          65    0.2178576676E+02    0.2073692443E+02    0.1935183436E+03
          66    0.2190050752E+02    0.2019684344E+02   -0.1945627651E+03
          67    0.2051755477E+02    0.1998605750E+02   -0.9597741986E+02
          68    0.2189382224E+02    0.2023074742E+02   -0.1941357308E+03
          69    0.2169504192E+02    0.2090590548E+02    0.1885195476E+03
          70    0.2189843153E+02    0.2016631349E+02   -0.1928940795E+03
          71    0.9081601701E+01   -0.2532975805E+02   -0.1169632673E+03
          72    0.2175966360E+02    0.2085373916E+02    0.1934589933E+03
          73    0.2194257165E+02    0.2052639277E+02    0.1947356977E+03
          74    0.2173496228E+02    0.2098779221E+02    0.1905036434E+03
          75    0.2171214851E+02    0.2110751259E+02    0.1907917458E+03
          76    0.2053120188E+02    0.1993434358E+02   -0.9576363389E+02
          77    0.2187732319E+02    0.2030740373E+02   -0.1939756075E+03
          78    0.2188177520E+02   -0.2031981344E+02   -0.1933145412E+03
          79    0.2052663447E+02    0.1995303071E+02   -0.9576886929E+02
          80    0.2044654527E+02    0.1998353784E+02    0.9564510118E+02
          81    0.2053214506E+02    0.1991684538E+02   -0.9556576356E+02
          82    0.2189234764E+02    0.2022714500E+02   -0.1940762275E+03
          83    0.2052563181E+02    0.1996241198E+02   -0.9553063054E+02
          84    0.2189812861E+02   -0.2024109906E+02   -0.1934090926E+03
          85    0.2178798048E+02    0.2051260383E+02    0.1900058186E+03
          86    0.2176599938E+02    0.2039565468E+02    0.1904527021E+03
          87    0.2088638136E+02    0.2001358260E+02    0.7726853639E+02
          88    0.2184896153E+02    0.2036484080E+02   -0.1934551730E+03
          89    0.2039892241E+02    0.1980860895E+02    0.7189340227E+02
          90    0.2202992766E+02    0.2090807513E+02   -0.8161096852E+02
          91    0.2058224935E+02    0.2001338301E+02   -0.1291805588E+03
          92    0.2188955407E+02    0.2022409601E+02   -0.1937597299E+03
          93    0.2189492016E+02   -0.2023747346E+02   -0.1931088746E+03
          94    0.2201864383E+02    0.2066811846E+02   -0.1941034662E+03
          95    0.2202372683E+02    0.2067496986E+02   -0.1940488478E+03
          96    0.2053273607E+02    0.1992218745E+02   -0.9550257616E+02
          97    0.2048191944E+02    0.2014725842E+02   -0.9482649613E+02
          98    0.2162187791E+02   -0.2062462230E+02   -0.5141468540E+03
          99    0.2051151934E+02    0.2003104584E+02   -0.9575476069E+02
         100    0.2188302222E+02    0.2025790545E+02    0.1933474496E+03
