Model_ID, [(c_i,i=0,n)_j,j=1,ntask]
           1    0.2543436499E+02    0.8907787414E+02    0.6395144668E+03
           2    0.2543428838E+02    0.8907672884E+02    0.6395403585E+03
           3    0.2515212667E+02    0.8955377457E+02    0.6455164873E+03
           4    0.2566842128E+02    0.9122566226E+02   -0.5718615879E+03
           5    0.2469506717E+02   -0.1082223894E+03   -0.7842766432E+02
           6    0.2092682587E+02    0.9386366114E+02    0.5212326186E+02
           7    0.2468465231E+02    0.9257060081E+02   -0.7576369103E+02
           8    0.2685263054E+02    0.1027004562E+03   -0.1290301645E+03
           9    0.2495417932E+02    0.9430723705E+02   -0.6869702338E+02
          10    0.2755887197E+02    0.1011228878E+03   -0.1217852619E+03
          11    0.2536048168E+02    0.8979142654E+02    0.1928777240E+03
          12    0.2544991043E+02    0.9084416811E+02   -0.7658770108E+02
          13    0.2576422563E+02    0.8694836734E+02    0.8479954335E+02
          14    0.2681958253E+02    0.8594545335E+02   -0.1875126326E+03
          15    0.2559450807E+02    0.8919868453E+02    0.1935643010E+03
          16    0.2585551585E+02    0.9043450034E+02   -0.9840981429E+02
          17    0.2820534971E+02    0.9999349378E+02   -0.1326117422E+03
          18    0.2574109976E+02    0.9100679719E+02   -0.1787443741E+03
          19    0.2560262043E+02    0.8858970857E+02    0.2660262510E+03
          20    0.2599719440E+02    0.9228422687E+02   -0.9008314847E+02
          21    0.2566014445E+02    0.9275930953E+02   -0.6911115318E+02
          22    0.2598719851E+02    0.9482190227E+02    0.6962630048E+02
          23    0.2469200543E+02    0.9201859880E+02    0.3284796038E+03
          24    0.2469232049E+02    0.9202011872E+02    0.3284457752E+03
          25    0.3505419161E+02   -0.5088577834E+02    0.9194646338E+02
          26    0.2638636861E+02    0.8743332155E+02    0.2003365270E+03
          27    0.3298324125E+02   -0.5755712245E+02    0.8803389603E+02
          28    0.2733804322E+02    0.1021250065E+03   -0.1374449700E+03
          29    0.5544587518E+02    0.5385003305E+02    0.4507425169E+02
          30    0.2539619240E+02    0.9145230602E+02   -0.7550978301E+02
          31    0.2514438986E+02    0.9046311443E+02    0.1145247098E+03
          32    0.2444416325E+02    0.9230527774E+02    0.1067053036E+03
          33    0.2523241144E+02    0.9105566394E+02    0.9838556515E+02
          34    0.2627651577E+02    0.8785404544E+02    0.1915679729E+03
          35    0.2534188714E+02    0.9012678920E+02   -0.1688217235E+03
          36    0.2535482533E+02    0.9078493597E+02    0.9794553535E+02
          37    0.2568482178E+02    0.8879337046E+02   -0.1627102772E+03
          38    0.2512837802E+02    0.9066469353E+02    0.1087011254E+03
          39    0.2519337116E+02    0.9141682568E+02   -0.7593095063E+02
          40    0.2428830276E+02    0.9298804824E+02    0.1026867532E+03
          41    0.2579196011E+02    0.9007794256E+02   -0.7483708514E+02
          42    0.2616277538E+02    0.8803633243E+02    0.1924215329E+03
          43    0.2522571281E+02    0.9134924784E+02   -0.7583326124E+02
          44    0.3435464406E+02    0.9427254469E+02   -0.5052562374E+02
          45    0.2624432638E+02    0.8110688386E+02   -0.8407339468E+03
          46    0.2626762761E+02    0.8992593667E+02   -0.1775683800E+03
          47    0.2538430013E+02    0.9102225295E+02   -0.7894768787E+02
          48    0.2525909959E+02    0.9128226901E+02   -0.7570797477E+02
          49    0.2502402350E+02    0.9082591777E+02    0.1092602434E+03
          50    0.2530698144E+02    0.9103822422E+02   -0.7865785923E+02
          51    0.2477330412E+02    0.9139523189E+02    0.1082010222E+03
          52    0.2499956058E+02    0.9188355474E+02   -0.7589242037E+02
          53    0.2532418142E+02    0.1019345822E+03   -0.7031086251E+02
          54    0.3411900467E+02    0.9393105175E+02   -0.5198630482E+02
          55    0.2554966528E+02    0.9259648912E+02   -0.8932105839E+02
          56    0.2515067435E+02    0.9117118311E+02    0.7904482369E+02
          57    0.2409259487E+02    0.9425995329E+02    0.2962557842E+03
          58    0.2409287245E+02    0.9426114274E+02    0.2962326234E+03
          59    0.2534015161E+02    0.8902509729E+02    0.3640604719E+03
          60    0.2535231019E+02    0.8998655495E+02    0.1143350647E+03
          61    0.2451954611E+02    0.9234896379E+02    0.3284149191E+03
          62    0.2451988808E+02    0.9235044961E+02    0.3283803090E+03
          63    0.2539034451E+02    0.9031121952E+02    0.5884701066E+02
          64    0.2633317082E+02    0.8754886411E+02    0.1919668308E+03
          65    0.2701061843E+02    0.9055187119E+02    0.7907091108E+02
          66    0.2604473831E+02   -0.1035196502E+03   -0.9393356900E+03
          67    0.2596553138E+02    0.9202681362E+02   -0.6767144707E+02
          68    0.2572616584E+02    0.8660243141E+02   -0.5219712493E+03
          69    0.2527439908E+02    0.9018589326E+02    0.1086810581E+03
          70    0.2560572008E+02    0.9077190912E+02   -0.7833820056E+02
          71    0.2387357570E+02    0.9328837434E+02    0.7326469790E+02
          72    0.2543134209E+02    0.9326038327E+02    0.6846912577E+02
          73    0.2584071163E+02    0.9432828384E+02   -0.5496205316E+02
          74    0.2545999630E+02    0.9319736231E+02   -0.6839533255E+02
          75    0.3560653160E+02    0.9312535265E+02   -0.4885921105E+02
          76    0.2532984386E+02    0.9021503723E+02    0.1083828161E+03
          77    0.2548944844E+02    0.9313426627E+02   -0.6830100173E+02
          78    0.2545044225E+02   -0.1079711721E+03   -0.1032316793E+03
          79    0.2731051717E+02    0.9839267348E+02    0.1780519429E+03
          80    0.2525647098E+02    0.9368041920E+02    0.6843754752E+02
          81    0.2696894740E+02    0.9174676160E+02   -0.5409406938E+02
          82    0.2515643923E+02    0.8763308335E+02    0.1844827384E+03
          83    0.2522800764E+02    0.9037426574E+02    0.1088972545E+03
          84    0.2469566691E+02    0.9011001418E+02   -0.2325470127E+03
          85    0.2469538257E+02    0.9010768679E+02    0.2325705965E+03
          86    0.2538246086E+02    0.8796753266E+02    0.1106479257E+03
          87    0.2467782121E+02    0.8959360238E+02    0.1170349764E+03
          88    0.2467855305E+02    0.9164118562E+02    0.1536855756E+03
          89    0.2484105201E+02    0.9120375119E+02    0.1091382769E+03
          90    0.2562469080E+02    0.9295789810E+02   -0.7057546077E+02
          91    0.2486014423E+02    0.9116612154E+02    0.1090390937E+03
          92    0.2563773669E+02    0.9116724345E+02   -0.7641738253E+02
          93    0.2638945708E+02    0.9309812903E+02   -0.5579322992E+02
          94    0.2487593004E+02    0.9113571636E+02    0.1089491373E+03
          95    0.2678341565E+02    0.9903754137E+02    0.1552838493E+03
          96    0.2551764634E+02    0.9085310710E+02   -0.7403104457E+02
          97    0.2557425477E+02    0.8668637923E+02    0.1740958178E+03
          98    0.2620174462E+02    0.8892702685E+02    0.1073524210E+03
          99    0.2556481252E+02    0.9208875873E+02   -0.6757809117E+02
         100    0.2489195834E+02    0.9110546555E+02    0.1088508186E+03
