        Rank        RMSE       MaxAE  Feature_ID
           1    8.923896   18.809270  (    1959   10013)
           2    8.949967   20.793206  (    1642   10013)
           3    8.963872   19.038614  (    8029   10013)
           4    9.003256   19.941006  (      10   10013)
           5    9.020455   23.613531  (    2615   10013)
           6    9.036796   20.504616  (    2753   10013)
           7    9.060108   27.064045  (     124   10775)
           8    9.086578   20.099806  (    1883   10013)
           9    9.105380   23.174502  (    6870   10214)
          10    9.107819   22.766489  (    3637   10013)
          11    9.121224   21.315111  (    4653   10047)
          12    9.145655   19.478465  (    1134   10013)
          13    9.146473   22.913714  (    2753   10431)
          14    9.147913   19.837908  (     272   10013)
          15    9.147941   22.901894  (    2753   10424)
          16    9.152658   21.093872  (    4653   10037)
          17    9.152844   21.022150  (    4653   10040)
          18    9.158226   19.823668  (     328   10013)
          19    9.158345   17.183131  (    9741   10013)
          20    9.160674   21.593355  (    4653   10061)
          21    9.163964   20.999505  (    4653   10045)
          22    9.171761   20.488013  (    7013   12187)
          23    9.173365   18.244113  (    5266   10013)
          24    9.178518   20.820879  (    4653   10029)
          25    9.180333   21.153814  (    1642   12757)
          26    9.181998   20.984096  (    4653   10051)
          27    9.184182   23.642023  (    4673   10013)
          28    9.190713   22.793524  (    6870   10012)
          29    9.193951   20.874552  (    1934   10013)
          30    9.207122   24.727855  (    6812   10775)
          31    9.212121   20.760955  (    4653   10025)
          32    9.212323   21.126640  (    1642   11744)
          33    9.213731   21.557527  (      10   10009)
          34    9.215958   27.248091  (     124   10214)
          35    9.219026   21.243476  (    4653   10076)
          36    9.220413   22.754247  (    6870   10775)
          37    9.224707   23.170490  (    3637   10009)
          38    9.231301   21.927071  (    4653   10012)
          39    9.242195   20.975251  (    4653   10067)
          40    9.247842   28.771022  (    9504   10012)
          41    9.254822   23.575534  (    1934   10431)
          42    9.255356   19.669921  (    7013   10300)
          43    9.256342   23.564226  (    1934   10424)
          44    9.260255   19.562922  (     272   10009)
          45    9.263997   22.193620  (    7013   12615)
          46    9.268976   21.382343  (    4653   10103)
          47    9.269900   20.639157  (     272   10431)
          48    9.271602   17.142957  (    9927   10013)
          49    9.271978   20.633869  (     272   10424)
          50    9.274136   20.383509  (    1642   10009)
          51    9.282280   19.475738  (    1122   10013)
          52    9.286181   19.535537  (     328   10009)
          53    9.289836   25.022716  (    6812   10214)
          54    9.293851   21.858657  (    4653   10003)
          55    9.295343   25.390039  (    2657   10013)
          56    9.297807   20.613046  (     328   10431)
          57    9.299638   18.133297  (     504   10013)
          58    9.299860   20.607769  (     328   10424)
          59    9.312320   23.480180  (    2753   10009)
          60    9.313688   27.387943  (     733   10775)
          61    9.314275   19.097917  (    5089   10013)
          62    9.320416   20.045134  (    4219   10013)
          63    9.322307   25.041431  (    4630   10775)
          64    9.324306   19.907804  (    8311   10013)
          65    9.325305   20.430809  (    1883   12757)
          66    9.326307   18.609923  (    1959   10009)
          67    9.328347   25.004360  (    9124   10013)
          68    9.332832   18.489711  (      68   10012)
          69    9.337311   17.987406  (    7066   10013)
          70    9.343486   26.644531  (    2954   10013)
          71    9.343627   21.364846  (    2331   19579)
          72    9.347208   22.710868  (    4673   10431)
          73    9.347622   22.696866  (    4673   10424)
          74    9.350340   23.648511  (    2615   10009)
          75    9.352127   25.228628  (    7862   10775)
          76    9.354307   29.537464  (    9504   10037)
          77    9.354801   20.405709  (    1883   11744)
          78    9.358396   25.167729  (    7467   10775)
          79    9.359822   20.837289  (    4653   10070)
          80    9.360535   20.119635  (     777   10013)
          81    9.360791   27.385245  (     261   10012)
          82    9.360972   22.797556  (    7013   19197)
          83    9.361979   19.655534  (    5704   10013)
          84    9.366972   22.611844  (    2753   10176)
          85    9.367442   19.202432  (    7722   10013)
          86    9.374845   22.447706  (      68   10003)
          87    9.379750   21.189039  (    4653   10202)
          88    9.380388   22.592075  (    2615   10431)
          89    9.380606   19.686653  (    1883   10009)
          90    9.380639   22.597034  (    2615   10424)
          91    9.381753   24.056653  (    1934   10009)
          92    9.381908   19.647236  (    8799   10013)
          93    9.383419   22.699331  (    4653   10026)
          94    9.387580   19.782102  (    1134   12757)
          95    9.388568   24.968920  (    1977   10013)
          96    9.391848   25.541316  (    7862   10214)
          97    9.392861   23.871804  (    9401   10013)
          98    9.395144   29.554023  (    9504   10040)
          99    9.395881   19.804479  (    1959   12757)
         100    9.396348   19.478716  (    1959   11744)
