      rank       #data_overlap        size_overlap          feature_ID
         1                   9             0.03205   (      22    1011)
         2                  10             0.10625   (      17    1181)
         3                  11             0.03569   (       2    1743)
         4                  11             0.03775   (      22     631)
         5                  11             0.03775   (      22    1024)
         6                  11             0.04534   (       2    1011)
         7                  11             0.04794   (      22    1255)
         8                  11             0.08058   (       1    1743)
         9                  12             0.03887   (       2    1328)
        10                  12             0.03970   (       2     631)
        11                  12             0.03970   (       2     684)
        12                  12             0.03970   (       2    1024)
        13                  12             0.03970   (       2    1254)
        14                  12             0.03970   (       2    1327)
        15                  12             0.03976   (      22    1743)
        16                  12             0.04003   (      76     631)
        17                  12             0.04003   (      76    1024)
        18                  12             0.04149   (      67     631)
        19                  12             0.04149   (      67    1024)
        20                  12             0.04156   (      31     631)
        21                  12             0.04156   (      31    1024)
        22                  12             0.04166   (      74     631)
        23                  12             0.04166   (      74    1024)
        24                  12             0.04166   (      32     631)
        25                  12             0.04166   (      32    1024)
        26                  12             0.04373   (      22    1328)
        27                  12             0.04487   (      22     684)
        28                  12             0.04487   (      22    1254)
        29                  12             0.04487   (      22    1327)
        30                  12             0.04653   (      23     631)
        31                  12             0.04653   (      23    1024)
        32                  12             0.05008   (      22    1034)
        33                  12             0.05115   (      22    1033)
        34                  12             0.05319   (      22    1005)
        35                  12             0.05629   (      22    1870)
        36                  12             0.05657   (      21     631)
        37                  12             0.05657   (      21    1024)
        38                  12             0.05981   (      22    1228)
        39                  12             0.08455   (      21    1937)
        40                  12             0.09478   (       1     631)
        41                  12             0.09478   (       1    1024)
        42                  12             0.10993   (      35     272)
        43                  13             0.02876   (      63     631)
        44                  13             0.02876   (      62     631)
        45                  13             0.02876   (      62    1024)
        46                  13             0.03314   (      61    1024)
        47                  13             0.03314   (      61     631)
        48                  13             0.03875   (      22    1279)
        49                  13             0.03963   (     135     631)
        50                  13             0.03963   (     135    1024)
        51                  13             0.04091   (      29    1256)
        52                  13             0.04166   (      75    1024)
        53                  13             0.04166   (      72     631)
        54                  13             0.04166   (      65    1024)
        55                  13             0.04166   (      75     631)
        56                  13             0.04166   (      66     631)
        57                  13             0.04166   (      54    1024)
        58                  13             0.04166   (      66    1024)
        59                  13             0.04166   (      54     631)
        60                  13             0.04166   (      72    1024)
        61                  13             0.04252   (      71    1024)
        62                  13             0.04283   (      69     631)
        63                  13             0.04283   (      69    1024)
        64                  13             0.04620   (      22    1241)
        65                  13             0.04964   (      22    1246)
        66                  13             0.05011   (      22    1242)
        67                  13             0.05483   (      22    1721)
        68                  13             0.06082   (      23    1256)
        69                  13             0.06176   (      22    1179)
        70                  13             0.06304   (      31    1870)
        71                  13             0.06367   (      23     220)
        72                  13             0.06367   (      23    1179)
        73                  13             0.06516   (      22    1243)
        74                  13             0.06516   (      22    1229)
        75                  13             0.06580   (      22    1232)
        76                  13             0.06635   (      23    1937)
        77                  13             0.06794   (      22    1319)
        78                  13             0.07821   (      22    1116)
        79                  13             0.08378   (      34    1256)
        80                  13             0.08718   (      34     631)
        81                  13             0.08718   (      34    1024)
        82                  13             0.08767   (      22    1324)
        83                  13             0.09408   (      58     631)
        84                  13             0.09433   (      21    1179)
        85                  13             0.09616   (      21     266)
        86                  13             0.09616   (      21    1765)
        87                  13             0.10509   (      58    1256)
        88                  13             0.10716   (      35    1765)
        89                  13             0.10850   (      35     548)
        90                  13             0.10993   (      35    1766)
        91                  13             0.10993   (      35      84)
        92                  13             0.10993   (      35     550)
        93                  13             0.10993   (      35     271)
        94                  13             0.10993   (      35     275)
        95                  13             0.10993   (      35    1182)
        96                  13             0.10993   (      35    1759)
        97                  13             0.10993   (      35    1760)
        98                  13             0.10993   (      35    1740)
        99                  13             0.10993   (      35    1742)
       100                  13             0.10993   (      35    1756)
