Model_ID, [(c_i,i=0,n)_j,j=1,ntask]
           1    0.1373099208E+02    0.7762063800E+02
           2    0.6209969533E+02    0.5951789823E+02
           3    0.6278056558E+02    0.6046506477E+02
           4    0.1152478875E+02    0.9423920430E+02
           5    0.1125281936E+02    0.6960718913E+02
           6    0.4332805001E+02    0.3311628059E+02
           7    0.6312160190E+02    0.6005582920E+02
           8    0.6363546756E+02    0.6134463204E+02
           9    0.2151202174E+02    0.5230047354E+02
          10    0.1147389270E+02    0.6680408814E+02
          11    0.1229958108E+02    0.6241020480E+02
          12    0.2058576260E+02    0.5284461918E+02
          13    0.1134742168E+02    0.6908842911E+02
          14    0.2084379972E+02    0.5272048621E+02
          15    0.1986360382E+02    0.5419750296E+02
          16    0.6312244213E+02    0.6183061319E+02
          17    0.1190811699E+02    0.6269687719E+02
          18    0.1960197290E+02    0.3294042289E+02
          19    0.2057338353E+02    0.5359824930E+02
          20    0.2056390717E+02    0.5360877846E+02
          21    0.2082677822E+02    0.5326889368E+02
          22    0.6299630703E+02    0.6024938786E+02
          23    0.2251377485E+02    0.5086774185E+02
          24    0.1197738576E+02    0.6263002369E+02
          25    0.1940982731E+02   -0.5446626870E+02
          26    0.2099618574E+02    0.5301463783E+02
          27    0.6291917538E+02    0.6009836960E+02
          28    0.2044350768E+02   -0.5372400334E+02
          29    0.2099733988E+02    0.5290378653E+02
          30    0.2043529295E+02    0.5373026003E+02
          31    0.1932656618E+02    0.5446315370E+02
          32    0.1102766890E+02    0.6341224111E+02
          33    0.1199398869E+02    0.6220219513E+02
          34    0.2001898614E+02    0.5354692723E+02
          35    0.6283968047E+02    0.5994009171E+02
          36    0.2029637574E+02    0.5253015460E+02
          37    0.2147529359E+02    0.5333156205E+02
          38    0.2034079048E+02    0.5377751713E+02
          39    0.1153471933E+02    0.6638747077E+02
          40    0.2236838210E+02    0.5108612250E+02
          41    0.1634371629E+02    0.6350367635E+02
          42    0.2082418920E+02   -0.7039307030E+02
          43    0.2123891590E+02    0.5339983557E+02
          44    0.2018638223E+02    0.5315849749E+02
          45    0.1989647566E+02    0.3271310361E+02
          46    0.1218117433E+02    0.6238325889E+02
          47    0.2217042427E+02    0.5120268621E+02
          48    0.1192854324E+02    0.6216530095E+02
          49    0.2153870289E+02   -0.5202911396E+02
          50    0.2194337389E+02    0.5126807063E+02
          51    0.2129766910E+02   -0.5212021001E+02
          52    0.4528973687E+02    0.3682156534E+02
          53    0.1103969558E+02    0.6313449023E+02
          54    0.2187344843E+02    0.5164392895E+02
          55    0.2048758142E+02    0.5342026655E+02
          56    0.1200864300E+02    0.6192058595E+02
          57    0.2329006406E+02    0.4980877951E+02
          58    0.1113907968E+02    0.6306121254E+02
          59    0.2164015744E+02    0.5172021554E+02
          60    0.2005826457E+02   -0.5459639697E+02
          61    0.6268946540E+02    0.6056351133E+02
          62    0.2150589444E+02    0.5216156390E+02
          63    0.2054532042E+02    0.5152562899E+02
          64    0.1392397929E+02    0.2965266755E+02
          65    0.2182511194E+02    0.5143182617E+02
          66    0.1195403958E+02    0.6203931451E+02
          67    0.4236543611E+02    0.4049501203E+02
          68    0.1506713911E+02    0.6390807311E+02
          69    0.2151618052E+02    0.5149696090E+02
          70    0.2146993016E+02    0.5217217605E+02
          71    0.2008158453E+02   -0.5490065377E+02
          72    0.2154279390E+02    0.5209216995E+02
          73    0.2122749378E+02    0.5226530818E+02
          74    0.1422001926E+02    0.5918409613E+02
          75    0.2156200482E+02    0.5206207745E+02
          76    0.2130209512E+02    0.5218194381E+02
          77    0.2037967723E+02    0.5353312876E+02
          78    0.6281303079E+02    0.5869029040E+02
          79    0.2158142507E+02    0.5203143773E+02
          80    0.2132171286E+02    0.5215116417E+02
          81    0.1171011299E+02    0.6245490844E+02
          82    0.1725899377E+02    0.6117886004E+02
          83    0.2134154237E+02    0.5211983613E+02
          84    0.1903875259E+02    0.5480613586E+02
          85    0.2166222470E+02    0.5193095121E+02
          86    0.2061587322E+02    0.5126959118E+02
          87    0.2136906763E+02    0.5206896449E+02
          88    0.2010870377E+02   -0.5420355895E+02
          89    0.4262204548E+02   -0.3587653368E+02
          90    0.2142417921E+02    0.5201592536E+02
          91    0.2011484116E+02   -0.5494636704E+02
          92    0.2069455981E+02    0.4349082481E+02
          93    0.1383805121E+02   -0.6690447442E+02
          94    0.2069952756E+02    0.5405533794E+02
          95    0.2011350440E+02    0.5398250753E+02
          96    0.1147914603E+02    0.6263741873E+02
          97    0.1792103651E+02    0.2741586582E+02
          98    0.2017755554E+02    0.5384601708E+02
          99    0.1883785280E+02    0.3812675703E+02
         100    0.1846461029E+02    0.3815863172E+02
