        Rank        RMSE       MaxAE  Feature_ID
           1   12.182848   28.414734  (       1)
           2   12.433708   28.136556  (       2)
           3   12.612899   28.509918  (       3)
           4   12.779758   29.658082  (       4)
           5   12.808261   30.104706  (       5)
           6   12.824718   30.895635  (       6)
           7   12.838752   28.983818  (       7)
           8   12.868014   29.079259  (       8)
           9   12.884028   29.988470  (       9)
          10   12.907897   28.121428  (      10)
          11   12.916634   30.458771  (      11)
          12   12.917769   30.527489  (      12)
          13   12.921756   29.949704  (      13)
          14   12.922050   30.357791  (      14)
          15   12.928053   30.286871  (      15)
          16   12.941188   28.408455  (      16)
          17   12.942713   30.217965  (      17)
          18   12.944654   29.172903  (      18)
          19   12.945356   30.003549  (      19)
          20   12.946172   30.005532  (      20)
          21   12.946533   29.984539  (      21)
          22   12.948096   28.795682  (      22)
          23   12.954478   30.006317  (      23)
          24   12.957788   30.252100  (      24)
          25   12.962974   30.549381  (      25)
          26   12.963686   29.996072  (      26)
          27   12.965115   28.767580  (      27)
          28   12.965440   30.043932  (      28)
          29   12.967141   30.073805  (      29)
          30   12.967524   30.047694  (      30)
          31   12.970012   30.634859  (      31)
          32   12.974122   29.713471  (      32)
          33   12.974370   30.043861  (      33)
          34   12.982223   30.594469  (      34)
          35   12.983663   28.739472  (      35)
          36   13.001140   31.040664  (      36)
          37   13.002778   29.291426  (      37)
          38   13.003314   30.108566  (      38)
          39   13.004074   28.304834  (      39)
          40   13.006107   29.996299  (      40)
          41   13.008310   32.258864  (      41)
          42   13.011060   32.258183  (      42)
          43   13.012071   29.479217  (      43)
          44   13.012427   30.703498  (      44)
          45   13.016738   29.154058  (      45)
          46   13.020881   30.326203  (      46)
          47   13.033391   30.111305  (      47)
          48   13.040457   29.959026  (      48)
          49   13.040506   30.154901  (      49)
          50   13.041749   30.291825  (      50)
          51   13.043523   30.331106  (      51)
          52   13.045587   30.150419  (      52)
          53   13.045871   29.579528  (      53)
          54   13.045878   30.094271  (      54)
          55   13.046727   30.216012  (      55)
          56   13.047561   29.910518  (      56)
          57   13.049114   29.983636  (      57)
          58   13.050992   29.640402  (      58)
          59   13.052031   30.273273  (      59)
          60   13.053918   29.808338  (      60)
          61   13.055239   28.386856  (      61)
          62   13.057216   30.093452  (      62)
          63   13.058077   31.506587  (      63)
          64   13.058960   27.484337  (      64)
          65   13.061067   30.293550  (      65)
          66   13.061486   29.918311  (      66)
          67   13.061489   35.158293  (      67)
          68   13.063995   33.898852  (      68)
          69   13.065374   30.556129  (      69)
          70   13.065645   30.121864  (      70)
          71   13.066429   29.568495  (      71)
          72   13.067439   30.105936  (      72)
          73   13.068354   30.298023  (      73)
          74   13.068416   30.683753  (      74)
          75   13.070127   30.108141  (      75)
          76   13.070857   30.282748  (      76)
          77   13.072092   30.243598  (      77)
          78   13.072445   29.118584  (      78)
          79   13.072947   30.110525  (      79)
          80   13.073682   30.285034  (      80)
          81   13.074404   29.892797  (      81)
          82   13.075582   29.958838  (      82)
          83   13.076639   30.287499  (      83)
          84   13.078178   30.678590  (      84)
          85   13.079575   30.101236  (      85)
          86   13.079805   31.618243  (      86)
          87   13.080911   30.296177  (      87)
          88   13.081474   30.037461  (      88)
          89   13.082039   31.604452  (      89)
          90   13.083983   30.278810  (      90)
          91   13.084438   29.502706  (      91)
          92   13.085391   29.584721  (      92)
          93   13.088640   31.389512  (      93)
          94   13.091735   29.552119  (      94)
          95   13.095132   30.189972  (      95)
          96   13.095930   29.757747  (      96)
          97   13.096656   29.603753  (      97)
          98   13.097786   30.223053  (      98)
          99   13.099007   30.702360  (      99)
         100   13.100165   31.042847  (     100)
