The coordinates (x,y) of 2D-vertices arranged in clockwise direction
Task :    1
Hull    1
   -0.1786000000E+00    0.7887811546E+00
   -0.8010000000E-01    0.1150270631E+01
    0.9791000000E+00    0.1199984960E+01
    0.1000000000E+01    0.1041772080E+01
    0.1000000000E+01    0.8137883600E+00
    0.9735000000E+00    0.7333261016E+00
    0.6677000000E+00    0.3326058813E+00
    0.4429000000E+00    0.9411762299E-01
    0.3214000000E+00    0.2936600303E-01
    0.1543000000E+00    0.0000000000E+00
    0.0000000000E+00    0.0000000000E+00
   -0.1094000000E+00    0.4514276842E+00
Hull    2
    0.3584000000E+00    0.1162657843E+00
    0.7657000000E+00    0.6994023632E+00
    0.1807100000E+01    0.9573879925E+00
    0.1206800000E+01    0.3521181032E+00
    0.4501000000E+00    0.5080566764E-01
    0.3778000000E+00    0.3576337160E-01
