Model_ID, [(c_i,i=0,n)_j,j=1,ntask]
           1    0.5809507079E+02    0.3795962047E+02    0.2148830535E+03
           2    0.6134999403E+02   -0.4336930650E+02    0.2245176943E+03
           3    0.5682811026E+02    0.3791481291E+02    0.2075600548E+03
           4    0.5817474147E+02   -0.3864985180E+02   -0.2197857160E+03
           5    0.5591134542E+02    0.3410770515E+02   -0.2154444223E+03
           6    0.5876539606E+02   -0.3881686069E+02   -0.2250686760E+03
           7    0.6052254375E+02   -0.4291915795E+02    0.2163872297E+03
           8    0.5630709331E+02   -0.3598416515E+02   -0.2130698101E+03
           9    0.6286838344E+02   -0.6527146579E+02    0.2031528244E+03
          10    0.6416459880E+02   -0.4829597810E+02    0.2326960765E+03
          11    0.5683738739E+02    0.3600983709E+02   -0.2181893705E+03
          12    0.5552364309E+02   -0.3174797763E+02    0.2285439892E+03
          13    0.6325763145E+02   -0.4795845446E+02    0.2235649246E+03
          14    0.5993657183E+02   -0.4317431889E+02    0.2148012618E+03
          15    0.6637647834E+02   -0.6748647985E+02    0.2160724445E+03
          16    0.5714373797E+02   -0.3979474874E+02    0.2018956327E+03
          17    0.5537608212E+02   -0.3356101169E+02   -0.2117798448E+03
          18    0.5921233131E+02   -0.4281910468E+02    0.2082188674E+03
          19    0.5735159026E+02   -0.3717933726E+02    0.2080101289E+03
          20    0.6636469310E+02   -0.6685238650E+02    0.2173020346E+03
          21    0.6513258306E+02   -0.2641175547E+02    0.2184938135E+03
          22    0.5527512682E+02    0.3213888131E+02    0.2257828372E+03
          23    0.5778195764E+02    0.3997365236E+02    0.2079848847E+03
          24    0.5732455353E+02    0.3663447445E+02    0.2080656495E+03
          25    0.6614360280E+02   -0.5134775914E+02    0.2191666302E+03
          26    0.5734695161E+02    0.3663755148E+02    0.2082738016E+03
          27    0.6627882069E+02   -0.6870102358E+02    0.2125148974E+03
          28    0.6658954394E+02   -0.5063149531E+02    0.2336660485E+03
          29    0.7086834048E+02   -0.2201663657E+02   -0.2311750224E+03
          30    0.5645405213E+02   -0.3285196885E+02   -0.2248328812E+03
          31    0.5736815600E+02    0.3664095725E+02   -0.2084426801E+03
          32    0.5740253831E+02    0.3639677033E+02    0.2092156436E+03
          33    0.5727673091E+02    0.3687960864E+02    0.2068523190E+03
          34    0.5725448647E+02    0.3742031146E+02    0.1927540366E+03
          35    0.5616375100E+02   -0.3719424671E+02    0.2019885116E+03
          36    0.8275513327E+02    0.6311086101E+02    0.2004385114E+03
          37    0.5932281845E+02    0.4295658430E+02    0.2054260495E+03
          38    0.5890640843E+02    0.3983489072E+02    0.2118349423E+03
          39    0.5579166474E+02   -0.3155920149E+02    0.2313575817E+03
          40    0.5818763581E+02   -0.3960395408E+02    0.2044151258E+03
          41    0.6303025165E+02   -0.6769014615E+02    0.2907763860E+03
          42    0.5811835246E+02   -0.3477726448E+02   -0.2321652686E+03
          43    0.6445338649E+02   -0.6503453236E+02    0.2940458025E+03
          44    0.7098064585E+02   -0.2210166613E+02   -0.2326518772E+03
          45    0.6614096946E+02   -0.2379994431E+02    0.2022356918E+03
          46    0.5615886026E+02   -0.3335273860E+02   -0.2185394805E+03
          47    0.6037282652E+02   -0.4168370276E+02    0.2159597454E+03
          48    0.6183548573E+02   -0.4773406633E+02    0.2137508846E+03
          49    0.6629769478E+02   -0.2330707603E+02    0.2180237809E+03
          50    0.6034813994E+02   -0.4197951802E+02    0.2148373575E+03
          51    0.5587158841E+02   -0.3466172072E+02   -0.2128221310E+03
          52    0.6038823705E+02   -0.4167628741E+02    0.2159883450E+03
          53    0.6085989549E+02    0.4120089319E+02   -0.1714709225E+03
          54    0.8218502601E+02   -0.6131074171E+02    0.1966647569E+03
          55    0.6040236689E+02   -0.4166916793E+02   -0.2159754646E+03
          56    0.5770269679E+02   -0.3825511430E+02    0.2040438068E+03
          57    0.5836474366E+02    0.3840851507E+02    0.2108484091E+03
          58    0.6041309854E+02   -0.4137410640E+02    0.2166450440E+03
          59    0.2061720037E+02    0.7710439021E+02    0.2959770557E+03
          60    0.5722188657E+02   -0.3164047122E+02   -0.2327366174E+03
          61    0.5785142767E+02   -0.3548437377E+02   -0.2253604812E+03
          62    0.6809841083E+02    0.4673850101E+02   -0.4811944873E+03
          63    0.6527119677E+02   -0.6297416853E+02    0.1886492297E+03
          64    0.5783375786E+02   -0.3703527706E+02    0.2233799351E+03
          65    0.5968112886E+02   -0.4137171966E+02   -0.2093359379E+03
          66    0.5418164650E+02    0.3119188843E+02    0.2215040575E+03
          67    0.5396817907E+02    0.3132814753E+02    0.2227618240E+03
          68    0.5765041962E+02   -0.3848264831E+02   -0.2027131356E+03
          69    0.5960296976E+02   -0.4164271418E+02    0.2076965537E+03
          70    0.6608827457E+02    0.3449589991E+02    0.2099914142E+03
          71    0.5826443198E+02    0.3862799287E+02    0.2089837899E+03
          72    0.5964425598E+02   -0.4134807750E+02    0.2087961903E+03
          73    0.6261496645E+02   -0.4793725494E+02    0.2211191700E+03
          74    0.5761782992E+02   -0.3846467850E+02    0.2022415739E+03
          75    0.5832169135E+02   -0.3855761826E+02   -0.2215026433E+03
          76    0.5761055740E+02   -0.3692496537E+02   -0.2196303765E+03
          77    0.6660453940E+02    0.3787524181E+02    0.1957543902E+03
          78    0.5827873702E+02    0.3862085980E+02    0.2089847972E+03
          79    0.5786768530E+02   -0.3699713136E+02    0.2237714192E+03
          80    0.6622837858E+02   -0.7540602300E+02   -0.2510937537E+03
          81    0.5769447666E+02   -0.3170126396E+02   -0.2371850334E+03
          82    0.5617457985E+02   -0.3280847506E+02   -0.2210139797E+03
          83    0.5758420398E+02   -0.3844719258E+02    0.2017335218E+03
          84    0.8207260630E+02    0.6202248396E+02    0.2706655482E+03
          85    0.5960635329E+02   -0.4132492822E+02    0.2082192776E+03
          86    0.6150186692E+02    0.4137353784E+02   -0.1755226151E+03
          87    0.5659438018E+02   -0.3139955287E+02    0.2282568029E+03
          88    0.5967096800E+02   -0.4105545945E+02    0.2094179307E+03
          89    0.5829179043E+02    0.3861407153E+02   -0.2089454345E+03
          90    0.6624697564E+02   -0.7538999204E+02   -0.2523727661E+03
          91    0.5671373027E+02   -0.3597631033E+02   -0.2031019188E+03
          92    0.6880014414E+02    0.4522712498E+02   -0.4698199948E+03
          93    0.6605203352E+02   -0.6899279552E+02    0.2096268647E+03
          94    0.6029779308E+02   -0.4251976314E+02    0.1986606709E+03
          95    0.5556856022E+02   -0.3054142003E+02   -0.2235061699E+03
          96    0.6742241729E+02    0.4559446400E+02   -0.5832477045E+03
          97    0.6712314044E+02   -0.7811595064E+02   -0.1924902168E+03
          98    0.5370736442E+02    0.3176892919E+02    0.2199758282E+03
          99    0.6710854381E+02    0.4491395618E+02    0.2290656950E+03
         100    0.5667504365E+02   -0.3595191554E+02    0.2024572562E+03
