Model_ID, [(c_i,i=0,n)_j,j=1,ntask]
           1    0.3157961202E+03    0.2363507820E+03    0.4254724774E+03
           2    0.3938311846E+03    0.2825494485E+03   -0.4743241238E+03
           3    0.3186682176E+03    0.2327777943E+03    0.4198682231E+03
           4    0.3610502053E+03    0.3225190843E+03   -0.8632582055E+03
           5    0.3082933444E+03    0.2217504410E+03   -0.1349136963E+04
           6    0.4004458558E+03    0.3042686776E+03   -0.4661300278E+03
           7    0.3791917937E+03   -0.2512239022E+03    0.9452824839E+03
           8    0.3292476511E+03    0.2660921091E+03   -0.6229820790E+03
           9    0.3979129317E+03    0.2804948155E+03    0.3456807665E+03
          10    0.3112125749E+03    0.2187007979E+03   -0.1333862678E+04
          11    0.3603505859E+03    0.3083089449E+03   -0.8407812145E+03
          12    0.3337180939E+03    0.2616541726E+03    0.7335326469E+03
          13    0.4095639358E+03    0.3136889537E+03    0.8471787968E+03
          14    0.3167355815E+03    0.2287468008E+03    0.1180544018E+04
          15    0.3559475988E+03    0.1196698320E+03   -0.8677281646E+03
          16    0.3276247877E+03    0.2715756160E+03    0.6426493823E+03
          17    0.3214103065E+03    0.2322043702E+03   -0.5006993765E+03
          18    0.3535479957E+03    0.2997344623E+03    0.5966181278E+03
          19    0.3098733941E+03    0.2284480243E+03   -0.1093451393E+04
          20    0.3601019214E+03    0.3074181273E+03   -0.8236550716E+03
          21    0.3662197005E+03   -0.1495494687E+03    0.4310032774E+03
          22    0.3139208022E+03    0.2318947770E+03    0.1176524427E+04
          23    0.3907851753E+03    0.2773207349E+03   -0.4535566135E+03
          24    0.3274645882E+03    0.2710937987E+03   -0.6392122899E+03
          25    0.3159534290E+03    0.2330318389E+03   -0.4434184797E+03
          26    0.3278853824E+03    0.2701915711E+03   -0.6401228188E+03
          27    0.3274409457E+03    0.2711101071E+03   -0.6389147912E+03
          28    0.3274171227E+03    0.2711260967E+03   -0.6386043918E+03
          29    0.3658672624E+03    0.7858198487E+02    0.8538762797E+03
          30    0.3280707770E+03    0.2697566392E+03    0.6396759588E+03
          31    0.3688386585E+03    0.1240745731E+03    0.4352344905E+03
          32    0.4059596835E+03    0.2940888277E+03    0.3875427872E+03
          33    0.3627363297E+03    0.3032706669E+03   -0.8527480858E+03
          34    0.3269586067E+03    0.2719594103E+03   -0.6350247215E+03
          35    0.3280498679E+03    0.2737969803E+03   -0.4948717659E+03
          36    0.3637684537E+03    0.2965850283E+03    0.4124699068E+03
          37    0.3264346508E+03    0.2726726495E+03   -0.6344804171E+03
          38    0.3127024976E+03    0.2251649955E+03   -0.1083893878E+04
          39    0.3578866264E+03    0.1530215682E+03   -0.8920463932E+03
          40    0.3910113273E+03    0.2772010057E+03   -0.4550357435E+03
          41    0.3910104838E+03   -0.2771928479E+03   -0.4549947783E+03
          42    0.3910096395E+03    0.2771846871E+03   -0.4549538129E+03
          43    0.3745104964E+03    0.3320284886E+03    0.4377172102E+03
          44    0.3267197374E+03    0.2722985107E+03   -0.6317192872E+03
          45    0.3556857257E+03    0.1201408347E+03   -0.8408653937E+03
          46    0.3508374304E+03    0.1314026345E+03   -0.8193332877E+03
          47    0.3599248984E+03    0.3066940674E+03    0.8068511367E+03
          48    0.3624663284E+03    0.3126012064E+03   -0.8751780001E+03
          49    0.3568281547E+03    0.1178213331E+03    0.8681246392E+03
          50    0.3155359321E+03   -0.2008976792E+03   -0.6537430362E+03
          51    0.3157795778E+03   -0.2005557331E+03   -0.6554359052E+03
          52    0.3721685137E+03    0.2513121714E+03    0.8420433552E+03
          53    0.3151698694E+03   -0.2003132669E+03   -0.6506936105E+03
          54    0.3156214651E+03   -0.2010049624E+03   -0.6543913897E+03
          55    0.3154128122E+03   -0.1999729876E+03   -0.6523655290E+03
          56    0.3158652669E+03   -0.2006627306E+03   -0.6560902701E+03
          57    0.3711968112E+03    0.2458413348E+03    0.8356853978E+03
          58    0.3260482307E+03    0.2730011593E+03   -0.6284967491E+03
          59    0.4079015095E+03    0.3145851193E+03    0.9011903756E+03
          60    0.3590037200E+03    0.1187868174E+03   -0.8462942634E+03
          61    0.3626508745E+03    0.3133282779E+03   -0.8718404230E+03
          62    0.3253556325E+03    0.2653959092E+03    0.5952070266E+03
          63    0.3626598149E+03    0.3132865701E+03   -0.8714154884E+03
          64    0.3568985153E+03    0.1176962955E+03    0.8665167819E+03
          65    0.3552119449E+03    0.1150280153E+03   -0.8236203335E+03
          66    0.3621441270E+03    0.3152353074E+03    0.8736980204E+03
          67    0.3622048151E+03    0.3131757389E+03    0.8739812773E+03
          68    0.3117974166E+03   -0.2046721338E+03    0.6173642250E+03
          69    0.3121539962E+03   -0.2052736607E+03    0.6200547502E+03
          70    0.3241248757E+03    0.2286679386E+03   -0.4912690215E+03
          71    0.3623357227E+03    0.3134290572E+03    0.8735960896E+03
          72    0.3622077172E+03    0.3149473539E+03    0.8730190764E+03
          73    0.3624976868E+03    0.3136486322E+03   -0.8727881168E+03
          74    0.3624950869E+03    0.3136537723E+03    0.8727905002E+03
          75    0.3122375254E+03   -0.2053834823E+03    0.6206063996E+03
          76    0.3624755067E+03    0.3136927203E+03    0.8727926834E+03
          77    0.3574561981E+03    0.1174306598E+03   -0.8640473243E+03
          78    0.3624561559E+03    0.3137316325E+03   -0.8727667833E+03
          79    0.3624536206E+03    0.3137367626E+03    0.8727612692E+03
          80    0.3160423963E+03   -0.1993780774E+03    0.6538745174E+03
          81    0.3276062386E+03    0.2746617397E+03   -0.5731322303E+03
          82    0.3162942384E+03   -0.1997041055E+03   -0.6557438570E+03
          83    0.3638358571E+03   -0.1471222438E+03    0.4270121031E+03
          84    0.3756181264E+03    0.2549358158E+03    0.9003336370E+03
          85    0.3162707257E+03   -0.1997222859E+03   -0.6555651314E+03
          86    0.3912146143E+03    0.2769699585E+03   -0.4563591702E+03
          87    0.3187814240E+03    0.2295156783E+03   -0.4361303049E+03
          88    0.3162470342E+03   -0.1997402173E+03   -0.6553731039E+03
          89    0.3159260908E+03   -0.1991262505E+03   -0.6526422849E+03
          90    0.3163802386E+03   -0.1998102103E+03   -0.6564084203E+03
          91    0.3626183063E+03    0.3139552689E+03    0.8715815469E+03
          92    0.3159026766E+03   -0.1991444338E+03   -0.6524663046E+03
          93    0.3163567040E+03   -0.1998283847E+03   -0.6562289920E+03
          94    0.3158790846E+03   -0.1991623723E+03   -0.6522770929E+03
          95    0.3163329903E+03   -0.1998463092E+03   -0.6560362465E+03
          96    0.3277657501E+03    0.2747115951E+03    0.4877208918E+03
          97    0.3570316803E+03    0.1470090037E+03   -0.8501272417E+03
          98    0.3513873547E+03    0.1295963803E+03    0.7861536310E+03
          99    0.3163994130E+03   -0.1999047749E+03    0.6559136489E+03
         100    0.3581834429E+03    0.3178570901E+03   -0.1264236515E+04
