Model_ID, [(c_i,i=0,n)_j,j=1,ntask]
           1    0.2610941644E+02    0.8168352833E+02
           2    0.2478094291E+02    0.1131527837E+03
           3    0.2760748906E+02    0.5633176819E+02
           4    0.2490553176E+02    0.5528539001E+02
           5    0.2506782931E+02    0.4312523532E+02
           6    0.2845531594E+02    0.6758480066E+02
           7    0.2546066223E+02    0.5444148892E+02
           8    0.2594806034E+02    0.5370910310E+02
           9    0.2532259464E+02    0.5480840629E+02
          10    0.2596904253E+02    0.5386961419E+02
          11    0.2528289342E+02    0.5466911420E+02
          12    0.2514375190E+02    0.5477861244E+02
          13    0.3324100929E+02    0.6522105181E+02
          14    0.2629545546E+02   -0.4820631193E+02
          15    0.2570426073E+02    0.5390749210E+02
          16    0.2496612752E+02    0.1465893189E+03
          17    0.2487215352E+02    0.5484162893E+02
          18    0.2554731489E+02    0.5362036576E+02
          19    0.1505327729E+02    0.6592184162E+02
          20    0.2418368532E+02    0.5264423373E+02
          21    0.1567013959E+02    0.6532081514E+02
          22    0.1063132057E+02   -0.6053744614E+02
          23    0.2225509892E+02    0.1212905309E+03
          24    0.2191926899E+02   -0.5349588304E+02
          25    0.1604119551E+02    0.6432521242E+02
          26    0.2499887026E+02    0.5424974360E+02
          27    0.1615979464E+02    0.6422065053E+02
          28    0.2728810964E+02    0.5482643917E+02
          29    0.1060483030E+02   -0.6035007296E+02
          30    0.1891041266E+02    0.2239918119E+02
          31    0.1473940230E+02    0.6550316952E+02
          32    0.2829347372E+02    0.4548512450E+02
          33    0.2609466883E+02    0.4717879026E+02
          34    0.2297849828E+02   -0.6839480994E+02
          35    0.1877604427E+02   -0.4875156000E+02
          36    0.2765421848E+02    0.4578610182E+02
          37    0.2873033283E+02    0.2896614099E+02
          38    0.1884640548E+02    0.2860112949E+02
          39    0.3149202463E+02    0.9239832143E+02
          40    0.2433668786E+02    0.5276776415E+02
          41    0.2386805180E+02    0.2830450494E+02
          42    0.1619848466E+02   -0.5989749841E+02
          43    0.3244282778E+02    0.4404363880E+02
          44    0.2513140889E+02    0.5185663018E+02
          45    0.2767435032E+02    0.2684106798E+02
          46    0.1721612010E+02    0.6303545902E+02
          47    0.2741594621E+02    0.6024717539E+02
          48    0.1480787965E+02    0.6503209967E+02
          49    0.1906368108E+02    0.5351780316E+02
          50    0.2825401411E+02    0.4497546768E+02
          51    0.3193659766E+02    0.4450218871E+02
          52    0.2049426227E+02   -0.4626405641E+02
          53    0.1840444157E+02    0.6047436335E+02
          54    0.1488371724E+02    0.6518603993E+02
          55    0.1343708698E+02    0.6717257623E+02
          56    0.2615146043E+02   -0.5153804248E+02
          57    0.1613565659E+02   -0.5975686457E+02
          58    0.1539303084E+02    0.6485530402E+02
          59    0.2121442177E+02    0.5511769652E+02
          60    0.1675548181E+02   -0.5607551115E+02
          61    0.2744003102E+02    0.2073022684E+03
          62    0.3116319460E+02    0.5493242194E+02
          63    0.2052047296E+02    0.5248099748E+02
          64    0.2805515594E+02    0.4517125470E+02
          65    0.1699712191E+02    0.6331189362E+02
          66    0.3176477006E+02    0.5627289396E+02
          67    0.1667802449E+02    0.6376411824E+02
          68    0.1722782952E+02    0.6301964468E+02
          69    0.1827491333E+02    0.6415249826E+02
          70    0.1667291970E+02   -0.5599930456E+02
          71    0.2796070457E+02    0.4524960453E+02
          72    0.2110939086E+02    0.3731544808E+02
          73    0.1611957571E+02    0.6433807898E+02
          74    0.1756400419E+02   -0.6527597610E+02
          75    0.1761770779E+02    0.6233121926E+02
          76    0.2804344584E+02    0.4522442581E+02
          77    0.2280076563E+02    0.5030441129E+02
          78    0.1780333324E+02    0.6193751319E+02
          79    0.1695839573E+02    0.6403428042E+02
          80    0.2197574631E+02    0.9089115835E+02
          81    0.2214735057E+02    0.1841438903E+03
          82    0.2016531465E+02    0.6129645572E+02
          83    0.2931644989E+02   -0.6481015251E+02
          84    0.1570337726E+02   -0.6653038305E+02
          85    0.1790210288E+02    0.6175741256E+02
          86    0.2134761119E+02    0.5127681451E+02
          87    0.2079288296E+02    0.5206409817E+02
          88    0.2788157456E+02    0.4528271436E+02
          89    0.1648101423E+02    0.6397375588E+02
          90    0.1833146499E+02    0.6133424020E+02
          91    0.2106056457E+02    0.5164386280E+02
          92    0.1555084702E+02    0.5705951133E+02
          93    0.1854496641E+02   -0.2872620327E+02
          94    0.1685615493E+02    0.6340015236E+02
          95    0.2356763274E+02   -0.3369593269E+02
          96    0.2056620224E+02    0.5238732175E+02
          97    0.3148142931E+02    0.4552724355E+02
          98    0.1749253106E+02    0.5480086654E+02
          99    0.1644578720E+02    0.6399785751E+02
         100    0.1709765958E+02   -0.6314045758E+02
