      rank       #data_overlap        size_overlap          feature_ID
         1                  16             0.14465   (     274    1249)
         2                  16             0.14465   (     274    1254)
         3                  17             0.11125   (     262    1249)
         4                  17             0.11125   (     262    1254)
         5                  17             0.18755   (     262    1051)
         6                  18             0.08333   (     262    1253)
         7                  18             0.10341   (     262    1293)
         8                  18             0.10628   (     262    1014)
         9                  18             0.18554   (     262    1105)
        10                  18             0.18554   (     262    1168)
        11                  18             0.18554   (     262    1210)
        12                  18             0.18554   (     262    1244)
        13                  18             0.18554   (     262    1035)
        14                  18             0.18554   (     262    1096)
        15                  18             0.18554   (     262    1170)
        16                  18             0.18554   (     262    1174)
        17                  18             0.18554   (     262    1251)
        18                  18             0.18554   (     262    1261)
        19                  19             0.07536   (     590    1249)
        20                  19             0.07536   (     590    1254)
        21                  20             0.08168   (     960    1249)
        22                  20             0.08168   (     960    1254)
        23                  20             0.09711   (     648    1254)
        24                  20             0.09711   (     648    1249)
        25                  20             0.11298   (     274    1253)
        26                  20             0.12250   (     646    1249)
        27                  20             0.12250   (     646    1254)
        28                  20             0.12250   (     647    1249)
        29                  20             0.12250   (     647    1254)
        30                  20             0.13274   (     274    1014)
        31                  20             0.15783   (      27    1249)
        32                  20             0.15783   (      27    1254)
        33                  20             0.18956   (     262    1173)
        34                  20             0.18956   (     262    1229)
        35                  20             0.18956   (     262    1232)
        36                  20             0.18956   (     262    1255)
        37                  21             0.12922   (     274    1293)
        38                  21             0.15607   (       6    1531)
        39                  22             0.07178   (     590    1293)
        40                  22             0.10067   (       1    1506)
        41                  22             0.10188   (     590    1051)
        42                  22             0.10228   (     590    1255)
        43                  22             0.10228   (     590    1262)
        44                  22             0.10228   (     590    1281)
        45                  22             0.11456   (     648    1293)
        46                  22             0.13094   (      36    1249)
        47                  22             0.13094   (      36    1254)
        48                  22             0.13095   (      25    1253)
        49                  22             0.13258   (      25    1014)
        50                  22             0.13506   (       6    1249)
        51                  22             0.13506   (       6    1254)
        52                  22             0.17507   (     624    1249)
        53                  22             0.17507   (     624    1254)
        54                  23             0.07178   (     590    1014)
        55                  23             0.07717   (     960    1293)
        56                  23             0.10828   (      40    1253)
        57                  23             0.11693   (      41    1253)
        58                  23             0.11714   (     646    1293)
        59                  23             0.11714   (     647    1293)
        60                  23             0.11741   (      39    1253)
        61                  23             0.12052   (     960    1262)
        62                  23             0.12052   (     960    1281)
        63                  23             0.12052   (     960    1255)
        64                  23             0.12283   (       1    1315)
        65                  23             0.12827   (      22    1014)
        66                  23             0.12827   (      41    1014)
        67                  23             0.12827   (      40    1014)
        68                  23             0.12827   (      39    1014)
        69                  23             0.12970   (      16    1254)
        70                  23             0.12970   (      76    1249)
        71                  23             0.12970   (      76    1254)
        72                  23             0.12970   (      77    1249)
        73                  23             0.12970   (      77    1254)
        74                  23             0.12970   (      78    1249)
        75                  23             0.12970   (      78    1254)
        76                  23             0.12970   (      37    1249)
        77                  23             0.12970   (      37    1254)
        78                  23             0.12991   (      38    1249)
        79                  23             0.12991   (      38    1254)
        80                  23             0.13091   (      74    1249)
        81                  23             0.13091   (      74    1254)
        82                  23             0.13094   (      25    1249)
        83                  23             0.13094   (      25    1254)
        84                  23             0.13154   (      24    1014)
        85                  23             0.13254   (      25    1293)
        86                  23             0.14904   (      23    1253)
        87                  23             0.14982   (      35    1249)
        88                  23             0.14982   (      35    1254)
        89                  23             0.15074   (      26    1173)
        90                  23             0.15074   (      26    1229)
        91                  23             0.15074   (      26    1232)
        92                  23             0.15095   (      23    1014)
        93                  23             0.15180   (       1    1035)
        94                  23             0.15296   (      27    1293)
        95                  23             0.15675   (      26    1172)
        96                  23             0.16025   (      26    1035)
        97                  23             0.16505   (       1    1262)
        98                  23             0.16505   (       1    1281)
        99                  23             0.16679   (      26    1170)
       100                  23             0.16679   (      26    1210)
