      rank       #data_overlap        size_overlap          feature_ID
         1                  39             0.48358   (       1)
         2                  41             0.48973   (       2)
         3                  41             0.48973   (       3)
         4                  42             0.36139   (       4)
         5                  42             0.36139   (       5)
         6                  42             0.36139   (       6)
         7                  42             0.36139   (       7)
         8                  42             0.48973   (       8)
         9                  42             0.69660   (       9)
        10                  43             0.36139   (      10)
        11                  43             0.36139   (      11)
        12                  43             0.36139   (      12)
        13                  43             0.36139   (      13)
        14                  43             0.48973   (      14)
        15                  43             1.00000   (      15)
        16                  43             1.00000   (      16)
        17                  43             1.00000   (      17)
        18                  43             1.00000   (      18)
        19                  43             1.00000   (      19)
        20                  43             1.00000   (      20)
        21                  43             1.00000   (      21)
        22                  43             1.00000   (      22)
        23                  43             1.00000   (      23)
        24                  43             1.00000   (      24)
        25                  43             1.00000   (      25)
        26                  43             1.00000   (      26)
        27                  43             1.00000   (      27)
        28                  43             1.00000   (      28)
        29                  43             1.00000   (      29)
        30                  43             1.00000   (      30)
        31                  43             1.00000   (      31)
        32                  43             1.00000   (      32)
        33                  43             1.00000   (      33)
        34                  44             0.33194   (      34)
        35                  44             0.45524   (      35)
        36                  44             0.48966   (      36)
        37                  44             0.52986   (      37)
        38                  44             0.54200   (      38)
        39                  44             0.54200   (      39)
        40                  44             0.65972   (      40)
        41                  44             0.71989   (      41)
        42                  44             0.73401   (      42)
        43                  44             0.97323   (      43)
        44                  44             0.97364   (      44)
        45                  44             1.00000   (      45)
        46                  44             1.00000   (      46)
        47                  44             1.00000   (      47)
        48                  44             1.00000   (      48)
        49                  44             1.00000   (      49)
        50                  44             1.00000   (      50)
        51                  44             1.00000   (      51)
        52                  44             1.00000   (      52)
        53                  44             1.00000   (      53)
        54                  44             1.00000   (      54)
        55                  44             1.00000   (      55)
        56                  44             1.00000   (      56)
        57                  44             1.00000   (      57)
        58                  44             1.00000   (      58)
        59                  44             1.00000   (      59)
        60                  44             1.00000   (      60)
        61                  44             1.00000   (      61)
        62                  44             1.00000   (      62)
        63                  44             1.00000   (      63)
        64                  44             1.00000   (      64)
        65                  44             1.00000   (      65)
        66                  44             1.00000   (      66)
        67                  44             1.00000   (      67)
        68                  44             1.00000   (      68)
        69                  44             1.00000   (      69)
        70                  44             1.00000   (      70)
        71                  44             1.00000   (      71)
        72                  44             1.00000   (      72)
        73                  44             1.00000   (      73)
        74                  44             1.00000   (      74)
        75                  44             1.00000   (      75)
        76                  44             1.00000   (      76)
        77                  44             1.00000   (      77)
        78                  44             1.00000   (      78)
        79                  44             1.00000   (      79)
        80                  44             1.00000   (      80)
        81                  44             1.00000   (      81)
        82                  44             1.00000   (      82)
        83                  44             1.00000   (      83)
        84                  44             1.00000   (      84)
        85                  44             1.00000   (      85)
        86                  44             1.00000   (      86)
        87                  44             1.00000   (      87)
        88                  44             1.00000   (      88)
        89                  44             1.00000   (      89)
        90                  44             1.00000   (      90)
        91                  44             1.00000   (      91)
        92                  44             1.00000   (      92)
        93                  44             1.00000   (      93)
        94                  44             1.00000   (      94)
        95                  44             1.00000   (      95)
        96                  44             1.00000   (      96)
        97                  44             1.00000   (      97)
        98                  44             1.00000   (      98)
        99                  44             1.00000   (      99)
       100                  44             1.00000   (     100)
