Materials	Properties	feature1	feature2	feature3	feature4	feature5	feature6	feature7	feature8	feature9	feature10	feature11	feature12	feature13	feature14	feature15	feature16	feature17	feature18	feature19	feature20	feature21
sample1	0.1000	0.0000	0.0000	0.0000	0.0000	0.0000	0.0000	0.0000	0.0000	0.0000	0.0000	0.0000	0.0000	0.0000	0.0000	0.0000	0.0000	0.0000	0.0000	1.0000	1.0000	0.9964
sample2	40.9000	0.0000	0.0000	0.0000	0.0000	0.0000	0.0000	0.0000	0.0000	0.0000	0.0000	0.9645	0.2569	0.0000	0.0000	0.7326	0.3805	0.0000	0.7114	0.1967	0.3635	0.4029
sample3	1.5600	0.0000	0.0000	1.0000	0.0000	0.0000	0.0000	0.0000	0.0000	0.0000	0.0000	0.1489	0.0663	0.0141	0.0000	0.4535	0.2280	0.0000	0.1011	0.9682	0.9178	1.0000
sample4	6.6500	0.0000	0.0000	0.0000	0.0000	1.0000	0.0000	0.0000	0.0000	0.0000	0.0000	0.6028	0.1188	0.0046	0.0000	0.3372	1.0000	0.0000	0.6843	0.9036	0.6514	0.9704
sample5	13.1600	0.0000	0.0000	0.0000	0.0000	0.0000	1.0000	0.0000	0.0000	0.0000	0.0000	0.9078	0.0856	0.0022	0.0000	0.4535	0.4058	0.0000	0.6025	0.6513	0.5382	0.9010
sample6	2.2800	0.0000	0.0000	0.0000	0.0000	0.0000	0.0000	0.0000	0.0000	0.0000	0.0000	0.0780	0.1685	0.3947	0.0000	0.0000	0.1330	0.3518	0.1360	0.9682	0.7795	0.9765
sample7	23.0900	0.0000	0.0000	0.0000	0.0000	0.0000	0.0000	0.0000	0.0000	0.0000	0.0000	0.6879	0.3674	0.2167	0.6344	0.7326	0.2851	0.7538	0.5418	0.1806	0.5650	0.4899
sample8	4.3600	0.0000	0.0000	0.0000	0.0000	0.0000	0.0000	0.0000	0.0000	0.0000	0.0000	0.4752	0.0884	1.0000	0.6344	0.7326	0.2280	0.4020	0.5896	0.7075	0.4522	0.7545
sample9	13.3700	0.0000	0.0000	0.0000	0.0000	0.0000	0.0000	0.0000	0.0000	0.0000	0.0000	0.6454	0.1865	0.2888	0.7326	0.7326	0.2787	0.4623	0.6272	0.2725	0.2768	0.4449
sample10	21.4100	0.0000	0.0000	0.0000	0.0000	0.0000	0.0000	0.0000	0.0000	0.0000	0.0000	0.8085	0.1519	0.9532	0.6344	0.7326	0.3294	0.4020	0.6673	0.1622	0.5501	0.4899
sample11	14.7000	0.0000	0.0000	0.0000	0.0000	0.0000	0.0000	0.0000	0.0000	0.0000	0.0000	0.6738	0.2555	0.2697	1.0000	1.0000	0.2724	0.4372	0.6951	0.5524	0.3850	0.7246
sample12	4.6600	0.0000	0.0000	0.0000	0.0000	0.0000	0.0000	0.0000	0.0000	0.0000	0.0000	0.4468	0.3536	0.3291	0.5539	0.6395	0.2762	0.7789	0.5563	0.7416	0.5008	0.8845
sample13	11.2800	0.0000	0.0000	0.0000	0.0000	0.0000	0.0000	0.0000	0.0000	0.0000	0.0000	0.6099	0.3273	0.3081	0.6395	0.6395	0.3738	0.8995	0.5876	0.7365	0.4973	0.8663
sample14	7.5300	0.0000	0.0000	0.0000	0.0000	0.0000	0.0000	0.0000	0.0000	0.0000	0.0000	0.7447	0.6091	0.2549	0.5539	0.6395	0.4727	0.7789	0.6296	0.7952	0.4939	0.8792
sample15	6.1400	0.0000	0.0000	0.0000	0.3333	0.0000	0.0000	0.0000	0.0000	0.0000	0.0000	0.3688	0.2099	0.2325	0.3122	0.3605	0.2420	0.5126	0.5030	0.8432	0.6468	0.9012
sample16	5.9800	0.0000	0.0000	0.0000	0.6667	0.0000	0.0000	0.0000	0.0000	0.0000	0.0000	0.4184	0.1423	0.2190	0.3605	0.3605	0.3066	0.5930	0.5020	0.8468	0.6613	0.8987
sample17	6.9700	0.0000	0.0000	0.0000	1.0000	0.0000	0.0000	0.0000	0.0000	0.0000	0.0000	0.4397	0.1588	0.1691	0.3122	0.3605	0.3713	0.5126	0.4825	0.8784	0.6923	0.9592
sample18	3.6000	0.0000	0.0000	0.0000	0.0000	0.0000	0.0000	0.6667	0.0000	0.0000	0.0000	0.7660	0.3052	0.4911	0.3605	0.3605	0.3966	1.0000	0.7477	0.8193	0.4759	0.8909
sample19	7.3500	0.0000	0.0000	0.0000	0.0000	0.0000	0.0000	1.0000	0.0000	0.0000	0.0000	0.9929	0.3273	0.2705	0.3122	0.3605	0.5056	0.8643	0.8452	0.8137	0.4297	0.8918
sample20	4.0600	0.0000	0.0000	0.0000	0.0000	0.0000	0.0000	0.0000	1.0000	0.0000	0.0000	0.3688	0.1326	0.2178	0.3525	0.4070	0.2344	0.4523	0.5614	0.8617	0.6197	0.8765
sample21	10.0200	0.0000	0.0000	0.0000	0.0000	0.0000	0.0000	0.0000	0.0000	0.0000	0.0000	0.9858	0.3619	0.0180	0.6344	0.7326	0.3738	0.0503	0.7914	0.1619	0.0688	0.3792
sample22	19.2500	1.0000	0.0000	0.0000	0.0000	0.0000	0.0000	0.0000	0.0000	0.0000	0.0000	0.9716	0.2486	0.1450	0.0000	0.7326	0.4372	0.4523	0.7348	0.1220	0.3116	0.3419
sample23	23.0500	0.0000	1.0000	0.0000	0.0000	0.0000	0.0000	0.0000	0.0000	0.0000	0.0000	0.9716	0.1575	0.2489	0.0000	0.7326	0.4892	0.8643	0.8391	0.0463	0.4129	0.3809
sample24	29.7700	0.0000	0.0000	0.0000	0.0000	0.0000	0.0000	0.0000	0.0000	0.0000	0.0000	0.9716	0.2376	0.2464	0.0000	0.7326	0.4245	0.3518	0.7324	0.0000	0.3249	0.4491
sample25	33.6600	0.0000	0.0000	0.0000	0.0000	0.0000	0.0000	0.0000	0.0000	0.0000	0.0000	0.7730	0.1409	0.1566	0.2316	1.0000	0.3332	0.3769	0.6261	0.2647	0.0466	0.0000
sample26	24.9200	0.0000	0.0000	0.0000	0.0000	0.0000	0.0000	0.0000	0.0000	0.0000	0.0000	0.9787	0.1519	0.0087	0.2316	1.0000	0.3776	0.0251	0.7561	0.1419	0.3788	0.4308
sample27	26.3800	0.0000	0.0000	0.0000	0.0000	0.0000	0.0000	0.0000	0.0000	0.0000	0.0000	1.0000	0.2293	0.0059	0.2674	1.0000	0.3738	0.0302	0.7809	0.3782	0.0000	0.6034
sample28	17.9900	0.0000	0.0000	0.0000	0.0000	0.0000	0.0000	0.0000	0.0000	0.0000	0.0000	0.8865	0.4309	0.1339	0.0806	0.7326	0.5234	0.3769	0.6782	0.8906	0.5887	0.9507
sample29	12.6200	0.0000	0.0000	0.0000	0.0000	0.0000	0.5000	0.0000	0.0000	0.0000	0.0000	0.9362	0.1740	0.0227	0.2791	0.7326	0.3928	0.0553	0.6600	0.3458	0.2324	0.6705
sample30	24.5500	0.0000	0.0000	0.0000	0.0000	0.0000	0.0000	0.0000	0.0000	0.0000	0.0000	0.9220	1.0000	0.0945	0.0930	0.7326	0.4752	0.4372	0.6864	0.7992	0.4457	0.8738
sample31	1.0400	0.0000	0.0000	0.0000	0.0000	0.0000	0.0000	0.0000	0.0000	0.0000	0.0000	0.4894	0.1934	0.3589	0.6344	0.7326	0.2280	0.8141	0.4563	0.4288	0.8701	0.1776
sample32	7.9800	0.0000	0.0000	0.0000	0.0000	0.0000	0.0000	0.0000	1.0000	0.0000	0.0000	0.3688	0.2348	0.2511	0.3525	0.4070	0.2787	0.4724	0.6748	0.8460	0.3597	0.8650
sample33	0.4200	0.0000	0.0000	0.0000	0.0000	0.0000	0.0000	0.0000	0.0000	1.0000	0.0000	0.7092	0.2334	0.2721	0.0000	0.0000	0.3561	0.9950	1.0000	0.8623	0.0096	0.9290
sample34	38.5000	0.0000	0.0000	0.0000	0.0000	0.0000	0.0000	0.0000	0.0000	0.0000	0.0000	0.8014	0.0387	0.2540	0.6344	0.7326	0.3738	0.6181	0.6692	0.1494	0.1101	0.0138
sample35	26.1300	0.0000	0.0000	0.0000	0.0000	0.0000	0.0000	0.0000	0.0000	0.0000	0.0000	0.7730	0.4227	0.0913	0.6123	0.7326	0.3776	0.6332	0.6521	0.4523	0.6101	0.6479
sample36	15.4600	0.0000	0.0000	0.0000	0.0000	0.0000	0.0000	0.0000	0.0000	0.0000	0.0000	0.4823	0.2638	0.2256	1.0000	1.0000	0.2280	0.3719	0.5661	0.6464	0.3112	0.7405
