        Rank        RMSE       MaxAE  Feature_ID
           1    4.830016   14.317943  (       1)
           2    4.864402   15.513286  (       2)
           3    4.944950   14.252986  (       3)
           4    4.966468   15.444973  (       4)
           5    5.141316   17.247967  (       5)
           6    5.200232   15.845128  (       6)
           7    5.224723   15.630517  (       7)
           8    5.235412   17.208801  (       8)
           9    5.251604   16.220585  (       9)
          10    5.256733   16.673289  (      10)
          11    5.257184   16.673401  (      11)
          12    5.300903   14.859919  (      12)
          13    5.308472   12.797883  (      13)
          14    5.338593   17.038870  (      14)
          15    5.360800   17.156559  (      15)
          16    5.378613   16.310642  (      16)
          17    5.389188   18.101895  (      17)
          18    5.416389   17.579990  (      18)
          19    5.420977   17.991219  (      19)
          20    5.429279   18.358479  (      20)
          21    5.431963   16.439012  (      21)
          22    5.437265   16.464130  (      22)
          23    5.444336   16.472635  (      23)
          24    5.454654   17.238025  (      24)
          25    5.457907   17.884924  (      25)
          26    5.460291   14.537989  (      26)
          27    5.465956   17.826710  (      27)
          28    5.469247   16.771983  (      28)
          29    5.470241   15.653397  (      29)
          30    5.479920   16.986665  (      30)
          31    5.480231   16.406003  (      31)
          32    5.482854   15.300190  (      32)
          33    5.490454   16.120205  (      33)
          34    5.497017   14.900369  (      34)
          35    5.499254   16.186022  (      35)
          36    5.500641   16.161797  (      36)
          37    5.503196   17.471392  (      37)
          38    5.503957   17.090263  (      38)
          39    5.504533   16.780969  (      39)
          40    5.504804   16.064120  (      40)
          41    5.506297   12.346113  (      41)
          42    5.508270   17.923672  (      42)
          43    5.510774   14.814446  (      43)
          44    5.510967   18.267584  (      44)
          45    5.514526   17.051909  (      45)
          46    5.517405   16.032798  (      46)
          47    5.518154   18.435318  (      47)
          48    5.522798   18.115393  (      48)
          49    5.533339   17.992394  (      49)
          50    5.533739   16.227936  (      50)
          51    5.535346   18.557256  (      51)
          52    5.544237   18.363052  (      52)
          53    5.546507   17.774678  (      53)
          54    5.550424   16.487170  (      54)
          55    5.550596   16.176274  (      55)
          56    5.554453   18.045647  (      56)
          57    5.556317   17.910884  (      57)
          58    5.557815   16.037975  (      58)
          59    5.558126   16.901172  (      59)
          60    5.559864   14.833302  (      60)
          61    5.561657   16.785793  (      61)
          62    5.562542   16.199304  (      62)
          63    5.563697   16.835284  (      63)
          64    5.567206   16.563651  (      64)
          65    5.567538   17.903877  (      65)
          66    5.567863   16.612465  (      66)
          67    5.568074   18.315928  (      67)
          68    5.571564   15.891722  (      68)
          69    5.573842   17.832084  (      69)
          70    5.575380   15.443125  (      70)
          71    5.578019   15.733125  (      71)
          72    5.578343   17.296837  (      72)
          73    5.581696   16.323299  (      73)
          74    5.581746   16.708469  (      74)
          75    5.582732   15.466021  (      75)
          76    5.583158   15.426671  (      76)
          77    5.583804   15.213112  (      77)
          78    5.585808   17.389141  (      78)
          79    5.587326   16.303800  (      79)
          80    5.588203   18.735096  (      80)
          81    5.589518   16.774263  (      81)
          82    5.591829   19.355060  (      82)
          83    5.595331   17.749247  (      83)
          84    5.596717   16.735055  (      84)
          85    5.596981   15.853557  (      85)
          86    5.598122   17.791830  (      86)
          87    5.598360   15.563781  (      87)
          88    5.598632   15.780711  (      88)
          89    5.599571   18.036285  (      89)
          90    5.599613   18.600948  (      90)
          91    5.599913   16.268148  (      91)
          92    5.600732   17.211537  (      92)
          93    5.602187   13.731993  (      93)
          94    5.602513   17.679644  (      94)
          95    5.602956   17.710744  (      95)
          96    5.607819   15.428151  (      96)
          97    5.608959   17.655010  (      97)
          98    5.609936   16.881509  (      98)
          99    5.610393   17.627912  (      99)
         100    5.612411   18.632884  (     100)
