     Index              y_true              y_pred        descriptor_1        descriptor_2
         1    0.9070000000E+02    0.1377588149E+03    0.9928129600E+00    0.0000000000E+00
         2    0.2566500000E+03    0.2600488414E+03    0.5646022400E+00    0.0000000000E+00
         3    0.5132000000E+03    0.4964930807E+03   -0.4538240000E-02    0.1075029816E+00
         4    0.8950000000E+02    0.1260586197E+03    0.5715888000E+00   -0.1919961631E+00
         5    0.3632000000E+03    0.3369819145E+03    0.3726640000E-02   -0.1210842104E+00
         6    0.9034100000E+02    0.7600382268E+02    0.1403330950E+01    0.8070295552E-01
         7    0.1588000000E+03    0.1354706411E+03    0.9977100000E+00   -0.1294072460E-02
         8    0.3387000000E+03    0.3737410923E+03    0.3649536000E-01   -0.5400315360E-01
         9    0.3281500000E+03    0.3174708200E+03    0.3707613000E+00    0.3002460996E-02
        10    0.3945000000E+03    0.3596555571E+03    0.2057556000E-01   -0.8110469342E-01
        11    0.4711500000E+03    0.5128705524E+03    0.1956495000E-01    0.1413377048E+00
        12    0.3091000000E+03    0.3376972729E+03    0.4531644000E-01   -0.1027671810E+00
        13    0.2990000000E+03    0.2551577149E+03    0.5779458300E+00   -0.1571539536E-02
        14    0.3275000000E+03    0.3264593343E+03    0.3061758000E+00   -0.1075205034E-01
        15    0.2480000000E+03    0.2587186940E+03    0.5869516800E+00    0.7349208867E-02
        16    0.2396000000E+03    0.2429345553E+03    0.6244286600E+00   -0.4193851200E-04
        17    0.2401500000E+03    0.2349557104E+03    0.6555085000E+00    0.1262888792E-02
        18    0.2466500000E+03    0.2154750724E+03    0.6773728500E+00   -0.1799060102E-01
        19    0.2886400000E+03    0.2773613165E+03    0.4216531600E+00   -0.3419910648E-01
        20    0.2744000000E+03    0.2540002780E+03    0.5782110500E+00   -0.3144941644E-02
        21    0.2720000000E+03    0.2426598057E+03    0.6486253400E+00    0.9609769440E-02
        22    0.3334000000E+03    0.3625222070E+03   -0.1463400000E-02   -0.8608997515E-01
        23    0.4780000000E+03    0.4710562730E+03    0.3806282000E-01    0.8819988774E-01
        24    0.4920000000E+03    0.5173833019E+03   -0.1730364000E-01    0.1325865341E+00
        25    0.4460000000E+03    0.4213349261E+03   -0.1670334000E+00   -0.6932077515E-01
        26    0.3380000000E+03    0.3396823490E+03    0.2255680000E-02   -0.1177672744E+00
        27    0.3860000000E+03    0.3875956772E+03    0.6612480000E-01   -0.2154253459E-01
        28    0.4380000000E+03    0.4231944746E+03    0.4894243000E-01    0.2310087928E-01
        29    0.3450000000E+03    0.3281167908E+03    0.2929141500E+00   -0.1385007776E-01
        30    0.2561000000E+03    0.2534824371E+03    0.5720905100E+00   -0.6440663350E-02
        31    0.4150000000E+03    0.3680546038E+03    0.2169579800E+00    0.1268998731E-01
        32    0.1693000000E+03    0.2409666145E+03    0.6222401900E+00   -0.3813544710E-02
        33    0.3602000000E+03    0.3815918252E+03    0.1315458900E+00   -0.3099511800E-02
        34    0.4240000000E+03    0.3750584960E+03    0.9392925000E-01   -0.2822873831E-01
        35    0.4010000000E+03    0.4119281998E+03    0.3372496000E-01    0.3919052700E-03
        36    0.2516000000E+03    0.3135893129E+03    0.3749740800E+00   -0.8934720000E-03
