Model_ID, [(c_i,i=0,n)_j,j=1,ntask]
           1    0.1402667804E+02    0.7910379652E+02   -0.1920499388E+03
           2    0.1320615189E+02    0.7977745100E+02   -0.1899642730E+03
           3    0.1545909502E+02    0.7686777371E+02   -0.1732397654E+03
           4    0.1466625193E+02    0.7744769121E+02   -0.1703117850E+03
           5    0.6724115407E+02    0.3614667023E+02    0.3213509536E+03
           6    0.1506302367E+02    0.8034619180E+02   -0.2274263859E+03
           7    0.1507093955E+02   -0.7954422749E+02   -0.2168302738E+03
           8    0.1589025004E+02    0.7654251577E+02   -0.1967725963E+03
           9    0.4254744937E+02   -0.3616132025E+02   -0.1418637105E+04
          10    0.1542716318E+02    0.7712096472E+02   -0.1933331395E+03
          11    0.1487581755E+02    0.7790021138E+02   -0.1930737629E+03
          12    0.7164842114E+02   -0.7173525310E+02    0.2976313304E+03
          13    0.1658271636E+01    0.2457239362E+02    0.1170295635E+04
          14    0.4997013784E+02   -0.4413898927E+02   -0.2235852443E+03
          15    0.1612817691E+02    0.7598840339E+02   -0.1918998714E+03
          16    0.1302250191E+02    0.8128643736E+02   -0.5319129874E+03
          17    0.1149730890E+02    0.8441547328E+02   -0.2018079054E+03
          18    0.6674521627E+02    0.3600304657E+02    0.3066101775E+03
          19    0.1346438468E+02    0.4306364045E+02   -0.2048699007E+03
          20    0.1728315414E+02    0.7447256340E+02   -0.1793750758E+03
          21    0.1456788499E+02    0.7769798978E+02   -0.1466943120E+03
          22    0.1465493165E+02   -0.7810953832E+02   -0.2081321599E+03
          23    0.5052517693E+02   -0.4600924378E+02   -0.3332764892E+03
          24    0.4053427045E+02   -0.3577593186E+02    0.2815484998E+03
          25    0.1350046491E+02    0.8077386889E+02   -0.2676335107E+03
          26    0.1632500655E+02    0.7564018136E+02   -0.1949628929E+03
          27    0.1516035085E+02    0.7831176425E+02   -0.1908812472E+03
          28    0.1588791661E+02    0.7643225310E+02   -0.1922626558E+03
          29    0.1412930744E+02   -0.7907565976E+02   -0.1459943404E+03
          30    0.4508762281E+02    0.3476443070E+02    0.8672698105E+03
          31    0.1219789279E+02    0.8191924877E+02   -0.5245095035E+03
          32    0.1181037022E+02   -0.6247159242E+02   -0.3162054126E+03
          33    0.1747093311E+02    0.7403744399E+02   -0.1756444653E+03
          34    0.1337693002E+02    0.8098198624E+02    0.1470414091E+03
          35    0.1681398368E+02    0.7504179477E+02   -0.1759910236E+03
          36    0.1643602609E+02    0.7543788510E+02   -0.1950649309E+03
          37    0.1356206393E+02    0.7849704340E+02   -0.1439160786E+03
          38    0.9479860402E+00    0.2492194713E+02    0.9674435370E+03
          39    0.1488736578E+02    0.7781408231E+02   -0.1942275153E+03
          40    0.1427450823E+02    0.7837430329E+02   -0.1914120505E+03
          41    0.1305697951E+02    0.7938418734E+02   -0.1438434611E+03
          42    0.1454634964E+02   -0.4834198221E+02    0.1180644766E+04
          43    0.1667983932E+02   -0.7695418680E+02   -0.1952369588E+03
          44    0.4054390046E+02   -0.3575024903E+02    0.2710605663E+03
          45    0.1489145752E+02    0.7880290950E+02    0.1795244972E+03
          46    0.1267640277E+02    0.8140144830E+02   -0.2637998493E+03
          47    0.1345513574E+02    0.7848544997E+02   -0.1433730021E+03
          48    0.7050194129E+02    0.3573365954E+02    0.2913172904E+03
          49    0.1628798264E+02    0.7574066298E+02   -0.1750927759E+03
          50    0.1676998837E+02    0.7752859291E+02   -0.2039857112E+03
          51    0.6396528026E+02   -0.6139764324E+02    0.2769464980E+03
          52    0.1768675514E+02    0.7365711010E+02   -0.1783197954E+03
          53    0.1254426689E+02    0.8163991578E+02    0.1451769466E+03
          54    0.7404948188E+02   -0.7568752453E+02   -0.1900991941E+03
          55    0.7016469271E+02    0.3573689208E+02    0.2816737898E+03
          56    0.7491944333E+02   -0.7878646188E+02    0.1714721880E+03
          57    0.1615955694E+02    0.7600041725E+02   -0.1916130069E+03
          58    0.1163764588E+02   -0.6232733245E+02   -0.3221836113E+03
          59    0.1102273613E+02    0.8442754257E+02   -0.1995518900E+03
          60    0.4525540927E+02    0.3570161127E+02    0.7582566022E+03
          61    0.1396815521E+02   -0.4912072615E+02    0.9822109901E+03
          62    0.1724585388E+02    0.7443620680E+02   -0.1756831567E+03
          63    0.1779443730E+02    0.7346708325E+02   -0.1785177949E+03
          64    0.1322705530E+02    0.7830515032E+02   -0.1847828293E+03
          65    0.1653365407E+02    0.7624767662E+02   -0.1740750938E+03
          66    0.1367067110E+02    0.7835921853E+02   -0.1440652066E+03
          67    0.4519888771E+02    0.3618879743E+02    0.6222221084E+03
          68    0.1383905454E+02   -0.8095366858E+02   -0.3061390240E+03
          69    0.4468312397E+02   -0.3519772753E+02    0.8687473126E+03
          70    0.7185911935E+02    0.7097440374E+02    0.3084033577E+03
          71    0.1056789167E+02   -0.6385596008E+02   -0.3216168276E+03
          72    0.4514564438E+02    0.3417011328E+02    0.1028437751E+04
          73    0.7191301840E+02   -0.7101390806E+02    0.3084422694E+03
          74    0.5470565197E+02   -0.6148340161E+02    0.3083580426E+03
          75    0.1606900655E+02    0.7626597925E+02   -0.2006156553E+03
          76    0.6361563596E+02   -0.6134369514E+02    0.2666133566E+03
          77    0.4133472159E+02   -0.3468089580E+02    0.2718384405E+03
          78    0.1544311008E+02   -0.7698072692E+02   -0.1933444155E+03
          79    0.5307134034E+02    0.5937703036E+02    0.2734764100E+03
          80    0.1536648993E+02    0.7710653697E+02   -0.1932860696E+03
          81    0.1526504225E+02   -0.7848426660E+02   -0.1886623749E+03
          82    0.7173603165E+02    0.7076058174E+02    0.3089581881E+03
          83    0.1536341772E+02    0.7709643980E+02   -0.1931191430E+03
          84    0.7190309355E+02   -0.7293722250E+02   -0.2058212433E+03
          85    0.5280867134E+02    0.6270170190E+02   -0.9326554902E+03
          86    0.1536044108E+02    0.7708609761E+02   -0.1929519569E+03
          87    0.1225652829E+02   -0.6197028293E+02   -0.3091011778E+03
          88    0.1166722176E+02   -0.6205059781E+02   -0.2275322955E+03
          89    0.1750125769E+02    0.7405173038E+02   -0.1754731023E+03
          90    0.1528749605E+02   -0.7720202872E+02   -0.1928804010E+03
          91    0.1348682542E+02    0.4297695110E+02   -0.2045304352E+03
          92    0.1486948213E+02    0.7768665456E+02   -0.1904857951E+03
          93    0.4532774286E+02   -0.3392568320E+02    0.8668212157E+03
          94    0.1258689541E+02   -0.6153281707E+02   -0.3103543365E+03
          95    0.1277688215E+02    0.8288467428E+02   -0.2038330737E+03
          96    0.1687136374E+02    0.7490259182E+02   -0.1923067104E+03
          97    0.6603695144E+02   -0.6324702688E+02    0.2762290038E+03
          98    0.7775447679E+02   -0.3496003481E+02    0.3067894293E+03
          99    0.4756826421E+02   -0.3844907395E+02    0.1600249437E+03
         100    0.7150546509E+02   -0.7136768208E+02    0.5127862010E+03
