        Rank        RMSE       MaxAE  Feature_ID
           1    9.264634   22.420397  (       3   17134)
           2    9.310045   22.725597  (       2   17134)
           3    9.436293   22.213258  (       3   13565)
           4    9.523228   22.541126  (       2   13565)
           5    9.546557   26.840633  (    4451   19854)
           6    9.551306   24.263707  (    4504   17134)
           7    9.572085   24.346756  (    1174   17134)
           8    9.604496   23.908104  (      43   17134)
           9    9.623960   29.262506  (    1762   11208)
          10    9.640771   24.282864  (      23   17134)
          11    9.645193   22.441007  (      22   17134)
          12    9.649684   23.437935  (    1626   18493)
          13    9.651420   21.341667  (    2131   12810)
          14    9.666817   19.105722  (    3953   17134)
          15    9.677957   23.738048  (      19   17134)
          16    9.677984   22.077359  (       3   16247)
          17    9.682020   21.380567  (     155   17134)
          18    9.691882   27.144579  (    4451   18493)
          19    9.692153   20.337583  (    3924   13565)
          20    9.692568   22.770390  (      43   13565)
          21    9.696247   22.017310  (    6634   12608)
          22    9.698376   24.946524  (     486   17134)
          23    9.708532   18.347521  (    3953   15644)
          24    9.712684   29.822566  (    1762   10967)
          25    9.713517   21.735334  (       3   15644)
          26    9.717256   23.596425  (      58   17134)
          27    9.720382   24.377332  (      20   17134)
          28    9.725348   23.916687  (      33   17134)
          29    9.727206   21.469237  (    6357   12608)
          30    9.728511   19.413498  (      35   11613)
          31    9.731018   22.401711  (       2   16247)
          32    9.734562   28.250953  (    9584   10577)
          33    9.736607   22.636103  (      19   13565)
          34    9.737542   20.894361  (       3   17783)
          35    9.739408   23.152642  (      23   13565)
          36    9.740667   23.514039  (      66   17134)
          37    9.742194   22.406140  (    4518   12608)
          38    9.743891   21.645014  (    2131   11613)
          39    9.744631   24.727105  (      57   17134)
          40    9.751669   25.255475  (      30   17134)
          41    9.753633   22.283005  (    4605   12608)
          42    9.759505   19.008622  (    3920   12810)
          43    9.761033   23.057524  (    1174   13565)
          44    9.763823   29.810844  (    1762   11553)
          45    9.764163   24.553938  (    2473   17783)
          46    9.768495   22.064529  (       2   15644)
          47    9.768503   22.511019  (    4388   12608)
          48    9.770433   24.305366  (     439   19854)
          49    9.771174   22.215718  (      22   13565)
          50    9.778403   22.904597  (    4504   13565)
          51    9.779206   25.020830  (      91   19854)
          52    9.779549   22.479205  (      58   13565)
          53    9.781383   21.226980  (       2   17783)
          54    9.783742   25.786738  (      47   10619)
          55    9.785168   24.514452  (     439   18493)
          56    9.785374   26.418899  (      47   10541)
          57    9.785746   23.704392  (      40   17134)
          58    9.788208   28.536041  (    9584   10228)
          59    9.789154   21.804073  (     167   17134)
          60    9.792447   19.441851  (      35   13224)
          61    9.794081   19.231764  (    3920   11613)
          62    9.795514   22.805231  (      33   13565)
          63    9.798326   22.398629  (      66   13565)
          64    9.800210   26.425525  (      13   17134)
          65    9.805193   23.259606  (      20   13565)
          66    9.806979   22.397730  (    5605   12608)
          67    9.814839   18.950572  (      35   12868)
          68    9.816334   25.359597  (     486   15644)
          69    9.818151   19.702016  (      69   11613)
          70    9.819272   24.265093  (    7390   18493)
          71    9.820813   28.415158  (    7667   17389)
          72    9.821054   19.807743  (      35   12810)
          73    9.823478   24.316213  (    3245   19854)
          74    9.824117   24.367169  (    7451   18493)
          75    9.824368   23.776081  (    3283   13565)
          76    9.825151   25.237962  (      91   18493)
          77    9.827957   29.823612  (     806   10967)
          78    9.828235   24.286645  (      75   17134)
          79    9.830278   24.553009  (    9879   19992)
          80    9.830679   24.345468  (      76   17134)
          81    9.832177   24.243854  (      26   17134)
          82    9.832494   24.157140  (    3506   19854)
          83    9.833054   24.349617  (      74   17134)
          84    9.833820   23.600070  (    1626   12332)
          85    9.835104   24.873255  (    9879   12550)
          86    9.835502   24.353704  (      72   17134)
          87    9.838821   28.195261  (    9584   10531)
          88    9.839224   28.722011  (    9584   11070)
          89    9.839773   22.603420  (      40   13565)
          90    9.840990   24.410213  (      73   17134)
          91    9.841570   20.348201  (    5815   13565)
          92    9.851425   24.755224  (      45   17134)
          93    9.852460   19.396619  (      77   11613)
          94    9.856614   28.205633  (    7667   10577)
          95    9.857866   21.220831  (     466   17134)
          96    9.858178   23.148262  (      70   17134)
          97    9.865130   23.879468  (     308   18493)
          98    9.867690   27.134048  (    7382   18493)
          99    9.868019   20.022547  (      62   12437)
         100    9.868181   23.370934  (    1626   11597)
