Model_ID, [(c_i,i=0,n)_j,j=1,ntask]
           1    0.4063092854E+02    0.2342966003E+02
           2    0.4158054940E+02    0.4528541082E+02
           3    0.4100821602E+02    0.4516135447E+02
           4    0.4114750369E+02   -0.4431555691E+02
           5    0.4114955557E+02   -0.4431402841E+02
           6    0.4116086835E+02    0.4430506441E+02
           7    0.4095296074E+02    0.4431213733E+02
           8    0.4120630902E+02    0.4426010020E+02
           9    0.4125517844E+02    0.4422793056E+02
          10    0.4124421045E+02    0.4421199037E+02
          11    0.3995229205E+02   -0.4575274857E+02
          12    0.4123330962E+02    0.4419492405E+02
          13    0.4216997032E+02   -0.4250673308E+02
          14    0.8085595331E+02    0.3589909284E+02
          15    0.4083154901E+02   -0.4413608069E+02
          16    0.4186047598E+02    0.4465067049E+02
          17    0.4085584819E+02    0.4559807406E+02
          18    0.4132966819E+02    0.4407005869E+02
          19    0.4042246031E+02   -0.4456390113E+02
          20    0.4080753616E+02    0.4445270708E+02
          21    0.4078146384E+02   -0.4401562609E+02
          22    0.4102077150E+02    0.4436364600E+02
          23    0.4216689389E+02   -0.4315284206E+02
          24    0.4023105965E+02   -0.4470594663E+02
          25    0.4167583190E+02    0.4473222649E+02
          26    0.6741818356E+02    0.2262844636E+02
          27    0.4080210903E+02    0.4471926683E+02
          28    0.6156413269E+02   -0.2998072713E+02
          29    0.4224954053E+02    0.4193630591E+02
          30    0.4230152057E+02   -0.4230280894E+02
          31    0.4132810466E+02   -0.4305826126E+02
          32    0.1634258272E+02    0.6810430858E+02
          33    0.1545124027E+02    0.6713992733E+02
          34    0.4153368639E+02    0.4360980667E+02
          35    0.5031778105E+02   -0.3835505974E+02
          36    0.3931500945E+02    0.3954970740E+02
          37    0.4152281739E+02    0.4359333986E+02
          38    0.4127769770E+02    0.4379180971E+02
          39    0.3369062193E+02    0.3261621808E+02
          40    0.4066884539E+02   -0.4361954482E+02
          41    0.4151200799E+02    0.4357577886E+02
          42    0.4148170827E+02    0.4306642817E+02
          43    0.4055472113E+02   -0.4374677582E+02
          44    0.4049177569E+02   -0.4378465555E+02
          45    0.3985901284E+02    0.3746636595E+02
          46    0.4146436797E+02    0.3601195511E+02
          47    0.4156338484E+02    0.4346786753E+02
          48    0.5748940004E+02    0.2918502001E+02
          49    0.3968145836E+02    0.3771556014E+02
          50    0.4144945862E+02   -0.4199487051E+02
          51    0.4160863916E+02   -0.4187057936E+02
          52    0.4216768285E+02    0.4339009381E+02
          53    0.4229937876E+02    0.4193184022E+02
          54    0.2575440703E+02    0.2934976671E+02
          55    0.4070855038E+02   -0.4343823601E+02
          56    0.4260083354E+02    0.4219233072E+02
          57    0.4049421868E+02    0.4375176205E+02
          58    0.5500099297E+02    0.2620654770E+02
          59    0.4135254699E+02    0.4369209131E+02
          60    0.4048351933E+02   -0.4373789301E+02
          61    0.4134170753E+02    0.4367593037E+02
          62    0.4148479807E+02   -0.4182605353E+02
          63    0.4047290542E+02    0.4372290981E+02
          64    0.4133093269E+02    0.4365866051E+02
          65    0.4008284638E+02    0.4535995989E+02
          66    0.3874460660E+02    0.4147579454E+02
          67    0.4249894443E+02    0.4144727660E+02
          68    0.1285481554E+02   -0.8445673470E+02
          69    0.4150377303E+02   -0.4172506846E+02
          70    0.2751047161E+02    0.2805934904E+02
          71    0.5137631185E+02   -0.3961423862E+02
          72    0.4143575706E+02   -0.4192876788E+02
          73    0.4054560553E+02    0.4419284297E+02
          74    0.1171246724E+02    0.8536459274E+02
          75    0.3847221453E+02   -0.3615793877E+02
          76    0.1243530333E+02   -0.8417745960E+02
          77    0.4059263657E+02    0.4159192707E+02
          78    0.4038686594E+02   -0.4354117655E+02
          79    0.4041619889E+02   -0.4367507443E+02
          80    0.1241290190E+02   -0.8417733546E+02
          81    0.1611089246E+02    0.6674309821E+02
          82    0.4148860722E+02   -0.4165076104E+02
          83    0.4070757522E+02   -0.4320604321E+02
          84    0.1151032029E+02   -0.8567785738E+02
          85    0.4174171698E+02   -0.4165332933E+02
          86    0.4203587199E+02    0.4132187725E+02
          87    0.1239344735E+02   -0.8416924685E+02
          88    0.4227485528E+02    0.4127661301E+02
          89    0.4985959783E+02   -0.3777560822E+02
          90    0.8228907839E+02   -0.8499323223E+02
          91    0.4090820107E+02   -0.4218301011E+02
          92    0.4199683547E+02    0.4129135185E+02
          93    0.4082280156E+02   -0.4232161254E+02
          94    0.3064597991E+02    0.3771884078E+02
          95    0.4080608696E+02   -0.4234382471E+02
          96    0.4163971182E+02   -0.4125964289E+02
          97    0.5454350721E+02    0.4279735306E+02
          98    0.4091909104E+02   -0.4248565255E+02
          99    0.4226436652E+02    0.4125978894E+02
         100    0.5151411760E+02   -0.3942627557E+02
