        Rank        RMSE       MaxAE  Feature_ID
           1   10.465003   27.588694  (       1)
           2   10.930271   22.182735  (       2)
           3   11.123148   26.825739  (       3)
           4   11.163391   27.704574  (       4)
           5   11.183025   25.995885  (       5)
           6   11.260734   28.222460  (       6)
           7   11.271160   26.745695  (       7)
           8   11.309364   26.707519  (       8)
           9   11.329744   26.828928  (       9)
          10   11.340523   26.791777  (      10)
          11   11.345341   26.849604  (      11)
          12   11.410118   25.125034  (      12)
          13   11.446960   26.947659  (      13)
          14   11.467663   29.806221  (      14)
          15   11.483644   32.930397  (      15)
          16   11.499570   27.876076  (      16)
          17   11.526177   26.063232  (      17)
          18   11.568672   26.963086  (      18)
          19   11.583344   26.350729  (      19)
          20   11.594533   35.054791  (      20)
          21   11.610728   26.997984  (      21)
          22   11.612367   33.206570  (      22)
          23   11.622402   34.189039  (      23)
          24   11.622630   26.721582  (      24)
          25   11.637334   33.007528  (      25)
          26   11.642979   26.849422  (      26)
          27   11.652417   33.278104  (      27)
          28   11.655023   32.976667  (      28)
          29   11.674901   26.632129  (      29)
          30   11.699390   25.278280  (      30)
          31   11.701288   33.150626  (      31)
          32   11.713300   33.497117  (      32)
          33   11.734217   24.930696  (      33)
          34   11.737158   33.290918  (      34)
          35   11.741179   27.330166  (      35)
          36   11.742628   26.761558  (      36)
          37   11.753723   35.935342  (      37)
          38   11.754476   29.709295  (      38)
          39   11.760618   26.302168  (      39)
          40   11.766377   26.958263  (      40)
          41   11.770599   33.410208  (      41)
          42   11.770932   33.424177  (      42)
          43   11.779807   31.748473  (      43)
          44   11.780519   33.720983  (      44)
          45   11.781650   28.676355  (      45)
          46   11.788715   32.719500  (      46)
          47   11.794653   30.384425  (      47)
          48   11.798616   36.098635  (      48)
          49   11.802024   35.007516  (      49)
          50   11.815961   29.984933  (      50)
          51   11.823224   33.280981  (      51)
          52   11.831357   33.293334  (      52)
          53   11.838504   33.572296  (      53)
          54   11.847422   31.699431  (      54)
          55   11.855314   35.405839  (      55)
          56   11.862271   30.917624  (      56)
          57   11.863947   31.886566  (      57)
          58   11.866339   33.054472  (      58)
          59   11.875145   29.702836  (      59)
          60   11.876476   31.383795  (      60)
          61   11.880657   36.233480  (      61)
          62   11.883068   25.309632  (      62)
          63   11.890045   31.818940  (      63)
          64   11.897857   37.035487  (      64)
          65   11.900112   31.668479  (      65)
          66   11.918395   30.006416  (      66)
          67   11.918643   29.836482  (      67)
          68   11.921456   31.895189  (      68)
          69   11.921868   31.598871  (      69)
          70   11.921980   24.804322  (      70)
          71   11.925309   33.183904  (      71)
          72   11.926576   33.286626  (      72)
          73   11.929322   31.737099  (      73)
          74   11.934170   30.496969  (      74)
          75   11.946942   33.091197  (      75)
          76   11.950880   31.234359  (      76)
          77   11.954345   30.027105  (      77)
          78   11.957755   23.737599  (      78)
          79   11.958350   31.445159  (      79)
          80   11.961206   31.622209  (      80)
          81   11.962177   26.668929  (      81)
          82   11.963404   32.735560  (      82)
          83   11.966753   34.565601  (      83)
          84   11.973373   25.105535  (      84)
          85   11.979159   27.595359  (      85)
          86   11.984374   35.738321  (      86)
          87   11.984658   32.110785  (      87)
          88   11.991665   39.043858  (      88)
          89   11.996302   27.962632  (      89)
          90   11.997529   31.914301  (      90)
          91   12.011023   25.255345  (      91)
          92   12.011685   25.253842  (      92)
          93   12.012352   25.252340  (      93)
          94   12.014316   31.378272  (      94)
          95   12.015877   26.339802  (      95)
          96   12.016417   31.667138  (      96)
          97   12.021712   31.719595  (      97)
          98   12.021854   29.391377  (      98)
          99   12.030819   36.440831  (      99)
         100   12.031318   34.071467  (     100)
