        Rank        RMSE       MaxAE  Feature_ID
           1    6.176871   15.028686  (    4723   11302)
           2    6.269208   14.322314  (     886   10704)
           3    6.363074   15.669692  (      47   10704)
           4    6.389283   12.663870  (    4109   11302)
           5    6.518492   19.806197  (    1055   11302)
           6    6.519696   15.162542  (      47   10767)
           7    6.539997   19.081623  (    1358   11302)
           8    6.556604   17.254166  (    7737   13735)
           9    6.577200   15.701448  (    1644   14326)
          10    6.609397   12.570203  (    9458   14173)
          11    6.641080   16.374484  (       1   16783)
          12    6.647856   19.622515  (    1064   11302)
          13    6.679752   14.867005  (      64   11302)
          14    6.682963   17.797579  (       1   11346)
          15    6.684170   17.827546  (       1   11458)
          16    6.698791   15.104201  (     395   11302)
          17    6.699760   17.775718  (       1   11204)
          18    6.706585   13.726604  (       1   10101)
          19    6.707091   13.966359  (       1   10552)
          20    6.719192   17.602843  (       1   11350)
          21    6.719196   17.785452  (       1   11157)
          22    6.719387   17.785605  (       1   11158)
          23    6.720575   17.786565  (       1   11159)
          24    6.721775   17.787549  (       1   11161)
          25    6.721970   17.787710  (       1   11162)
          26    6.728831   15.418152  (       1   10001)
          27    6.736037   13.195361  (    5165   13475)
          28    6.741023   17.504256  (       1   14262)
          29    6.742066   14.342244  (    1624   13475)
          30    6.749415   17.814179  (       1   11160)
          31    6.751264   18.026995  (       1   11112)
          32    6.761633   17.420472  (       1   13398)
          33    6.763328   14.738066  (      46   11302)
          34    6.766373   17.607954  (       1   15013)
          35    6.775116   17.235084  (       1   13683)
          36    6.775555   15.009948  (    5723   11302)
          37    6.781303   17.384999  (       1   13383)
          38    6.782967   17.405934  (       1   13369)
          39    6.783498   13.781731  (     478   14326)
          40    6.784773   17.439034  (       1   13261)
          41    6.784954   17.440053  (       1   13352)
          42    6.785402   17.440477  (       1   13355)
          43    6.786403   17.441430  (       1   13356)
          44    6.787411   17.442399  (       1   13360)
          45    6.787867   17.442841  (       1   13362)
          46    6.788242   17.444281  (       1   13419)
          47    6.788678   19.219897  (    1343   11302)
          48    6.790740   17.478777  (       1   13346)
          49    6.793855   17.502693  (       1   13351)
          50    6.808237   18.727800  (    1055   16531)
          51    6.810146   17.050511  (       1   14689)
          52    6.812496   17.425091  (       1   12367)
          53    6.816002   18.922983  (    1328   16531)
          54    6.818828   17.479478  (       1   13388)
          55    6.819402   15.669274  (      65   14326)
          56    6.819466   17.903838  (       1   11261)
          57    6.820101   16.202591  (    9501   11302)
          58    6.821268   16.045508  (     408   10704)
          59    6.822055   15.762919  (     107   14326)
          60    6.825471   17.704149  (       1   13258)
          61    6.830956   20.012825  (    1523   11302)
          62    6.851153   16.659515  (       1   10011)
          63    6.856050   19.435281  (    1258   11302)
          64    6.861337   19.197910  (    2451   11302)
          65    6.862585   17.967009  (       1   11337)
          66    6.867260   14.821451  (     128   10704)
          67    6.873248   17.760799  (    5286   18087)
          68    6.873928   20.514118  (    4139   11302)
          69    6.875795   19.160962  (       1   11318)
          70    6.876925   17.187534  (       1   17425)
          71    6.884223   15.557084  (       1   11731)
          72    6.886758   16.040666  (    1587   16531)
          73    6.894353   17.418954  (      65   10704)
          74    6.894557   18.759643  (     178   16116)
          75    6.895505   18.670139  (       1   11373)
          76    6.902713   15.891236  (    5245   11302)
          77    6.906963   19.731134  (    2451   16531)
          78    6.914675   13.901016  (     886   10767)
          79    6.916566   13.150541  (    9458   17999)
          80    6.923109   20.644378  (    3507   16601)
          81    6.923788   18.161340  (       1   13591)
          82    6.926779   19.349729  (    4139   16531)
          83    6.930040   16.004387  (       1   10002)
          84    6.931014   17.396504  (      65   18138)
          85    6.938601   15.377265  (       1   19207)
          86    6.946762   16.310694  (       1   10003)
          87    6.947064   18.186578  (       1   10008)
          88    6.957600   19.243688  (    6696   11108)
          89    6.965549   16.891650  (     585   19848)
          90    6.972879   15.777165  (      11   11302)
          91    6.975191   16.831282  (     165   19580)
          92    6.975835   13.790747  (      37   19490)
          93    6.976091   20.605177  (    5282   11302)
          94    6.976525   14.741553  (    9880   10770)
          95    6.977298   16.899335  (    6233   11302)
          96    6.978935   15.793984  (     190   16234)
          97    6.979692   18.106584  (     777   16531)
          98    6.983669   14.969007  (       1   10004)
          99    6.986300   16.925941  (       1   10006)
         100    6.989514   12.818873  (    3530   13475)
