        Rank        RMSE       MaxAE  Feature_ID
           1    3.421893    7.053765  (    1502   10819)
           2    3.442480    6.902794  (     134   10819)
           3    3.457054    9.461187  (      25   16762)
           4    3.473943    9.407980  (      25   19046)
           5    3.517157    8.586823  (     204   16762)
           6    3.519554    8.797127  (    1149   11398)
           7    3.522538    8.165385  (     557   11398)
           8    3.529058    8.377793  (     215   11398)
           9    3.547194    9.030300  (     993   16762)
          10    3.547638    9.419448  (     183   10752)
          11    3.556396    8.210692  (     162   11398)
          12    3.567669    9.427153  (     330   12276)
          13    3.572332    8.483592  (     701   11398)
          14    3.575566    9.254241  (     330   14843)
          15    3.591596    9.847371  (    5589   13119)
          16    3.594384    8.904249  (    1927   11398)
          17    3.597715   10.387354  (     192   10752)
          18    3.602560    9.072333  (    4965   17707)
          19    3.603853    8.575011  (    1376   11398)
          20    3.613192    8.545513  (     204   19046)
          21    3.613834    8.332158  (     424   17707)
          22    3.624553    9.143781  (    5602   17707)
          23    3.632217    9.099759  (    5834   17707)
          24    3.632647    9.003073  (     993   19046)
          25    3.637210    8.927778  (     675   11398)
          26    3.637370    8.703403  (    2453   19046)
          27    3.641689   11.476854  (      94   12276)
          28    3.642316    9.218993  (    1376   18930)
          29    3.645851    9.451938  (     330   13534)
          30    3.648477   10.988131  (     245   12276)
          31    3.649611    8.150876  (    9961   16768)
          32    3.653321    9.994109  (    1349   16762)
          33    3.654329    9.208847  (    6877   10752)
          34    3.659489   11.209247  (      83   10185)
          35    3.661255    8.858932  (    8893   11398)
          36    3.661952    9.025804  (     807   11398)
          37    3.662943    8.312287  (     206   11398)
          38    3.663816    9.330585  (     120   10819)
          39    3.664185    9.387233  (      25   14929)
          40    3.667523    8.064844  (    7450   10519)
          41    3.667625    9.966317  (       3   10185)
          42    3.668433    7.795503  (    8255   11398)
          43    3.668507    8.840453  (    8947   13119)
          44    3.669101    9.292492  (     183   10088)
          45    3.672075   11.363006  (    2492   10752)
          46    3.673014    8.424913  (    1229   11398)
          47    3.673482    8.788657  (    2453   16762)
          48    3.675651   10.217992  (     719   10519)
          49    3.677988    8.883587  (     110   11398)
          50    3.682950    9.362177  (      95   11398)
          51    3.685092   10.249266  (     139   13085)
          52    3.691478    9.637163  (    2029   13085)
          53    3.696646    8.492504  (    3307   13085)
          54    3.697958    7.604753  (    3586   11398)
          55    3.698492   11.415922  (     222   10752)
          56    3.706832    7.922352  (     203   11398)
          57    3.706881   10.020331  (    5636   11398)
          58    3.707589    8.272501  (    3055   11398)
          59    3.710399    7.853635  (     726   10819)
          60    3.711321    9.230039  (    8395   11398)
          61    3.711546    9.230483  (    8389   11398)
          62    3.712786    7.979671  (    6204   13085)
          63    3.714197    9.411106  (      25   16768)
          64    3.715302    9.639749  (     241   19046)
          65    3.715954    8.910299  (    3462   16181)
          66    3.716120    9.823267  (    1654   14876)
          67    3.716808    8.651400  (    2560   10752)
          68    3.717328    7.929882  (    8947   14331)
          69    3.717786    8.270112  (    4254   11398)
          70    3.722941    7.748283  (    4722   17707)
          71    3.723745    9.365312  (    2284   16181)
          72    3.723854    9.107862  (    5027   10519)
          73    3.723984    9.923563  (    7652   11398)
          74    3.726744    9.905643  (    1420   14843)
          75    3.727540    8.327881  (    1357   11398)
          76    3.728178    9.370239  (    1314   10519)
          77    3.728315    9.963504  (    1301   16181)
          78    3.728578    8.513239  (     131   16762)
          79    3.728985    8.219847  (    1580   11398)
          80    3.729013    8.040234  (    3514   10519)
          81    3.729621    8.285625  (    7912   11398)
          82    3.729776    9.334059  (    1093   16181)
          83    3.731428    9.222049  (     183   11398)
          84    3.731649    8.373986  (    6010   17707)
          85    3.731761    9.030126  (    2916   11398)
          86    3.732883    7.565837  (    9961   14929)
          87    3.734861    8.834216  (    4451   17707)
          88    3.735637    9.621145  (     170   16762)
          89    3.736094   10.581400  (    1654   16181)
          90    3.736467   10.420800  (    3255   11398)
          91    3.738029    9.361763  (     171   19046)
          92    3.740524    8.839705  (    2560   10088)
          93    3.742414    9.076806  (    8212   10519)
          94    3.743166   11.893209  (      94   14843)
          95    3.743249    9.830754  (    3228   14876)
          96    3.744262    9.083533  (      95   17707)
          97    3.744654    8.522689  (    2316   16762)
          98    3.744848    8.953701  (     330   11486)
          99    3.746906   11.679832  (      94   13534)
         100    3.747163   10.858469  (      25   11398)
