Model_ID, [(c_i,i=0,n)_j,j=1,ntask]
           1    0.5002415106E+01   -0.1166737442E+02
           2    0.8980641375E+00    0.3597820381E+02
           3    0.5646271230E+01   -0.4613982384E+02
           4    0.3553298099E+01    0.2614248774E+02
           5    0.4115622439E+01    0.1190441558E+02
           6    0.3919097747E+01    0.2568423535E+02
           7    0.3239662718E+01   -0.1337681758E+02
           8    0.3462947276E+01    0.2626371209E+02
           9    0.3459494126E+01    0.2626847338E+02
          10    0.3497368473E+01    0.2621482671E+02
          11    0.3533721209E+01    0.2616071756E+02
          12    0.3537595177E+01    0.2615481819E+02
          13    0.3314524598E+01    0.1307025627E+02
          14    0.5848259747E+01    0.2191094423E+02
          15    0.6185428909E+01    0.2148793531E+02
          16    0.5745375331E+01    0.1175150839E+02
          17    0.3647969159E+01    0.2599180412E+02
          18    0.6159457509E+01    0.2151772191E+02
          19    0.3373766221E+01    0.1687604726E+02
          20    0.6134983221E+01    0.2154300170E+02
          21    0.3447903161E+01    0.2619043346E+02
          22    0.3381709387E+01    0.2634395678E+02
          23    0.4181367736E+01    0.1517619483E+02
          24    0.4930223454E+01    0.1480486768E+02
          25    0.3447938294E+01    0.2626977199E+02
          26    0.3707594180E+01    0.2589402699E+02
          27    0.3833239732E+01    0.1561586425E+02
          28    0.6044734661E+01    0.2165783150E+02
          29    0.5829961675E+01    0.2321566802E+02
          30    0.6295272066E+01    0.2131266608E+02
          31    0.3504735685E+01    0.2610753340E+02
          32    0.6158949059E+01    0.2277930889E+02
          33    0.5345419714E+01   -0.1080624884E+02
          34    0.3350346802E+01    0.2636580300E+02
          35    0.6136712343E+01    0.2280609558E+02
          36    0.5373210789E+01    0.1270543641E+02
          37    0.7191642594E+01    0.1785156478E+02
          38    0.6115587542E+01    0.2282934632E+02
          39    0.6240443363E+01    0.2265025439E+02
          40    0.6380726667E+01    0.2118249433E+02
          41    0.6587469247E+01    0.1623088804E+02
          42    0.3571702042E+01    0.2610801866E+02
          43    0.5376661956E+01    0.2234942105E+02
          44    0.5478463388E+01    0.1948876612E+02
          45    0.3620958698E+01    0.2604410958E+02
          46    0.6046348597E+01    0.2291857991E+02
          47    0.6104650345E+01    0.2125191554E+02
          48    0.6325069284E+01    0.2251348896E+02
          49    0.6215662502E+01    0.1469085281E+02
          50    0.6930003129E+01   -0.2740550725E+02
          51    0.3265241389E+01    0.1236446974E+02
          52    0.2639082771E+01    0.1336512052E+02
          53    0.4142741427E+01   -0.9357016881E+01
          54    0.5360796692E+01    0.2367969859E+02
          55    0.2947611951E+01   -0.1305261881E+02
          56    0.1630520943E+01    0.3473685892E+02
          57    0.4468140665E+01    0.1039541629E+02
          58    0.6578007281E+01    0.2078693092E+02
          59    0.6006755778E+01    0.2164513391E+02
          60    0.4547293619E+01    0.1486469730E+02
          61    0.3159146666E+01    0.2232546310E+02
          62    0.1176842738E+01    0.3341564718E+02
          63    0.3331632796E+01    0.1788397951E+02
          64    0.4618987540E+01    0.1495795677E+02
          65    0.6001503388E+01    0.2292874486E+02
          66    0.6514261925E+01    0.2097451056E+02
          67    0.5854910529E+01    0.2132732947E+02
          68    0.1952767541E+01   -0.1646204122E+02
          69    0.4893855629E+01    0.1467822802E+02
          70    0.3772824752E+01    0.1658441325E+02
          71    0.2673418641E+01   -0.1618422285E+02
          72    0.3504768032E+01    0.1293755843E+02
          73    0.6480151014E+01    0.2222536434E+02
          74    0.6177154606E+01    0.1555273663E+02
          75    0.3868207723E+01    0.2604867590E+02
          76    0.4417868761E+01    0.1513642815E+02
          77    0.5029956860E+01   -0.3337616072E+02
          78    0.4531467443E+01    0.1503012932E+02
          79    0.5498077890E+01    0.1257142791E+02
          80    0.6565089624E+01    0.2084762211E+02
          81    0.2601802589E+01    0.1626540464E+02
          82    0.4594368818E+01    0.1497371051E+02
          83    0.2807591707E+01   -0.1027565483E+02
          84    0.4129080289E+01    0.1607655346E+02
          85    0.4474705275E+01    0.1507592614E+02
          86    0.6487550036E+01    0.2223721284E+02
          87    0.5686568807E+01   -0.3824134183E+02
          88    0.5377096039E+01    0.1532623770E+02
          89    0.4733863374E+01    0.1485764923E+02
          90    0.6293267158E+01    0.2282569381E+02
          91    0.4693752050E+01    0.1576472624E+02
          92    0.3295979521E+01    0.1801663129E+02
          93    0.4998721834E+01    0.1550919566E+02
          94    0.6334080049E+01    0.2143604170E+02
          95    0.3939522605E+01    0.1633215355E+02
          96    0.5427105001E+01   -0.1262512817E+02
          97    0.5424695379E+01    0.1443770317E+02
          98    0.6715347165E+01    0.2051258702E+02
          99    0.3464695162E+01    0.1226210343E+02
         100    0.2928074938E+01    0.1864027475E+02
