Model_ID, [(c_i,i=0,n)_j,j=1,ntask]
           1    0.2329169482E+02    0.6069498476E+02
           2    0.2511707479E+02    0.5663213536E+02
           3    0.2168442142E+02    0.6188684702E+02
           4    0.2409080629E+02    0.2609051654E+03
           5    0.3076913843E+02    0.4539217194E+02
           6    0.2625504101E+02    0.5770136281E+02
           7    0.3216736078E+02    0.4270413260E+02
           8    0.2138302475E+02    0.5807528356E+02
           9    0.2023549358E+02    0.6392521705E+02
          10    0.2217118862E+02    0.5998370795E+02
          11    0.2692129518E+02   -0.5638220393E+02
          12    0.2165897633E+02    0.5636317402E+02
          13    0.2536837654E+02    0.8800222062E+02
          14    0.2011728938E+02    0.5853030108E+02
          15    0.2698659310E+02   -0.6688816418E+02
          16    0.3041788937E+02    0.1558882336E+03
          17    0.2487898678E+02    0.5631606286E+02
          18    0.2250027914E+02    0.5397093011E+02
          19    0.2931448332E+02    0.4728024971E+02
          20    0.1826555437E+02    0.6283803420E+02
          21    0.2356822338E+02   -0.5840698232E+02
          22    0.2757645330E+02    0.5446733743E+02
          23    0.2132956369E+02    0.5980336914E+02
          24    0.2539941476E+02    0.2772126770E+02
          25    0.1867984186E+02   -0.7415128610E+02
          26    0.4378117526E+02    0.3537389864E+02
          27    0.2488923893E+02   -0.7022482773E+02
          28    0.2554502048E+02   -0.6934402887E+02
          29    0.2482378108E+02    0.5496559536E+02
          30    0.2743110876E+02    0.7270281478E+02
          31    0.2302887673E+02    0.5843028889E+02
          32    0.2621260999E+02   -0.6989576180E+02
          33    0.2748771909E+02    0.2277038692E+02
          34    0.2190896675E+02   -0.6175575097E+02
          35    0.2299748294E+02    0.7266839989E+02
          36    0.2625685419E+02    0.5734068299E+02
          37    0.1543399205E+02    0.7201910466E+02
          38    0.2258623399E+02    0.4873269999E+02
          39    0.2544173135E+02    0.2777541360E+02
          40    0.2927245157E+02    0.5094539775E+02
          41    0.2643651670E+02    0.5688853963E+02
          42    0.3315727395E+02   -0.7165603409E+02
          43    0.2171793745E+02    0.5658802563E+02
          44    0.1994117483E+02    0.5841073693E+02
          45    0.1734971756E+02    0.7643506801E+02
          46    0.2807738043E+02    0.4503494755E+02
          47    0.2634098498E+02    0.2691049075E+02
          48    0.2044829886E+02    0.5761410079E+02
          49    0.3188807081E+02   -0.3628076391E+02
          50    0.1404712804E+02   -0.8543404218E+02
          51    0.2332381492E+02    0.5836289724E+02
          52    0.1896840086E+02    0.5363307810E+02
          53    0.1703164029E+02    0.6359587881E+02
          54    0.1733992240E+02   -0.7639909551E+02
          55    0.2011469291E+02    0.6518385690E+02
          56    0.2811517256E+02    0.2244644912E+02
          57    0.2076322594E+02    0.7826844954E+02
          58    0.2349361591E+02    0.5901191845E+02
          59    0.4443825377E+02   -0.3646893993E+02
          60    0.1748908059E+02    0.7687634315E+02
          61    0.4445951215E+02    0.3647560233E+02
          62    0.2682326368E+02    0.2345601439E+02
          63    0.1733351915E+02    0.7635326098E+02
          64    0.2591805838E+02   -0.6796143249E+02
          65    0.2516683298E+02   -0.7982463760E+02
          66    0.2228003851E+02    0.5578479557E+02
          67    0.2362442720E+02    0.5262344491E+02
          68    0.4454089016E+02    0.3352522613E+02
          69    0.1652307693E+02    0.7786236491E+02
          70    0.2180460359E+02    0.5644838768E+02
          71    0.2603734871E+02   -0.6835857423E+02
          72    0.2207539013E+02    0.5584290381E+02
          73    0.1992808608E+02    0.5856716780E+02
          74    0.1811162991E+02    0.7514080655E+02
          75    0.2704700966E+02   -0.5514136908E+02
          76    0.4936414153E+02   -0.4860647873E+02
          77    0.2604153457E+02   -0.6832099750E+02
          78    0.2639665547E+02    0.7571367536E+02
          79    0.4901557762E+02    0.4819139346E+02
          80    0.2764116568E+02    0.1943749496E+03
          81    0.1423553510E+02    0.6555796065E+02
          82    0.1717492938E+02    0.5652088884E+02
          83    0.2402310906E+02   -0.5200399696E+02
          84    0.2495179937E+02    0.3623093437E+02
          85    0.2252797414E+02    0.5529149826E+02
          86    0.5088950354E+02   -0.6335627055E+02
          87    0.2768502592E+02    0.7340310904E+02
          88    0.2643412850E+02    0.7567167929E+02
          89    0.2612647835E+02   -0.6808804331E+02
          90    0.2602391042E+02    0.6895405167E+02
          91    0.2415735992E+02    0.5283406181E+02
          92    0.2511736383E+02   -0.5047658292E+02
          93    0.1672956895E+02   -0.5403296335E+02
          94    0.1851979900E+02    0.6513845918E+02
          95    0.2004148995E+02   -0.7851963773E+02
          96    0.2360624362E+02    0.5534231541E+02
          97    0.2776143573E+02    0.7314334729E+02
          98    0.3044798036E+02    0.3757006307E+02
          99    0.3305428357E+02    0.3444060724E+02
         100    0.2612119635E+02   -0.6803651633E+02
