        Rank        RMSE       MaxAE  Feature_ID
           1    3.518359    7.684973  (       1)
           2    3.587549    7.591277  (       2)
           3    3.815223    7.435492  (       3)
           4    3.849568    7.335481  (       4)
           5    3.949893    7.585717  (       5)
           6    3.950755    7.583035  (       6)
           7    3.952783    7.906401  (       7)
           8    3.973704    8.194093  (       8)
           9    3.976123    8.199211  (       9)
          10    3.981785    7.520541  (      10)
          11    3.995328    7.566745  (      11)
          12    4.010159    7.598591  (      12)
          13    4.033892    8.563434  (      13)
          14    4.042648    7.148863  (      14)
          15    4.046441    7.747719  (      15)
          16    4.052058    8.308723  (      16)
          17    4.053632    7.793447  (      17)
          18    4.061191    8.735592  (      18)
          19    4.074760    7.416601  (      19)
          20    4.081988    7.832534  (      20)
          21    4.087227    9.841034  (      21)
          22    4.102653    8.356530  (      22)
          23    4.110410    7.730035  (      23)
          24    4.123975    8.373643  (      24)
          25    4.139660    7.865379  (      25)
          26    4.142576    7.901682  (      26)
          27    4.145172    7.748221  (      27)
          28    4.170436   10.319773  (      28)
          29    4.171023    8.357562  (      29)
          30    4.177528    7.833876  (      30)
          31    4.196073    9.438562  (      31)
          32    4.215438    7.786734  (      32)
          33    4.217563    8.366914  (      33)
          34    4.219795    7.749192  (      34)
          35    4.226600   10.174722  (      35)
          36    4.230033    7.299652  (      36)
          37    4.230107   10.490463  (      37)
          38    4.234449    8.610684  (      38)
          39    4.238982    8.617796  (      39)
          40    4.251743    7.929243  (      40)
          41    4.252721    7.284976  (      41)
          42    4.258763    8.881819  (      42)
          43    4.286980    9.543449  (      43)
          44    4.288854    7.992911  (      44)
          45    4.290304    8.435123  (      45)
          46    4.290329    7.451859  (      46)
          47    4.291005    7.896567  (      47)
          48    4.293286    8.230392  (      48)
          49    4.298865    7.974784  (      49)
          50    4.307501    8.031202  (      50)
          51    4.315303    8.575428  (      51)
          52    4.322615    7.759501  (      52)
          53    4.335436    7.912702  (      53)
          54    4.339163    7.634452  (      54)
          55    4.339289    8.260861  (      55)
          56    4.341554    8.076861  (      56)
          57    4.346162   11.228245  (      57)
          58    4.347446    9.860683  (      58)
          59    4.349481    9.525970  (      59)
          60    4.349703   10.270441  (      60)
          61    4.352864    8.525687  (      61)
          62    4.352871   10.300992  (      62)
          63    4.353533    8.505503  (      63)
          64    4.353903    8.578715  (      64)
          65    4.355393   10.220398  (      65)
          66    4.355711    7.355470  (      66)
          67    4.357271    8.502290  (      67)
          68    4.357902    8.503808  (      68)
          69    4.358096    8.504269  (      69)
          70    4.358291    8.504731  (      70)
          71    4.358946    8.506259  (      71)
          72    4.359128    7.197385  (      72)
          73    4.360000   10.971902  (      73)
          74    4.362686    8.503052  (      74)
          75    4.366798    8.484357  (      75)
          76    4.370769    8.753789  (      76)
          77    4.375500    9.524360  (      77)
          78    4.381507    8.031340  (      78)
          79    4.384477    7.960041  (      79)
          80    4.385840    9.588556  (      80)
          81    4.386717    9.705819  (      81)
          82    4.391401    8.768366  (      82)
          83    4.391550    8.485121  (      83)
          84    4.393202    7.824131  (      84)
          85    4.397119    9.631329  (      85)
          86    4.398298    8.445461  (      86)
          87    4.402841    8.300812  (      87)
          88    4.403339    8.682549  (      88)
          89    4.413468   11.166510  (      89)
          90    4.413693    9.623338  (      90)
          91    4.414635    7.714813  (      91)
          92    4.415380    7.728012  (      92)
          93    4.416170   10.708322  (      93)
          94    4.417000   10.584512  (      94)
          95    4.418119    7.869533  (      95)
          96    4.418215    7.745980  (      96)
          97    4.419718    7.752171  (      97)
          98    4.419791   10.731309  (      98)
          99    4.425495    8.059224  (      99)
         100    4.426051    7.026434  (     100)
