The coordinates (x,y) of 2D-vertices arranged in clockwise direction
Task :    1
Hull    1
   -0.1786000000E+00    0.4858952800E+00
   -0.8010000000E-01    0.6282455000E+00
    0.8900000000E+00    0.1319165400E+01
    0.1000000000E+01    0.8578383600E+00
    0.9397000000E+00    0.3411069300E+00
    0.3214000000E+00    0.2246706000E-01
    0.2734000000E+00    0.0000000000E+00
   -0.1094000000E+00    0.0000000000E+00
Hull    2
    0.3584000000E+00    0.2055614000E+00
    0.7657000000E+00    0.6008142000E+00
    0.9788000000E+00    0.6644400000E+00
    0.9788000000E+00    0.6644400000E+00
    0.1598400000E+01    0.5129593200E+00
    0.8071000000E+00   -0.5568032100E+00
    0.5401000000E+00   -0.3884344800E+00
    0.3778000000E+00    0.1867008000E-01
