        Rank        RMSE       MaxAE  Feature_ID
           1   23.212347   64.191055  (       1   11002)
           2   23.240558   59.007661  (       1   10214)
           3   24.138738   71.950020  (       1   10278)
           4   24.538444   61.870344  (       1   12109)
           5   24.823835   69.508160  (       1   12947)
           6   24.893264   69.619267  (       1   12425)
           7   24.894817   69.628809  (       1   12406)
           8   24.896401   69.638335  (       1   12393)
           9   25.039466   75.175040  (      87   12062)
          10   25.063707   65.497545  (       1   14907)
          11   25.084206   61.882023  (       1   10002)
          12   25.189522   65.001970  (       1   10003)
          13   25.235514   53.768560  (       1   10001)
          14   25.266812   69.626570  (       1   12614)
          15   25.269763   56.361211  (       1   10011)
          16   25.286294   69.705033  (       1   11497)
          17   25.435210   66.816248  (       1   10327)
          18   25.454109   64.410766  (       1   10004)
          19   25.524844   57.764180  (       1   19358)
          20   25.524934   57.754189  (       1   19298)
          21   25.525049   57.744216  (       1   19222)
          22   25.543741   67.772711  (       1   15959)
          23   25.576425   54.538327  (       1   10129)
          24   25.587979   65.820170  (       1   10005)
          25   25.620783   60.101852  (       1   10050)
          26   25.670310   62.177802  (       1   10006)
          27   25.677681   62.671414  (       1   15475)
          28   25.691691   62.068588  (       1   10008)
          29   25.700862   62.094824  (       1   10009)
          30   25.703856   56.919308  (       1   18604)
          31   25.706353   64.480851  (       1   10190)
          32   25.710346   62.120917  (       1   10010)
          33   25.725931   58.011717  (       1   10480)
          34   25.734553   59.237534  (       1   10007)
          35   25.740941   65.156994  (       1   10014)
          36   25.743684   62.006904  (       1   10012)
          37   25.748433   65.071431  (       1   10017)
          38   25.755607   65.094127  (       1   10018)
          39   25.763022   65.116666  (       1   10019)
          40   25.779662   65.025525  (       1   10024)
          41   25.786787   60.726986  (       1   10015)
          42   25.792432   70.760147  (       1   10056)
          43   25.839272   60.943588  (       1   10042)
          44   25.857728   58.140780  (       1   10026)
          45   25.874070   60.951215  (       1   10030)
          46   25.878893   63.069193  (       1   10016)
          47   25.881284   60.545507  (       1   10028)
          48   25.881420   58.184556  (       1   10023)
          49   25.885652   58.813242  (       1   10022)
          50   25.893462   57.788875  (       1   10631)
          51   25.898454   56.889296  (       1   10074)
          52   25.903777   60.758959  (       1   10025)
          53   25.914130   65.390070  (       1   10032)
          54   25.927941   59.929495  (       1   10043)
          55   25.947904   57.822047  (       1   10051)
          56   25.956284   59.671122  (       1   10048)
          57   25.968081   55.179417  (       1   10101)
          58   25.974746   56.675706  (       1   10555)
          59   25.976523   66.638169  (      87   14988)
          60   26.004141   61.334404  (       1   10021)
          61   26.005886   57.256829  (       1   10595)
          62   26.006819   60.870235  (       1   10029)
          63   26.007331   73.750781  (      87   12108)
          64   26.009136   53.904425  (       1   10546)
          65   26.010376   57.234495  (       1   10599)
          66   26.011778   61.136327  (       1   10027)
          67   26.014908   57.212095  (       1   10603)
          68   26.015953   56.498473  (       1   10474)
          69   26.027545   60.817110  (       1   10033)
          70   26.035627   60.852833  (       1   10034)
          71   26.036013   57.925709  (       1   10764)
          72   26.037624   68.931453  (       1   10013)
          73   26.038099   60.863521  (       1   10035)
          74   26.040596   60.874212  (       1   10036)
          75   26.049132   60.909975  (       1   10037)
          76   26.053105   62.509680  (       1   10041)
          77   26.058338   61.080808  (       1   10045)
          78   26.059010   61.371125  (       1   10039)
          79   26.072887   60.857384  (       1   10040)
          80   26.082856   60.592767  (       1   10044)
          81   26.107352   60.902805  (       1   10031)
          82   26.110325   57.830475  (       1   10086)
          83   26.113742   62.374931  (       1   10053)
          84   26.119126   54.708313  (       1   10888)
          85   26.125350   70.989245  (      28   10057)
          86   26.126737   60.398738  (       1   10049)
          87   26.133002   73.742986  (      87   13505)
          88   26.133838   59.972268  (       1   10097)
          89   26.141979   63.463847  (       1   10054)
          90   26.149307   60.927251  (       1   10148)
          91   26.149561   58.046956  (       1   10146)
          92   26.152867   58.597732  (       1   10047)
          93   26.160647   65.653750  (       1   10020)
          94   26.160811   65.113877  (       1   10122)
          95   26.173166   58.644768  (       1   10063)
          96   26.178831   59.968891  (       1   10057)
          97   26.181378   64.579262  (       1   10058)
          98   26.183315   64.478502  (       1   10067)
          99   26.183379   58.067072  (       1   10083)
         100   26.185748   67.732436  (       1   16399)
