     Index              y_true              y_pred        descriptor_1        descriptor_2
         1    0.2050000000E+02    0.1701584944E+02    0.1000000000E+01    0.0000000000E+00
         2    0.1399000000E+03    0.1292725261E+03    0.2864000000E+00    0.0000000000E+00
         3    0.4610000000E+03    0.4209574056E+03   -0.1567800000E+01    0.0000000000E+00
         4    0.2256100000E+03    0.2388391956E+03   -0.4101000000E+00    0.0000000000E+00
         5    0.3200000000E+03    0.2850569809E+03   -0.7039000000E+00    0.0000000000E+00
         6    0.1114000000E+03    0.1506190263E+03    0.2882000000E+00    0.3401223946E-01
         7    0.3540000000E+03    0.3525548391E+03   -0.1117300000E+01    0.3877351296E-02
         8    0.1338500000E+03    0.1808545949E+03   -0.4150000000E-01    0.0000000000E+00
         9    0.3137600000E+03    0.3220178011E+03   -0.9656000000E+00   -0.6615905472E-02
        10    0.3535000000E+03    0.3612616574E+03   -0.1345700000E+01   -0.3893010826E-01
        11    0.2800000000E+03    0.2892153091E+03   -0.9583000000E+00   -0.5639143536E-01
        12    0.2287000000E+03    0.2199252266E+03   -0.6879000000E+00   -0.9846060000E-01
        13    0.2606000000E+03    0.2323905065E+03   -0.2702000000E+00    0.2446628920E-01
        14    0.2677000000E+03    0.2789810083E+03   -0.6338000000E+00    0.7786117140E-02
        15    0.3116500000E+03    0.3119396803E+03   -0.9048000000E+00   -0.7423611516E-02
        16    0.2195740000E+03    0.1835768358E+03   -0.1720000000E-01    0.1029170734E-01
        17    0.2234200000E+03    0.2234369088E+03   -0.3098000000E+00    0.5911631880E-03
        18    0.1721500000E+03    0.1831248298E+03   -0.3111000000E+00   -0.6312041539E-01
        19    0.1984000000E+03    0.2070926997E+03   -0.7487000000E+00   -0.1336794648E+00
        20    0.1516000000E+03    0.1739560601E+03    0.1740000000E-01    0.3722135625E-02
        21    0.1839000000E+03    0.1563429540E+03   -0.1084000000E+00   -0.5509299882E-01
        22    0.2720000000E+03    0.3029452665E+03   -0.1612200000E+01   -0.1965550355E+00
        23    0.3340000000E+03    0.3237710618E+03   -0.9500000000E+00    0.0000000000E+00
        24    0.4062400000E+03    0.3861988534E+03   -0.1210400000E+01    0.3375201524E-01
        25    0.3590000000E+03    0.3747609428E+03   -0.1633700000E+01   -0.8894461356E-01
        26    0.3410000000E+03    0.3007120705E+03   -0.1399600000E+01   -0.1474763330E+00
        27    0.3474000000E+03    0.3659407423E+03   -0.1278400000E+01   -0.1492449083E-01
        28    0.3124500000E+03    0.3217404120E+03   -0.1048000000E+01   -0.2743518898E-01
        29    0.2930000000E+03    0.2995069612E+03   -0.1407800000E+01   -0.1513997599E+00
        30    0.3410000000E+03    0.3292557799E+03   -0.1082900000E+01   -0.2425054236E-01
        31    0.2300000000E+03    0.2140155138E+03   -0.5444000000E+00   -0.7225625680E-01
        32    0.4260000000E+03    0.4570640654E+03   -0.1440900000E+01    0.8816801115E-01
        33    0.3525250000E+03    0.3410707484E+03   -0.9043000000E+00    0.3850813954E-01
        34    0.3092000000E+03    0.3088489824E+03   -0.8580000000E+00   -0.7068710880E-03
        35    0.3520000000E+03    0.3400091498E+03   -0.1102500000E+01   -0.1218947246E-01
        36    0.3670000000E+03    0.3897565542E+03   -0.1411300000E+01   -0.1034972631E-01
