      rank       #data_overlap        size_overlap          feature_ID
         1                  39             0.29354   (       1)
         2                  39             0.38562   (       2)
         3                  39             0.54896   (       3)
         4                  40             0.22094   (       4)
         5                  41             0.29354   (       6)
         6                  41             0.29354   (       7)
         7                  41             0.29354   (       8)
         8                  41             0.33751   (       9)
         9                  41             0.34918   (      10)
        10                  41             0.41181   (      11)
        11                  41             0.43814   (      12)
        12                  42             0.21953   (      13)
        13                  42             0.21953   (      14)
        14                  42             0.21953   (      15)
        15                  42             0.26758   (      16)
        16                  42             0.27867   (      17)
        17                  42             0.29354   (      18)
        18                  42             0.29354   (      19)
        19                  42             0.29354   (      20)
        20                  42             0.29354   (      21)
        21                  42             0.29354   (      22)
        22                  42             0.29354   (      23)
        23                  42             0.29354   (      24)
        24                  42             0.29354   (      25)
        25                  42             0.29354   (      26)
        26                  42             0.29354   (      27)
        27                  42             0.29354   (      28)
        28                  42             0.29354   (      29)
        29                  42             0.29354   (      30)
        30                  42             0.29354   (      31)
        31                  42             0.29354   (      32)
        32                  42             0.29748   (      33)
        33                  42             0.41413   (      34)
        34                  42             0.41413   (      35)
        35                  42             0.41413   (      36)
        36                  42             0.41443   (      37)
        37                  42             0.42105   (      38)
        38                  42             0.43814   (      39)
        39                  42             0.43814   (      40)
        40                  42             0.43814   (      41)
        41                  42             0.43814   (      42)
        42                  42             0.43814   (      43)
        43                  42             0.43874   (      44)
        44                  42             0.44793   (      45)
        45                  42             0.44995   (      46)
        46                  42             0.46753   (      47)
        47                  42             0.49306   (      48)
        48                  42             0.52651   (      49)
        49                  42             0.54896   (      50)
        50                  42             0.58672   (      51)
        51                  42             0.58672   (      52)
        52                  42             0.58672   (      53)
        53                  42             0.58672   (      54)
        54                  42             0.58672   (      55)
        55                  42             0.61855   (      56)
        56                  42             0.62616   (      57)
        57                  42             0.62616   (      58)
        58                  43             0.28856   (      60)
        59                  43             0.29100   (      61)
        60                  43             0.29354   (      62)
        61                  43             0.29365   (      63)
        62                  43             0.32914   (      64)
        63                  43             0.33751   (      65)
        64                  43             0.33751   (      66)
        65                  43             0.33751   (      67)
        66                  43             0.33751   (      68)
        67                  43             0.33751   (      69)
        68                  43             0.40427   (      70)
        69                  43             0.41413   (      71)
        70                  43             0.41413   (      72)
        71                  43             0.43814   (      73)
        72                  43             0.43814   (      74)
        73                  43             0.46753   (      75)
        74                  43             0.46753   (      76)
        75                  43             0.46753   (      77)
        76                  43             0.51796   (      78)
        77                  43             0.54893   (      79)
        78                  43             0.54896   (      80)
        79                  43             0.54896   (      81)
        80                  43             0.54896   (      82)
        81                  43             0.54896   (      83)
        82                  43             0.54896   (      84)
        83                  43             0.54896   (      85)
        84                  43             0.54896   (      86)
        85                  43             0.55057   (      87)
        86                  43             0.58672   (      88)
        87                  43             0.58672   (      89)
        88                  43             0.58672   (      90)
        89                  43             0.58672   (      91)
        90                  43             0.58672   (      92)
        91                  43             0.59585   (      93)
        92                  43             0.62616   (     102)
        93                  43             0.62616   (     101)
        94                  43             0.62616   (      94)
        95                  43             0.62616   (      95)
        96                  43             0.62616   (      96)
        97                  43             0.62616   (      97)
        98                  43             0.62616   (      98)
        99                  43             0.62616   (      99)
       100                  43             0.62616   (     100)
