Model_ID, [(c_i,i=0,n)_j,j=1,ntask]
           1    0.2690607468E+01    0.1310672356E+03   -0.1351096317E+02
           2    0.3579844846E+01    0.1294795383E+03    0.1006140702E+02
           3    0.3688350115E+01    0.1332096707E+03    0.1011533414E+02
           4    0.3342308020E+01    0.1321783083E+03   -0.9852919756E+01
           5    0.3371984537E+01    0.1344126698E+03   -0.1173289932E+02
           6    0.3363378747E+01    0.1332603509E+03   -0.9644352602E+01
           7    0.3115989063E+01    0.2062421053E+03   -0.3043255905E+02
           8    0.3182984197E+01    0.2123097480E+03   -0.2800908492E+02
           9    0.1683648847E+01    0.2237932697E+03    0.3056232384E+02
          10    0.1839981653E+01    0.1353390937E+03    0.2999719227E+02
          11    0.3036854940E+01    0.2033451080E+03   -0.2398612499E+02
          12    0.2406172792E+01    0.1239459070E+03    0.2561090373E+02
          13    0.3381375189E+01    0.1347014549E+03   -0.9367806773E+01
          14    0.1613474097E+01    0.1469602628E+03    0.2934350409E+02
          15    0.2928672699E+01    0.1339718665E+03   -0.1620638110E+02
          16    0.3111296648E+01    0.2047423371E+03   -0.2512987469E+02
          17    0.2974377768E+01    0.1337285722E+03   -0.2981198771E+02
          18    0.1876218642E+01    0.1614642811E+03   -0.6409665232E+01
          19    0.1584093155E+01    0.7348880214E+02    0.3179129713E+02
          20    0.3140194441E+01    0.2027872351E+03   -0.2335078803E+02
          21    0.1905095168E+01    0.1325008143E+03    0.3040199185E+02
          22    0.7123590756E+01    0.1237845648E+03   -0.1566198042E+03
          23    0.3405057292E+01    0.1325271758E+03    0.1053070744E+02
          24    0.1492562764E+01    0.1262255205E+03   -0.1601191372E+02
          25    0.9940373209E+01    0.8719328642E+02   -0.1775337582E+02
          26    0.2512825852E+01    0.2126002244E+03    0.1351574795E+02
          27    0.3055370173E+01    0.1347068460E+03   -0.3110522429E+02
          28    0.2526704869E+01    0.1976608903E+03    0.1433325255E+02
          29    0.1761789177E+01   -0.1361999350E+03    0.2998232378E+02
          30    0.2551667611E+01    0.1771283659E+03   -0.1455686195E+02
          31    0.3206571812E+01    0.2040865252E+03   -0.2427318842E+02
          32    0.2872380779E+01    0.1367998467E+03   -0.1204645163E+02
          33    0.2457537358E+01    0.1592451540E+03   -0.1211454538E+02
          34    0.2806307364E+01    0.1401181544E+03   -0.1155484642E+02
          35    0.2267639653E+01    0.1414956791E+03   -0.1198712121E+02
          36    0.3055927418E+01    0.1439084756E+03    0.1057053775E+02
          37    0.3846728642E+01    0.8306490873E+02    0.9241327165E+01
          38    0.2064939472E+01    0.1368446603E+03    0.6526456274E+01
          39    0.2064529602E+01    0.1368237894E+03   -0.1305186795E+02
          40    0.2063579152E+01    0.1367659996E+03   -0.6524072410E+01
          41    0.2079317396E+01    0.1372819363E+03   -0.1304871816E+02
          42    0.8578621884E+01    0.1385098505E+03   -0.5705467797E+01
          43    0.2196620790E+01    0.1429780602E+03   -0.1175953392E+02
          44    0.2455243396E+01    0.1225535568E+03    0.1124195426E+03
          45    0.2201790197E+01    0.1418831985E+03    0.5879186288E+01
          46    0.1960628514E+01    0.1275931904E+03   -0.1502878957E+02
          47    0.2065173540E+01    0.1364662755E+03   -0.1299945199E+02
          48    0.2656978801E+01    0.2106681499E+03    0.1338562746E+02
          49    0.2057850658E+01    0.1392259969E+03   -0.1291916276E+02
          50    0.2964010870E+01    0.1351389569E+03   -0.3202014048E+02
          51    0.2199201753E+01    0.1423120836E+03   -0.5833882811E+01
          52    0.2325627883E+01    0.1351753348E+03    0.1286370048E+02
          53    0.6913818793E+01    0.1160102471E+03   -0.6341269773E+02
          54    0.2196700754E+01    0.1367240709E+03   -0.1531278255E+02
          55    0.3013331819E+01    0.1236273405E+03    0.9423910233E+01
          56    0.2594322499E+01    0.2111051397E+03    0.1344436303E+02
          57    0.2295523278E+01    0.1377468895E+03    0.6844098238E+01
          58    0.2947813237E+01    0.1286670941E+03   -0.8843928640E+02
          59    0.4919159061E+00    0.1242480846E+03   -0.1908885571E+02
          60    0.9755708876E+00    0.5536801882E+02    0.1002071633E+03
          61    0.9735930336E+00    0.5536128318E+02   -0.1002252777E+03
          62    0.3104814356E+01    0.1398751993E+03   -0.1822932900E+02
          63    0.2886616309E+01    0.1338757002E+03   -0.3041538038E+02
          64    0.6197606838E+01    0.1666235784E+03    0.1666814960E+02
          65    0.9716103871E+00    0.5535482064E+02   -0.1002422047E+03
          66    0.2166183972E+01    0.1387616828E+03   -0.1286242216E+02
          67    0.9709715898E+01    0.1382281482E+03    0.1515950990E+02
          68    0.2287733215E+01    0.1408954302E+03   -0.7827807729E+01
          69    0.2840947211E+01    0.1415624305E+03   -0.1143242911E+02
          70    0.2999218085E+01    0.1510643522E+03   -0.1662235707E+02
          71    0.2534323395E+01    0.2117491272E+03   -0.1347278684E+02
          72    0.2115640481E+01    0.1362114864E+03   -0.1273686406E+02
          73    0.2915861803E+01    0.1417998104E+03    0.1125877508E+02
          74    0.1932352967E+01    0.1680066808E+03   -0.1281455155E+02
          75    0.2996606798E+01    0.1363421648E+03    0.5868056891E+01
          76    0.6935429679E+01    0.1169356637E+03    0.6303267033E+02
          77    0.1244066553E+01    0.6936978275E+02    0.3433093094E+02
          78    0.2117905592E+01    0.1413213879E+03    0.1261636037E+02
          79    0.3123298764E+01    0.1971245138E+03   -0.6939407785E+02
          80    0.2254832845E+01    0.1420577800E+03   -0.1141526292E+02
          81    0.1399315798E+01    0.2259877320E+03   -0.3094261270E+02
          82    0.1946348868E+01    0.1683501676E+03   -0.1271530339E+02
          83    0.1123730411E+02    0.1078106672E+03   -0.1988309380E+02
          84    0.1987079006E+01    0.1405775601E+03   -0.1221722838E+02
          85    0.2755261041E+01    0.1385913547E+03    0.1042203428E+02
          86    0.4480457086E+01    0.1371312238E+03   -0.7608552635E+01
          87    0.2302226578E+01    0.1396672211E+03   -0.7681695941E+01
          88    0.6328390981E+01    0.1594762896E+03    0.1801929474E+02
          89    0.3391069065E+01    0.1413499394E+03   -0.9965309887E+01
          90    0.3166547299E+01    0.1372041743E+03   -0.8491742481E+01
          91    0.4081531344E+01    0.1974531714E+03   -0.1546733886E+02
          92    0.2875579061E+01    0.1363491491E+03    0.1786372960E+02
          93    0.3130247704E+01   -0.9417523718E+02   -0.2917569331E+02
          94    0.3051318772E+01    0.1455657217E+03   -0.1744230042E+02
          95    0.3547877284E+01    0.9676258886E+02   -0.1107265632E+02
          96    0.1339816350E+01    0.1484718434E+03   -0.2967658795E+02
          97    0.3357833017E+01   -0.9319772029E+02    0.4033049859E+02
          98    0.1570514110E+01    0.1366854984E+03   -0.3031948611E+02
          99    0.2222492066E+01    0.1412888075E+03    0.1248016575E+02
         100    0.4356222777E+01   -0.9265863701E+02    0.1283537481E+02
