Model_ID, [(c_i,i=0,n)_j,j=1,ntask]
           1    0.5992215275E+01    0.1703122558E+03
           2    0.5768559617E+01    0.1708971040E+03
           3    0.5849600073E+01    0.2647203005E+03
           4    0.9347779978E+01   -0.5800919513E+02
           5    0.6248585285E+01    0.1901791236E+03
           6    0.6267051483E+01    0.3180304771E+03
           7    0.3730952841E+01    0.2833557461E+03
           8    0.6483074332E+01    0.1364010102E+03
           9    0.6411734453E+01    0.3241822353E+03
          10    0.6172064903E+01    0.1944154398E+03
          11    0.6031627236E+01   -0.9232658825E+02
          12    0.5981126802E+01    0.1352742071E+03
          13    0.6511618435E+01    0.2283858024E+03
          14    0.6309662839E+01    0.9065622541E+02
          15    0.6290301226E+01   -0.8700414646E+02
          16    0.6405369065E+01    0.2213788752E+03
          17    0.6405036253E+01    0.1106178886E+03
          18    0.5495992012E+01    0.2095457359E+03
          19    0.6550492487E+01    0.1623405050E+03
          20    0.6551259043E+01    0.3246781342E+03
          21    0.6587822549E+01    0.1147227830E+03
          22    0.6592999951E+01    0.2294849671E+03
          23    0.8648597791E+01    0.1100358231E+03
          24    0.6560040560E+01    0.3246418559E+03
          25    0.3936900750E+01    0.3005258109E+03
          26    0.5694217201E+01    0.3675170013E+03
          27    0.6571195239E+01    0.3245871977E+03
          28    0.5688592554E+01    0.3661172348E+03
          29    0.6721179105E+01    0.1435476659E+03
          30    0.6733189565E+01    0.1834582640E+03
          31    0.6723693077E+01   -0.1830875060E+03
          32    0.6713090462E+01   -0.1825957796E+03
          33    0.8281843766E+01    0.1113468268E+03
          34    0.6708544487E+01   -0.1823522231E+03
          35    0.6605549062E+01    0.1429219426E+03
          36    0.6681838143E+01   -0.1800818902E+03
          37    0.5980772656E+01    0.1938358367E+03
          38    0.5661976625E+01    0.2381197672E+03
          39    0.7269402117E+01   -0.2996579188E+03
          40    0.6278502169E+01    0.3002097005E+03
          41    0.6694473002E+01    0.2297359424E+03
          42    0.6280312733E+01    0.1499413025E+03
          43    0.5853485410E+01   -0.1953807194E+03
          44    0.6896152380E+01    0.1859015798E+03
          45    0.8545764769E+01    0.1101288860E+03
          46    0.8777441082E+01    0.1084181901E+03
          47    0.6292956733E+00    0.7848786521E+02
          48    0.6166893997E+01    0.1905391213E+03
          49    0.5724262147E+01    0.1750768972E+03
          50    0.8022582319E+01    0.1119225865E+03
          51    0.5898055890E+01    0.3217150221E+03
          52    0.5847990369E+01   -0.3019937540E+03
          53    0.6684530807E+01    0.1168727136E+03
          54    0.5641002916E+01    0.2378500851E+03
          55    0.6949333109E+01    0.2657731114E+03
          56    0.6676622586E+01    0.1753514855E+03
          57    0.6697244207E+01    0.1418989064E+03
          58    0.6676552462E+01    0.8760135887E+02
          59    0.6676677478E+01    0.8760081110E+02
          60    0.6676853744E+01    0.8760003852E+02
          61    0.6676916265E+01   -0.8759976442E+02
          62    0.6677155098E+01    0.8759871702E+02
          63    0.6677393976E+01   -0.8759766889E+02
          64    0.6677456525E+01    0.8759739436E+02
          65    0.6677632901E+01    0.8759662004E+02
          66    0.6677758024E+01   -0.8759607056E+02
          67    0.6887342814E+01    0.1063984707E+03
          68    0.7028693183E+01    0.8309524668E+02
          69    0.6434267101E+01    0.2123137064E+03
          70    0.6678415478E+01   -0.1748657762E+03
          71    0.5718351370E+01    0.3513102358E+03
          72    0.7969433815E+01   -0.1112018441E+03
          73    0.6018527703E+01    0.1591926626E+03
          74    0.6175943456E+01    0.1858824012E+03
          75    0.5902624846E+01    0.6929458635E+02
          76    0.6834231610E+01    0.2290204705E+03
          77    0.7032183571E+01    0.1858399674E+03
          78    0.6334485344E+01    0.2918235193E+03
          79    0.6853126371E+01    0.2288597359E+03
          80    0.7257014761E+01    0.2697542798E+03
          81    0.5812703336E+01    0.2410775382E+03
          82    0.6398786987E+01    0.2381849007E+03
          83    0.8533718756E+01    0.1087431063E+03
          84    0.7050998248E+01    0.1857599911E+03
          85    0.1867311412E+02   -0.4082386573E+02
          86    0.6949956411E+01    0.1316923909E+03
          87    0.6644567860E+01   -0.1865369107E+03
          88    0.7460843287E+01    0.3531985303E+02
          89    0.7113226162E+01    0.8170273230E+02
          90    0.7113695545E+01    0.8170093306E+02
          91    0.7113906471E+01    0.8170012381E+02
          92    0.7114117434E+01   -0.8169931396E+02
          93    0.7114587173E+01   -0.8169750909E+02
          94    0.6688295897E+01    0.3186995664E+03
          95    0.7062033539E+01   -0.1857067694E+03
          96    0.6124870812E+01    0.2374472482E+03
          97    0.6767917964E+01    0.7309136451E+02
          98    0.5909503530E+01   -0.1793955498E+03
          99    0.5789816559E+01    0.2866252913E+03
         100    0.1220659166E+02   -0.3732410678E+02
