        Rank        RMSE       MaxAE  Feature_ID
           1   25.977177   54.112857  (       1)
           2   26.620769   58.431973  (       2)
           3   26.877678   59.299892  (       3)
           4   27.368147   65.498910  (       4)
           5   27.393174   66.927969  (       5)
           6   27.426098   54.356174  (       6)
           7   27.601241   64.698198  (       7)
           8   27.687386   65.372010  (       8)
           9   27.789730   54.648304  (       9)
          10   27.805519   72.761325  (      10)
          11   27.849711   54.605337  (      11)
          12   27.935333   60.480574  (      12)
          13   28.013530   64.024000  (      13)
          14   28.186033   64.225907  (      14)
          15   28.342820   67.568662  (      15)
          16   28.425330   67.501484  (      16)
          17   28.448836   81.536174  (      17)
          18   28.598387   72.504419  (      18)
          19   28.619470   66.790377  (      19)
          20   28.687134   50.243289  (      20)
          21   28.720961   63.853630  (      21)
          22   28.731174   58.297989  (      22)
          23   28.757351   60.490156  (      23)
          24   28.813752   84.672884  (      24)
          25   28.839743   63.038827  (      25)
          26   28.955887   80.192598  (      26)
          27   28.974914   69.943234  (      27)
          28   29.020763   65.876912  (      28)
          29   29.065028   81.639514  (      29)
          30   29.109809   77.449140  (      30)
          31   29.190137   60.740520  (      31)
          32   29.244604   62.550358  (      32)
          33   29.290822   66.074945  (      33)
          34   29.346361   52.100593  (      34)
          35   29.398473   60.971009  (      35)
          36   29.445473   91.237018  (      36)
          37   29.487876   60.159114  (      37)
          38   29.493765   58.154317  (      38)
          39   29.552288   72.303127  (      39)
          40   29.573930   59.134420  (      40)
          41   29.612419   65.343308  (      41)
          42   29.691260   63.181189  (      42)
          43   29.707105   65.873582  (      43)
          44   29.742571   69.022336  (      44)
          45   29.773883   59.048852  (      45)
          46   29.775768   65.954858  (      46)
          47   29.776839   56.189257  (      47)
          48   29.777699   81.386122  (      48)
          49   29.784664   74.615117  (      49)
          50   29.787831   76.856966  (      50)
          51   29.817467   77.720349  (      51)
          52   29.829089   54.606244  (      52)
          53   29.841644   68.581580  (      53)
          54   29.873238   75.444598  (      54)
          55   29.895423   60.624924  (      55)
          56   29.946629   64.921103  (      56)
          57   29.998796   63.631087  (      57)
          58   30.008385   62.243648  (      58)
          59   30.038064   75.964867  (      59)
          60   30.040816   60.239376  (      60)
          61   30.046079   77.200221  (      61)
          62   30.063885   77.020212  (      62)
          63   30.086528   72.738125  (      63)
          64   30.116183   63.681514  (      64)
          65   30.116369   60.312115  (      65)
          66   30.119038   61.487360  (      66)
          67   30.168682   81.245986  (      67)
          68   30.173856   67.582114  (      68)
          69   30.201435   86.880229  (      69)
          70   30.225358   79.499216  (      70)
          71   30.282666   74.547813  (      71)
          72   30.322519   72.216193  (      72)
          73   30.322848   93.688346  (      73)
          74   30.344699   65.200080  (      74)
          75   30.370895   73.753160  (      75)
          76   30.404518   64.569503  (      76)
          77   30.418787   70.874220  (      77)
          78   30.419901   63.824605  (      78)
          79   30.439914   73.176389  (      79)
          80   30.464276   77.629232  (      80)
          81   30.466239   67.842236  (      81)
          82   30.506789   62.568824  (      82)
          83   30.542268   75.988678  (      83)
          84   30.577162   74.673707  (      84)
          85   30.584769   80.186835  (      85)
          86   30.597843   64.175989  (      86)
          87   30.599443   59.139817  (      87)
          88   30.624963   62.344084  (      88)
          89   30.660755   76.367393  (      89)
          90   30.673593   71.388266  (      90)
          91   30.721535   78.240552  (      91)
          92   30.757113   62.601745  (      92)
          93   30.765357   73.954543  (      93)
          94   30.772627   62.777618  (      94)
          95   30.776917   74.874910  (      95)
          96   30.777781   86.019356  (      96)
          97   30.786783   78.314785  (      97)
          98   30.787589   76.874252  (      98)
          99   30.789086   91.986025  (      99)
         100   30.805597   65.093318  (     100)
