      rank       #data_overlap        size_overlap          feature_ID
         1                  41             0.46537   (       1)
         2                  42             0.45373   (       3)
         3                  42             0.48140   (       4)
         4                  42             0.51695   (       5)
         5                  42             0.57032   (       6)
         6                  42             0.69882   (       7)
         7                  43             0.32415   (      11)
         8                  43             0.35770   (      12)
         9                  43             0.35770   (      13)
        10                  43             0.47711   (      14)
        11                  43             0.50757   (      15)
        12                  43             0.57032   (      16)
        13                  43             0.66927   (      17)
        14                  43             0.66927   (      18)
        15                  43             0.66927   (      19)
        16                  43             0.72838   (      20)
        17                  43             0.75626   (      21)
        18                  43             0.75626   (      22)
        19                  43             0.76297   (      23)
        20                  44             0.35770   (      36)
        21                  44             0.35770   (      37)
        22                  44             0.35770   (      38)
        23                  44             0.46537   (      39)
        24                  44             0.46537   (      40)
        25                  44             0.47167   (      41)
        26                  44             0.47711   (      42)
        27                  44             0.47711   (      43)
        28                  44             0.48140   (      44)
        29                  44             0.48948   (      45)
        30                  44             0.51292   (      46)
        31                  44             0.51695   (      47)
        32                  44             0.51695   (      48)
        33                  44             0.51695   (      49)
        34                  44             0.51695   (      50)
        35                  44             0.52122   (      51)
        36                  44             0.54487   (      52)
        37                  44             0.57032   (      53)
        38                  44             0.57032   (      54)
        39                  44             0.59561   (      55)
        40                  44             0.61899   (      56)
        41                  44             0.65956   (      57)
        42                  44             0.66927   (      58)
        43                  44             0.66927   (      59)
        44                  44             0.66927   (      60)
        45                  44             0.66927   (      61)
        46                  44             0.66927   (      62)
        47                  44             0.66927   (      63)
        48                  44             0.72100   (      64)
        49                  44             0.72442   (      65)
        50                  44             0.75626   (      66)
        51                  44             0.75626   (      67)
        52                  44             0.75626   (      68)
        53                  44             0.75626   (      69)
        54                  45             0.28790   (      80)
        55                  45             0.30094   (      81)
        56                  45             0.31183   (      82)
        57                  45             0.31340   (      83)
        58                  45             0.35770   (      84)
        59                  45             0.35770   (      85)
        60                  45             0.46537   (      86)
        61                  45             0.46537   (      87)
        62                  45             0.47705   (      88)
        63                  45             0.47711   (      89)
        64                  45             0.47711   (      90)
        65                  45             0.48140   (      91)
        66                  45             0.48140   (      92)
        67                  45             0.48140   (      93)
        68                  45             0.48832   (      94)
        69                  45             0.49746   (      95)
        70                  45             0.49746   (      96)
        71                  45             0.51695   (      97)
        72                  45             0.51695   (      98)
        73                  45             0.52233   (      99)
        74                  45             0.52240   (     101)
        75                  45             0.52240   (     102)
        76                  45             0.52240   (     100)
        77                  45             0.52948   (     103)
        78                  45             0.55532   (     104)
        79                  45             0.55532   (     105)
        80                  45             0.55806   (     106)
        81                  45             0.56294   (     107)
        82                  45             0.57032   (     108)
        83                  45             0.57032   (     109)
        84                  45             0.57032   (     110)
        85                  45             0.57123   (     111)
        86                  45             0.59602   (     112)
        87                  45             0.59767   (     113)
        88                  45             0.64274   (     114)
        89                  45             0.66281   (     115)
        90                  45             0.66927   (     116)
        91                  45             0.66927   (     117)
        92                  45             0.66927   (     118)
        93                  45             0.69932   (     119)
        94                  45             0.70695   (     120)
        95                  45             0.75626   (     123)
        96                  45             0.75626   (     124)
        97                  45             0.75626   (     122)
        98                  45             0.75626   (     121)
        99                  45             0.76297   (     125)
       100                  45             0.76297   (     126)
