The coordinates (x,y) of 2D-vertices arranged in clockwise direction
Task :    1
Hull    1
   -0.3629000000E+00    0.0000000000E+00
   -0.2632000000E+00    0.3030530007E-01
   -0.1262000000E+00    0.6625692194E-01
    0.9370000000E-01    0.4390845280E-01
    0.5147000000E+00   -0.1112533766E-01
    0.8258000000E+00   -0.7540892064E-01
    0.1415100000E+01   -0.2724081565E+00
    0.1000000000E+01   -0.9783000000E+00
   -0.3044000000E+00   -0.1711063469E+00
Hull    2
    0.2670000000E-01    0.6263848897E-01
    0.1812000000E+00    0.7396901791E-01
    0.3024000000E+00    0.6739333660E-01
    0.7599000000E+00    0.2096511047E-01
    0.9442000000E+00   -0.7408427770E-01
    0.7494000000E+00   -0.1393708255E+00
    0.1749000000E+00   -0.2044003500E-02
