Model_ID, [(c_i,i=0,n)_j,j=1,ntask]
           1    0.2779418708E+03    0.2060663247E+03
           2    0.1447709276E+03    0.1261835938E+03
           3    0.1261831798E+03    0.9440757221E+02
           4    0.2582909131E+03    0.1282286167E+03
           5    0.1522696755E+03    0.1181870473E+03
           6    0.2501063514E+03    0.1218696986E+03
           7    0.3726864299E+03    0.2708239042E+03
           8    0.2498375223E+03    0.1221621399E+03
           9    0.1427154235E+03    0.1020525765E+03
          10    0.1076207170E+03    0.1011894423E+03
          11    0.3446089027E+03    0.3036717892E+03
          12    0.2819046154E+03    0.1986907071E+03
          13    0.1627867336E+03    0.1151949588E+03
          14    0.3797360319E+03    0.3026391561E+03
          15    0.4071637683E+03    0.3612790791E+03
          16    0.2553359649E+03    0.1645693857E+03
          17    0.3996249088E+03    0.3634395034E+03
          18    0.2447732295E+03    0.1201089241E+03
          19    0.2818327489E+03    0.2190099148E+03
          20    0.3159134491E+03    0.2558270662E+03
          21    0.2828339993E+03    0.2127412488E+03
          22    0.3162853459E+03    0.2543008934E+03
          23    0.4038118909E+03   -0.3466805036E+03
          24    0.2830978461E+03    0.2121090718E+03
          25    0.3653613570E+03   -0.2989683792E+03
          26    0.2688500613E+03   -0.1769228943E+03
          27    0.2865094343E+03   -0.1981997280E+03
          28    0.4108934369E+03   -0.3443988017E+03
          29    0.3148658675E+03    0.2518638253E+03
          30    0.3023571959E+03    0.2376675247E+03
          31    0.2966203127E+03    0.2047446439E+03
          32    0.1459185713E+03    0.1146181407E+03
          33    0.2434972377E+03   -0.1430970704E+03
          34    0.1275912370E+03    0.1100731367E+03
          35    0.3178346314E+03    0.2565105506E+03
          36    0.3002757960E+03    0.2278888055E+03
          37    0.2969510379E+03    0.2053919927E+03
          38    0.2961405098E+03   -0.2032698268E+03
          39    0.2855748549E+03    0.2280985601E+03
          40    0.1229794637E+03    0.1476105391E+03
          41    0.3163539795E+03    0.2513210435E+03
          42    0.4122346391E+03   -0.3531706659E+03
          43    0.2836175462E+03    0.1809733955E+03
          44    0.2735114416E+03   -0.1917356673E+03
          45    0.1538165695E+03    0.1219878646E+03
          46    0.3118914091E+03   -0.2143958432E+03
          47    0.3014897250E+03    0.2263754239E+03
          48    0.3173941382E+03    0.2536645927E+03
          49    0.1439183099E+03    0.1182018942E+03
          50    0.2835150191E+03    0.2146673342E+03
          51    0.2855119419E+03   -0.2105484682E+03
          52    0.3035905641E+03    0.2468176067E+03
          53    0.3103959130E+03   -0.2202987430E+03
          54    0.3023241047E+03    0.2446471477E+03
          55    0.3112291639E+03    0.2377247499E+03
          56    0.3139073746E+03    0.2291068932E+03
          57    0.3736224019E+03   -0.3208853922E+03
          58    0.3854108347E+03    0.3229889890E+03
          59    0.2900771948E+03    0.2054519470E+03
          60    0.2429804407E+03   -0.1634748101E+03
          61    0.3114828931E+03    0.2177099058E+03
          62    0.2999582810E+03    0.2369707673E+03
          63    0.2824085201E+03    0.2135684910E+03
          64    0.3120864560E+03    0.2172915305E+03
          65    0.3147624862E+03    0.2150195160E+03
          66    0.2957798122E+03    0.2616174206E+03
          67    0.3971618616E+03   -0.3499968633E+03
          68    0.2479026032E+03   -0.1386092320E+03
          69    0.3107412649E+03    0.2408715320E+03
          70    0.2182564270E+03    0.1530076875E+03
          71    0.2956752353E+03    0.2727384142E+03
          72    0.1614640026E+03    0.1060726036E+03
          73    0.2790923828E+03   -0.1899753868E+03
          74    0.2865730710E+03    0.2207763944E+03
          75    0.4114382751E+03   -0.3523997517E+03
          76    0.2982660318E+03    0.2247790593E+03
          77    0.3123891440E+03    0.2369393606E+03
          78    0.3123877671E+03    0.2369450652E+03
          79    0.2817637896E+03    0.2194161362E+03
          80    0.2400712341E+03    0.1305386936E+03
          81    0.2815278693E+03    0.2171717860E+03
          82    0.4077947765E+03   -0.3459288554E+03
          83    0.1471188928E+03    0.1290447228E+03
          84    0.2404327859E+03    0.1301185869E+03
          85    0.3039497978E+03    0.2077053759E+03
          86    0.2826327880E+03    0.2083404613E+03
          87    0.2846004947E+03    0.2166094440E+03
          88    0.3612379216E+03    0.3107818077E+03
          89    0.3121729554E+03    0.2393314240E+03
          90    0.2872607529E+03    0.2232912126E+03
          91    0.1456708859E+03    0.1281564095E+03
          92    0.2545146296E+03   -0.1400539702E+03
          93    0.3125366588E+03    0.2414963186E+03
          94    0.2673187691E+03    0.1795559027E+03
          95    0.2589270976E+03   -0.1912333792E+03
          96    0.3099965873E+03    0.2197097978E+03
          97    0.3909448001E+03   -0.3389809015E+03
          98    0.2814990416E+03    0.2163710720E+03
          99    0.2814475088E+03    0.2160119215E+03
         100    0.2819688324E+03    0.2206598941E+03
