Model_ID, [(c_i,i=0,n)_j,j=1,ntask]
           1    0.1069876324E+02   -0.1577089453E+02   -0.2225234946E+03
           2    0.1039169871E+02   -0.1604938356E+02   -0.2198763878E+03
           3    0.1040144359E+02   -0.1603929722E+02    0.2198060889E+03
           4    0.1041109220E+02   -0.1602890421E+02    0.2197028797E+03
           5    0.1054275675E+02   -0.1637586611E+02   -0.3733737430E+03
           6    0.1048650307E+02   -0.1639893787E+02   -0.3691945390E+03
           7    0.1058293338E+02   -0.1548851471E+02    0.3163623659E+03
           8    0.1054045600E+02   -0.1635052964E+02    0.2131407679E+03
           9    0.1035575374E+02   -0.1628479054E+02    0.2685434755E+03
          10    0.1048611987E+02   -0.1635275832E+02    0.2098521505E+03
          11    0.1077809331E+02   -0.1528001322E+02    0.1103633664E+03
          12    0.1030492886E+02   -0.1553734011E+02    0.3015415012E+03
          13    0.7461033152E+01    0.1067865131E+02    0.2929994740E+03
          14    0.1045259882E+02   -0.1591240135E+02    0.1060444576E+03
          15    0.6840363071E+01    0.1078104889E+02    0.8162108568E+02
          16    0.1059005901E+02   -0.1571114215E+02    0.2058300079E+03
          17    0.1136265445E+02   -0.1575584430E+02   -0.3828925491E+03
          18    0.5202722789E+01   -0.1258380403E+03    0.3003399255E+03
          19    0.1015065514E+02   -0.1618609688E+02   -0.2139729954E+03
          20    0.7400553315E+01   -0.1112058019E+02    0.2987166905E+03
          21    0.1050823515E+02   -0.1517363649E+02   -0.1224804922E+03
          22    0.7169397810E+01   -0.1158962535E+02   -0.3464820811E+03
          23    0.5220682436E+01   -0.2509666032E+02    0.2512361621E+03
          24    0.5107363388E+01   -0.5305568301E+02   -0.1430496144E+03
          25    0.1042874625E+02   -0.1628554187E+02   -0.2084855216E+03
          26    0.1080263176E+02   -0.1515898820E+02    0.3010329823E+03
          27    0.7179124403E+01   -0.1158733979E+02   -0.3437666720E+03
          28    0.6745000155E+01   -0.1167772562E+02   -0.3385259674E+03
          29    0.1117349281E+02   -0.1523593434E+02    0.1045523863E+03
          30    0.9966557256E+01   -0.1552571358E+02    0.8598144553E+02
          31    0.6822676569E+01   -0.1162970079E+02   -0.3386955146E+03
          32    0.6788770425E+01    0.1164912249E+02   -0.3383355431E+03
          33    0.1531024572E+02    0.1673338322E+02   -0.1631154103E+03
          34    0.1041488888E+02   -0.1565577218E+02   -0.2050546768E+03
          35    0.6756049669E+01   -0.1166666870E+02   -0.3379406248E+03
          36    0.6904326132E+01   -0.1156996281E+02   -0.3330005910E+03
          37    0.6799203687E+01   -0.1162059058E+02   -0.2167547131E+03
          38    0.1076730218E+02   -0.1552305218E+02   -0.2048899420E+03
          39    0.1082609827E+02   -0.1546023483E+02   -0.2045929530E+03
          40    0.5364927897E+01   -0.5039458154E+02    0.1761026960E+03
          41    0.6889016585E+01    0.1111655887E+02   -0.2102463059E+03
          42    0.5038752018E+01   -0.2413079304E+02    0.8227907190E+02
          43    0.7255839819E+01    0.1054427867E+02    0.2888015532E+03
          44    0.6835453078E+01    0.1161596095E+02   -0.3380639469E+03
          45    0.1111326781E+02   -0.1524988400E+02    0.1029182967E+03
          46    0.6584768315E+01   -0.2644870883E+02   -0.2149812109E+03
          47    0.6620360967E+01    0.1174885082E+02   -0.3364920550E+03
          48    0.1051821361E+02   -0.1525719410E+02    0.2893148308E+03
          49    0.7179545637E+01   -0.1155371429E+02    0.1965740202E+03
          50    0.7218140145E+01   -0.1112905142E+02    0.2908807853E+03
          51    0.6978107902E+01   -0.1151500652E+02   -0.3395076780E+03
          52    0.1119848055E+02   -0.1521584708E+02    0.1018742143E+03
          53    0.6650174827E+01    0.1170452280E+02   -0.3591726004E+03
          54    0.6557614027E+01    0.2121899737E+02    0.8153203479E+02
          55    0.1527838010E+02    0.1662134602E+02   -0.1633231919E+03
          56    0.3994604279E+01   -0.3065390187E+02   -0.9561753336E+02
          57    0.6993573873E+01   -0.1261593656E+02   -0.3458357109E+03
          58    0.1037824679E+02   -0.1626712438E+02   -0.2042485527E+03
          59    0.1136209124E+02   -0.1566100147E+02    0.2155675197E+03
          60    0.1080574083E+02   -0.1516651813E+02    0.1053675783E+03
          61    0.6783851565E+01   -0.1119677113E+02    0.8236368951E+02
          62    0.1086203603E+02   -0.1537835367E+02    0.2019170360E+03
          63    0.6273489231E+01   -0.1146013861E+02    0.7274662376E+02
          64    0.6214849332E+01   -0.1146327940E+02    0.7312698707E+02
          65    0.1113820264E+02   -0.1523965559E+02    0.1005135206E+03
          66    0.1049483319E+02   -0.1528155307E+02    0.1038081254E+03
          67    0.7191728604E+01   -0.1154496117E+02    0.1945972073E+03
          68    0.1058059909E+02   -0.1569852155E+02   -0.2253459116E+03
          69    0.4556116273E+01   -0.2428676074E+02   -0.1377491442E+03
          70    0.1008140087E+02   -0.1620029090E+02    0.2499893811E+03
          71    0.1009396486E+02   -0.1616508872E+02    0.2046266787E+03
          72    0.9710971488E+01   -0.1559895261E+02    0.8229298197E+02
          73    0.5696045808E+01   -0.2383620406E+02    0.2924840443E+03
          74    0.7260829710E+01   -0.1109569154E+02    0.2891187984E+03
          75    0.1012407460E+02   -0.1592867016E+02   -0.2027644745E+03
          76    0.1205279114E+02   -0.1488505901E+02    0.1144992223E+03
          77    0.6405443679E+01   -0.1137658203E+02    0.7299919220E+02
          78    0.7364330712E+01   -0.1194690377E+02   -0.1092125259E+03
          79    0.6638079917E+01   -0.2635787580E+02   -0.2100241157E+03
          80    0.6702379281E+01    0.1168366892E+02   -0.3429308996E+03
          81    0.6347934916E+01   -0.1137875217E+02    0.7337473168E+02
          82    0.1013324853E+02   -0.1591890971E+02    0.2026847115E+03
          83    0.5663612593E+01   -0.2282813508E+02    0.7408684954E+02
          84    0.5365055193E+01   -0.2459147544E+02   -0.2013198427E+03
          85    0.5376374200E+01   -0.2457936638E+02    0.2013244401E+03
          86    0.1014232683E+02   -0.1590890591E+02    0.2025751794E+03
          87    0.5387678620E+01   -0.2456687525E+02    0.2012993614E+03
          88    0.6377366892E+01   -0.1139357045E+02    0.7261285907E+02
          89    0.1011832444E+02   -0.1605855360E+02   -0.2229958732E+03
          90    0.7662444353E+01   -0.1092661053E+02    0.2871030071E+03
          91    0.6319709311E+01   -0.1139582668E+02    0.7298906498E+02
          92    0.5854327467E+01   -0.4700385118E+02    0.8544222886E+02
          93    0.4429795282E+01   -0.2424884398E+02   -0.1423423790E+03
          94    0.6344369690E+01   -0.1141190846E+02    0.7271822885E+02
          95    0.1088004557E+02   -0.1580915306E+02    0.9959212443E+02
          96    0.6607450825E+01   -0.1076378017E+02    0.7849072271E+02
          97    0.6398435550E+01   -0.9277317019E+01   -0.3316331700E+03
          98    0.4538580025E+01   -0.2872252427E+02   -0.1557401878E+03
          99    0.6286375441E+01   -0.1141449936E+02    0.7309580077E+02
         100    0.1110776845E+02   -0.1552634420E+02   -0.2025662312E+03
