Model_ID, [(c_i,i=0,n)_j,j=1,ntask]
           1    0.1326457908E+02   -0.8022899223E+02
           2    0.1326032761E+02   -0.8004164643E+02
           3    0.2328117552E+02    0.1094658106E+03
           4    0.1331085661E+02   -0.8016626524E+02
           5    0.2327289101E+02    0.1091457040E+03
           6    0.1330682924E+02   -0.7997829399E+02
           7    0.1795604189E+02    0.4907410204E+02
           8    0.1795867841E+02    0.4907321085E+02
           9    0.1784814384E+02    0.4864124510E+02
          10    0.1402937955E+02    0.4868399833E+02
          11    0.1429224095E+02   -0.7964312230E+02
          12    0.1383817854E+02   -0.7892314829E+02
          13    0.1429455461E+02   -0.7943289001E+02
          14    0.1383269305E+02   -0.7874180367E+02
          15    0.1410405346E+02    0.4862925916E+02
          16    0.1789428460E+02    0.4841390086E+02
          17    0.2523036058E+02   -0.7948508579E+02
          18    0.1813061523E+02    0.4895449729E+02
          19    0.1474848825E+02   -0.7836417416E+02
          20    0.1429191789E+02   -0.7768297796E+02
          21    0.1820788686E+02   -0.4692872341E+02
          22    0.1831454191E+02    0.6934245230E+02
          23    0.1428409970E+02   -0.7751118260E+02
          24    0.1474806421E+02   -0.7816498602E+02
          25    0.1603462020E+02   -0.7712315656E+02
          26    0.1603088583E+02   -0.7693051505E+02
          27    0.1504312876E+02    0.7739622025E+02
          28    0.1423794896E+02    0.8017403606E+02
          29    0.1828373809E+02   -0.4686123425E+02
          30    0.1504031717E+02    0.7720665912E+02
          31    0.1424308585E+02    0.7995330916E+02
          32    0.1543321397E+02    0.7674215154E+02
          33    0.1837125622E+02    0.6897730333E+02
          34    0.2367561452E+02    0.1091440201E+03
          35    0.1543034175E+02    0.7655328574E+02
          36    0.1272505732E+02    0.6745208064E+02
          37    0.2346879670E+02    0.1081603533E+03
          38    0.2038168049E+02    0.4471541910E+02
          39    0.2012031669E+02    0.9528161640E+02
          40    0.1436668570E+02   -0.7791819310E+02
          41    0.1591596268E+02   -0.7775306492E+02
          42    0.1583110752E+02   -0.7562441729E+02
          43    0.2015908180E+02    0.9530588215E+02
          44    0.1436104447E+02   -0.7773868910E+02
          45    0.1104869102E+02    0.7853749891E+02
          46    0.1582601492E+02   -0.7544475231E+02
          47    0.1278883146E+02    0.6744342685E+02
          48    0.1591460568E+02   -0.7755098586E+02
          49    0.2550595737E+02   -0.7941982978E+02
          50    0.1698504638E+02    0.6061534329E+02
          51    0.1549681660E+02   -0.7619026484E+02
          52    0.1459602328E+02   -0.7794243452E+02
          53    0.1452599707E+02   -0.7807578022E+02
          54    0.1702001732E+02    0.6066151793E+02
          55    0.1460064378E+02    0.7794148365E+02
          56    0.2044682794E+02    0.4466276605E+02
          57    0.1460537732E+02   -0.7794021027E+02
          58    0.1467949010E+02   -0.7779493689E+02
          59    0.1549190962E+02   -0.7600956056E+02
          60    0.1107016389E+02    0.7830580136E+02
          61    0.1459257849E+02   -0.7775506928E+02
          62    0.1474696307E+02    0.7880444949E+02
          63    0.1452265906E+02   -0.7788793303E+02
          64    0.1459724309E+02   -0.7775396617E+02
          65    0.1460202028E+02   -0.7775254260E+02
          66    0.1467600916E+02   -0.7760783080E+02
          67    0.1769943827E+02    0.3145909411E+02
          68    0.1446450688E+02    0.7811407158E+02
          69    0.1991300890E+02    0.4712347722E+02
          70    0.1474937123E+02    0.7859484079E+02
          71    0.2189338011E+02    0.2585830913E+02
          72    0.1446091480E+02   -0.7792717553E+02
          73    0.1502602607E+02   -0.7675096707E+02
          74    0.1503061429E+02    0.7674992097E+02
          75    0.1495918686E+02   -0.7687630380E+02
          76    0.1471921806E+02    0.7805568605E+02
          77    0.1510607485E+02   -0.7661177364E+02
          78    0.1414704563E+02   -0.7864581868E+02
          79    0.1503531063E+02   -0.7674856623E+02
          80    0.1484277263E+02   -0.7667121926E+02
          81    0.1632610129E+02   -0.7598494742E+02
          82    0.1502024488E+02   -0.7657317803E+02
          83    0.1660090286E+02   -0.7547262653E+02
          84    0.1502487507E+02   -0.7657198741E+02
          85    0.1495349305E+02   -0.7669809986E+02
          86    0.1510027411E+02   -0.7643418666E+02
          87    0.1474819911E+02    0.7803636457E+02
          88    0.1696591239E+02    0.5879958400E+02
          89    0.1502961298E+02   -0.7657049004E+02
          90    0.1414358745E+02   -0.7845808354E+02
          91    0.1483509069E+02   -0.7650037492E+02
          92    0.2427833324E+02    0.4160857787E+03
          93    0.1454645793E+02   -0.7729070450E+02
          94    0.1997137467E+02    0.4704734388E+02
          95    0.1487552746E+02   -0.7731014096E+02
          96    0.1458468801E+02    0.7822436773E+02
          97    0.1777133702E+02    0.3140028694E+02
          98    0.1659432033E+02   -0.7529271604E+02
          99    0.1632673717E+02   -0.7578305905E+02
         100    0.1700697857E+02    0.5882615213E+02
