Model_ID, [(c_i,i=0,n)_j,j=1,ntask]
           1    0.2071299328E+02    0.6631913380E+02
           2    0.1957896561E+02    0.6242655728E+02
           3    0.1799974198E+02    0.6502102479E+02
           4    0.4437876400E+02   -0.3223425462E+02
           5    0.7033853001E+02   -0.5642890652E+02
           6    0.5977151155E+02   -0.2097183028E+02
           7    0.1972645006E+02    0.6743865498E+02
           8    0.5026863718E+02    0.3233982746E+02
           9    0.7049140993E+02    0.5665547508E+02
          10    0.4915975887E+02    0.3082660536E+02
          11    0.5380346459E+02   -0.3336129873E+02
          12    0.5857094495E+02    0.3298917205E+02
          13    0.4921222718E+02    0.3075449492E+02
          14    0.1931501526E+02    0.6139660042E+02
          15    0.3554157190E+02   -0.2806041348E+02
          16    0.6960776180E+02    0.5395510030E+02
          17    0.3671644873E+02   -0.2564976758E+02
          18    0.1787151463E+02    0.6394465454E+02
          19    0.5502335410E+02   -0.3471228320E+02
          20    0.6829577695E+02    0.5406349587E+02
          21    0.6798034049E+02   -0.4991200206E+02
          22    0.4551747195E+02   -0.3241570614E+02
          23    0.4098330604E+02    0.2454710028E+02
          24    0.6501542968E+02   -0.4897967851E+02
          25    0.3585122986E+02   -0.2743132828E+02
          26    0.9023498575E+02   -0.7574084252E+02
          27    0.2515777143E+02    0.5962246466E+02
          28    0.2064492513E+02    0.6426880717E+02
          29    0.4566150771E+02   -0.2783648527E+02
          30    0.2158214852E+02    0.5071390341E+02
          31    0.6859159676E+02   -0.5036340350E+02
          32    0.5356524094E+02   -0.3014295186E+02
          33    0.5026079350E+02    0.3320141330E+02
          34    0.5461639195E+02   -0.3444506706E+02
          35    0.4561580825E+02    0.3063229824E+02
          36    0.5758567437E+02   -0.3107328172E+02
          37    0.4071037990E+02   -0.2702405618E+02
          38    0.6542425106E+02    0.5312000214E+02
          39    0.4430826405E+02    0.3079430586E+02
          40    0.3790327373E+02   -0.2448872834E+02
          41    0.6494871224E+02   -0.5222766615E+02
          42    0.6618266647E+02   -0.4809687256E+02
          43    0.5761702055E+02   -0.3068268276E+02
          44    0.2275337746E+02    0.5284839505E+02
          45    0.4915311481E+02    0.3248875200E+02
          46    0.6488828433E+02    0.5199548907E+02
          47    0.6904665344E+02   -0.5475187008E+02
          48    0.2210512245E+02   -0.3147979780E+02
          49    0.5279846921E+02    0.2924719346E+02
          50    0.2196815357E+02    0.6785790860E+02
          51    0.4931596310E+02    0.3147381305E+02
          52    0.6417063472E+02   -0.4759622534E+02
          53    0.6747991400E+02    0.5134570806E+02
          54    0.6856768872E+02    0.5287928505E+02
          55    0.7227340115E+02   -0.2579426304E+02
          56    0.6533247620E+02   -0.5403092530E+02
          57    0.3959601536E+02   -0.2807307230E+02
          58    0.4349482852E+02   -0.3042945406E+02
          59    0.6033169911E+02    0.5746580944E+02
          60    0.5309301953E+02    0.3112046714E+02
          61    0.1979747557E+02    0.7164710865E+02
          62    0.5008106804E+02    0.3396116850E+02
          63    0.6534252658E+02   -0.2705671221E+02
          64    0.4907516869E+02    0.3442695863E+02
          65    0.6172410590E+02    0.5189591183E+02
          66    0.2285693955E+02   -0.3225405779E+02
          67    0.6718642322E+02    0.4381790704E+02
          68    0.6194693614E+02    0.5014429070E+02
          69    0.2356662609E+02    0.6207205769E+02
          70    0.2353167896E+02    0.5686350948E+02
          71    0.5307393074E+02    0.3161731004E+02
          72    0.2034302412E+02    0.7007290190E+02
          73    0.5300103889E+02   -0.3698844037E+02
          74    0.7119160069E+02   -0.5244357076E+02
          75    0.7238737338E+02    0.5566605537E+02
          76    0.6765214135E+02    0.5315973883E+02
          77    0.2072448692E+02    0.6924544200E+02
          78    0.5274905971E+02    0.2973341394E+02
          79    0.4028808442E+02   -0.2641666183E+02
          80    0.2397933953E+02    0.6087766067E+02
          81    0.2413802195E+02    0.6075082526E+02
          82    0.7070353784E+02    0.6864154815E+02
          83    0.3433969400E+02   -0.3073012975E+02
          84    0.6796086838E+02   -0.5432056479E+02
          85    0.6833514169E+02    0.5249776981E+02
          86    0.4932602115E+02    0.3025125201E+02
          87    0.1722473525E+02   -0.3152890966E+02
          88    0.6341926501E+02    0.5009976762E+02
          89    0.6518773773E+02   -0.5521670195E+02
          90    0.7219986832E+02    0.5541096126E+02
          91    0.2980088304E+02   -0.5534368727E+02
          92    0.4019687663E+02    0.2607411337E+02
          93    0.6453448471E+02    0.5071796598E+02
          94    0.1720078712E+02   -0.3154637524E+02
          95    0.4909501334E+02    0.2745616476E+02
          96    0.1988659335E+02    0.7100071538E+02
          97    0.4980786222E+02    0.2863671197E+02
          98    0.5042011589E+02   -0.3053635745E+02
          99    0.2049500838E+02    0.6987889028E+02
         100    0.5135150335E+02    0.2886159123E+02
