        Rank        RMSE       MaxAE  Feature_ID
           1   34.170792   97.951285  (       1)
           2   34.323591   98.767859  (       2)
           3   34.409625   95.287447  (       3)
           4   34.536599  100.674555  (       4)
           5   34.605592   99.727085  (       5)
           6   34.680528  101.257913  (       6)
           7   34.856493   95.641907  (       7)
           8   34.857477  104.346045  (       8)
           9   34.949402  100.154312  (       9)
          10   34.991252  105.974492  (      10)
          11   35.084893   90.380216  (      11)
          12   35.088802  105.481257  (      12)
          13   35.206745   95.080418  (      13)
          14   35.213960   97.262186  (      14)
          15   35.238468  104.066666  (      15)
          16   35.250502  100.122856  (      16)
          17   35.276587   96.586054  (      17)
          18   35.329823  101.923341  (      18)
          19   35.365953   99.565412  (      19)
          20   35.430983  103.458583  (      20)
          21   35.446855  104.219280  (      21)
          22   35.452072   98.823875  (      22)
          23   35.485055  103.003904  (      23)
          24   35.556653  102.934723  (      24)
          25   35.573601  103.459301  (      25)
          26   35.574121   81.809151  (      26)
          27   35.605169  102.415858  (      27)
          28   35.636783   96.145528  (      28)
          29   35.657761  102.542409  (      29)
          30   35.667345   96.472554  (      30)
          31   35.680010   97.559817  (      31)
          32   35.691792   89.599219  (      32)
          33   35.697571  102.370794  (      33)
          34   35.703278  102.859926  (      34)
          35   35.703519  114.711533  (      35)
          36   35.715701   92.792634  (      36)
          37   35.717963   87.231851  (      37)
          38   35.739569   93.050432  (      38)
          39   35.741276  100.881011  (      39)
          40   35.821577   93.878018  (      40)
          41   35.833415   94.390651  (      41)
          42   35.840105  101.090435  (      42)
          43   35.855104  103.623732  (      43)
          44   35.870559   98.966582  (      44)
          45   35.886449   99.365950  (      45)
          46   35.891769   96.150770  (      46)
          47   35.897033  103.614318  (      47)
          48   35.917374  103.068112  (      48)
          49   35.922142   97.188674  (      49)
          50   35.922813   87.967185  (      50)
          51   35.946863  102.069694  (      51)
          52   35.975885   95.913932  (      52)
          53   35.976939   98.575610  (      53)
          54   35.977777   92.903211  (      54)
          55   35.983349   92.886930  (      55)
          56   35.994645   99.868463  (      56)
          57   36.034969   90.756169  (      57)
          58   36.038797  100.671112  (      58)
          59   36.059062   96.659592  (      59)
          60   36.059252   96.661477  (      60)
          61   36.060489   96.672890  (      61)
          62   36.070613   96.465035  (      62)
          63   36.074146  102.233508  (      63)
          64   36.108464  103.317791  (      64)
          65   36.132041  102.406252  (      65)
          66   36.132377   99.704636  (      66)
          67   36.147257   90.976440  (      67)
          68   36.147484  100.254786  (      68)
          69   36.154446   94.143241  (      69)
          70   36.160600   89.229945  (      70)
          71   36.175835   99.063453  (      71)
          72   36.180207  104.337598  (      72)
          73   36.197544   94.576432  (      73)
          74   36.218458   92.412554  (      74)
          75   36.221005  102.294943  (      75)
          76   36.221612   96.847316  (      76)
          77   36.226274  101.745887  (      77)
          78   36.226787   99.982271  (      78)
          79   36.229828  100.372326  (      79)
          80   36.235314  105.079036  (      80)
          81   36.242904   99.568768  (      81)
          82   36.243694   96.684924  (      82)
          83   36.267275  102.421865  (      83)
          84   36.288352   99.774767  (      84)
          85   36.294405   97.383210  (      85)
          86   36.310841   98.926772  (      86)
          87   36.320352   95.077406  (      87)
          88   36.321809   99.472038  (      88)
          89   36.343193   90.755451  (      89)
          90   36.345341  101.288287  (      90)
          91   36.351107  105.217534  (      91)
          92   36.370724   99.675123  (      92)
          93   36.373780   94.083927  (      93)
          94   36.381724  105.839787  (      94)
          95   36.382971  105.894770  (      95)
          96   36.392997  107.951989  (      96)
          97   36.416467   94.620597  (      97)
          98   36.421405   97.009253  (      98)
          99   36.421918   94.291327  (      99)
         100   36.432452   94.857857  (     100)
