      rank       #data_overlap        size_overlap          feature_ID
         1                  22             0.09341   (     279    1129)
         2                  22             0.09736   (     280    1129)
         3                  22             0.09829   (     541    1129)
         4                  22             0.10905   (       1    1878)
         5                  22             0.15979   (     247    1432)
         6                  23             0.06377   (     247    1862)
         7                  23             0.06377   (     247    1863)
         8                  23             0.06377   (     247    1864)
         9                  23             0.06402   (     236    1880)
        10                  23             0.09341   (     281    1243)
        11                  23             0.09341   (     860    1129)
        12                  23             0.09341   (     543    1129)
        13                  23             0.09392   (     792    1883)
        14                  23             0.10507   (     542    1129)
        15                  23             0.13692   (       1    1129)
        16                  23             0.13695   (     859    1129)
        17                  23             0.15402   (       1    1131)
        18                  23             0.15979   (     247    1430)
        19                  23             0.15979   (     247    1433)
        20                  23             0.16711   (     247    1431)
        21                  24             0.09341   (     279    1243)
        22                  24             0.09341   (     280    1243)
        23                  24             0.09341   (     541    1243)
        24                  24             0.09788   (     247    1285)
        25                  24             0.14971   (     303    1129)
        26                  24             0.15757   (     504    1129)
        27                  24             0.17276   (      17    1863)
        28                  24             0.17276   (      18    1863)
        29                  24             0.17276   (      16    1863)
        30                  24             0.17886   (       1    1427)
        31                  24             0.18098   (      18     511)
        32                  24             0.18115   (      18    1878)
        33                  24             0.18762   (     247    1140)
        34                  24             0.18762   (     247    1024)
        35                  24             0.18935   (      88    1878)
        36                  24             0.19791   (      93    1916)
        37                  24             0.19791   (      93    1917)
        38                  24             0.19791   (      93    1918)
        39                  24             0.19791   (       3      93)
        40                  24             0.19791   (       4      93)
        41                  24             0.19791   (       5      93)
        42                  24             0.19791   (       8      93)
        43                  24             0.19791   (      93    1340)
        44                  24             0.19791   (      93     822)
        45                  24             0.19791   (      93    1339)
        46                  24             0.20002   (      16    1878)
        47                  24             0.20043   (      93    1338)
        48                  24             0.20109   (      12      93)
        49                  24             0.20109   (      93    1948)
        50                  24             0.20159   (      93    1355)
        51                  24             0.20159   (      93    1352)
        52                  24             0.20159   (      93    1358)
        53                  24             0.20318   (      95    1342)
        54                  24             0.20627   (      95    1341)
        55                  24             0.20634   (      93    1354)
        56                  24             0.20634   (      93    1351)
        57                  24             0.20656   (      93    1356)
        58                  24             0.20817   (       7      95)
        59                  24             0.20825   (      11      93)
        60                  24             0.32647   (     812    1787)
        61                  25             0.09341   (     860    1243)
        62                  25             0.09909   (     247    1287)
        63                  25             0.09909   (     247    1286)
        64                  25             0.11213   (     281    1883)
        65                  25             0.11956   (       1    1042)
        66                  25             0.17964   (       1    1045)
        67                  25             0.18335   (      87    1169)
        68                  25             0.18559   (      93    1036)
        69                  25             0.18611   (      86    1176)
        70                  25             0.18611   (      87    1160)
        71                  25             0.18702   (      16     518)
        72                  25             0.18702   (      88    1500)
        73                  25             0.18702   (      88    1536)
        74                  25             0.18762   (     247    1138)
        75                  25             0.18762   (     247    1314)
        76                  25             0.18762   (     247    1318)
        77                  25             0.18762   (     247    1141)
        78                  25             0.18762   (     247    1313)
        79                  25             0.18762   (     247    1139)
        80                  25             0.19308   (     238    1916)
        81                  25             0.19532   (     238    1918)
        82                  25             0.19791   (      93    1927)
        83                  25             0.19791   (      93    1932)
        84                  25             0.19824   (      93    1934)
        85                  25             0.19953   (      10      93)
        86                  25             0.20153   (      93    1930)
        87                  25             0.20168   (     238    1342)
        88                  25             0.20226   (      95    1960)
        89                  25             0.20233   (      93    1960)
        90                  25             0.20322   (      93    1488)
        91                  25             0.20438   (       1    1923)
        92                  25             0.20438   (       1    1925)
        93                  25             0.20438   (       1    1929)
        94                  25             0.20644   (     238    1354)
        95                  25             0.20644   (     238    1341)
        96                  25             0.20707   (      93    1959)
        97                  25             0.20754   (      93    1942)
        98                  25             0.20817   (       7      93)
        99                  25             0.20834   (       7     238)
       100                  25             0.20861   (      14      94)
