     Index              y_true              y_pred        descriptor_1        descriptor_2
         1    0.3200000000E+01   -0.1138098034E+01   -0.1000000000E+01    0.0000000000E+00
         2    0.1850000000E+02    0.1913608888E+02   -0.5269837600E+00    0.0000000000E+00
         3    0.8872000000E+02    0.7420278012E+02    0.7577750000E+00    0.0000000000E+00
         4    0.2067000000E+02    0.1660065311E+02   -0.5861379100E+00    0.0000000000E+00
         5    0.2078000000E+02    0.2668185903E+02   -0.3509337000E+00    0.0000000000E+00
         6    0.6524000000E+02    0.6431275666E+02    0.5350178600E+00    0.6587597160E-03
         7    0.4537000000E+02    0.5068031793E+02    0.2089733800E+00    0.0000000000E+00
         8    0.1845000000E+02    0.1970688453E+02    0.5301150000E-01    0.4674137585E-01
         9    0.4263000000E+02    0.5137062799E+02    0.4598277200E+00    0.1936280973E-01
        10    0.6056000000E+02    0.5289387252E+02    0.5791801900E+00    0.2627602662E-01
        11    0.3615000000E+02    0.3915410168E+02    0.3113962600E+00    0.3062933012E-01
        12    0.1790000000E+02    0.2939978493E+02   -0.1018996000E-01    0.2287520316E-01
        13    0.4216000000E+02    0.3366253926E+02    0.1175337100E+00    0.2520696149E-01
        14    0.1464000000E+02    0.3557581041E+02    0.2869130000E+00    0.3549597547E-01
        15    0.3187000000E+02    0.3132883198E+02   -0.3781295700E+00   -0.1118588363E-01
        16    0.3120000000E+02    0.3542204193E+02   -0.4149607500E+00   -0.2210085042E-01
        17    0.2551000000E+02    0.2690668186E+02   -0.1271273000E+00    0.1802759963E-01
        18    0.3007000000E+02    0.2993363595E+02    0.1544434300E+00    0.3542733099E-01
        19    0.2681000000E+02    0.2920107511E+02   -0.3583515000E+00   -0.5459849077E-02
        20    0.5646000000E+02    0.6234678267E+02    0.4811632000E+00    0.0000000000E+00
        21    0.6900000000E+02    0.7510126009E+02    0.7787374000E+00    0.0000000000E+00
        22    0.8285000000E+02    0.7765324877E+02    0.8100227000E+00   -0.2330564408E-02
        23    0.6942000000E+02    0.7195613372E+02    0.1005827790E+01    0.2478363885E-01
        24    0.7737000000E+02    0.8888820253E+02    0.1100400000E+01    0.0000000000E+00
        25    0.6383000000E+02    0.6252576951E+02    0.5717691000E+00    0.7129013542E-02
        26    0.5774000000E+02    0.4942206845E+02    0.2954676900E+00    0.9555709334E-02
        27    0.4307000000E+02    0.4208603134E+02    0.3702249600E+00    0.2983946900E-01
        28    0.2720000000E+02    0.2739895479E+02   -0.3486933000E+00   -0.1195191380E-02
        29    0.6276000000E+02    0.6663754326E+02    0.7271364500E+00    0.1203145756E-01
        30    0.5060000000E+01    0.2466799097E+01    0.5102758000E-01    0.7975473651E-01
        31    0.5015000000E+02    0.5396548919E+02   -0.1135942100E+00   -0.3292840043E-01
        32    0.9080000000E+02    0.7912757395E+02    0.5887474900E+00   -0.2341924178E-01
        33    0.6660000000E+02    0.7421340553E+02    0.6561977400E+00   -0.8398857376E-02
        34    0.5100000000E+02    0.4869713435E+02    0.3421838600E+00    0.1480407575E-01
        35    0.7420000000E+02    0.5058404788E+02    0.4495852300E+00    0.2003168014E-01
        36    0.4460000000E+02    0.3443730902E+02    0.7221865000E-01    0.1997825874E-01
