Model_ID, [(c_i,i=0,n)_j,j=1,ntask]
           1    0.5454604739E+01    0.1911478263E+02
           2    0.1836493203E+02   -0.1879987549E+02
           3    0.1836556234E+02   -0.1879881001E+02
           4    0.4224730128E+01   -0.1274349828E+02
           5    0.4917615970E+01   -0.1965114134E+02
           6    0.1820376083E+02    0.1883989799E+02
           7    0.6368044062E+01    0.2720336086E+02
           8    0.2234946669E+02    0.2640846598E+02
           9    0.1331522709E+02    0.2062776574E+02
          10    0.1340131914E+02    0.1933390989E+02
          11    0.1817839380E+02   -0.1760449348E+02
          12    0.1840516104E+02    0.1880157809E+02
          13   -0.1081648333E+01   -0.3964826552E+02
          14    0.1795033656E+02    0.1839385094E+02
          15    0.1680722327E+02   -0.1707778325E+02
          16    0.3232802354E+01    0.1366685671E+02
          17    0.1532122561E+02    0.1999056680E+02
          18    0.2229866538E+02   -0.2544017839E+02
          19    0.6239965827E+01    0.2724304553E+02
          20    0.2229825184E+02   -0.2543497876E+02
          21    0.4905156763E+01   -0.8727216837E+01
          22    0.1818125792E+02   -0.1730618538E+02
          23    0.6148987832E+01    0.2019696902E+02
          24    0.1429110315E+02    0.1779938575E+02
          25    0.8022121862E+00   -0.3491265156E+02
          26    0.1340136232E+02    0.1823361580E+02
          27    0.1816698691E+02   -0.1853224505E+02
          28    0.1664435893E+02   -0.1695451623E+02
          29    0.5026796958E+01    0.2170472346E+02
          30    0.4324928693E+01    0.1408376333E+02
          31    0.4495387745E+01    0.2928874835E+02
          32    0.1370107543E+02   -0.2131175226E+02
          33    0.1751146316E+02   -0.1919867010E+02
          34    0.1120100487E+02    0.1316019580E+02
          35    0.2182226501E+02    0.2540024402E+02
          36    0.1765612477E+02   -0.1776469618E+02
          37    0.1179734573E+02    0.1325573428E+02
          38    0.1200153014E+02    0.1663439354E+02
          39    0.5216033699E+01    0.2812691517E+02
          40    0.4684253369E+01    0.2896764877E+02
          41    0.2253411177E+02    0.2604692948E+02
          42    0.4731550659E+01    0.2889090516E+02
          43    0.5136642560E+01    0.2815854647E+02
          44    0.4265486854E+01    0.2946577153E+02
          45    0.4783320704E+01    0.2880091222E+02
          46    0.1892434110E+02    0.2653816268E+02
          47    0.1368187107E+02    0.2046396697E+02
          48    0.1302857636E+02    0.1826996221E+02
          49    0.1350530764E+02    0.2065067257E+02
          50    0.4539503855E+01   -0.1454069790E+02
          51    0.2223144626E+02   -0.2590294488E+02
          52    0.3889777882E+01    0.2383302404E+02
          53    0.1353692470E+02    0.2084758053E+02
          54    0.2919653594E+02   -0.2945413974E+02
          55    0.3251118306E+01    0.1312392136E+02
          56    0.6179932837E+01    0.2579044593E+02
          57    0.4993466561E+01   -0.8863455001E+01
          58    0.5427110810E+01    0.2769916455E+02
          59    0.3513517368E+01   -0.1015177039E+02
          60    0.3328414792E+01    0.9340223108E+01
          61    0.2180986074E+02   -0.2359692025E+02
          62    0.1276875848E+02    0.1794187883E+02
          63    0.1278003486E+02    0.1665231369E+02
          64    0.1306769658E+02    0.2162097920E+02
          65    0.2152872258E+02   -0.2730248879E+02
          66    0.1375394127E+02    0.1647758104E+02
          67    0.5151281290E+01   -0.1759913732E+02
          68    0.1350422229E+02    0.2076392092E+02
          69    0.4733285725E+01   -0.1930924441E+02
          70    0.1349878116E+02    0.2076712969E+02
          71    0.1349336608E+02    0.2076987907E+02
          72    0.1745296711E+02    0.1846949298E+02
          73    0.1386275526E+02    0.2116945789E+02
          74    0.1986235568E+02    0.1188262183E+02
          75    0.1357394115E+02    0.1945447363E+02
          76    0.1383258117E+02    0.1995363092E+02
          77    0.2976201509E+01   -0.1486825912E+02
          78    0.1729006308E+02    0.2050294844E+02
          79    0.7305613160E+01    0.3005631313E+02
          80    0.2428477360E+02    0.2973900399E+02
          81    0.1334244570E+02    0.2416223171E+02
          82    0.4938687069E+01   -0.1766675711E+02
          83    0.5312675562E+01   -0.1219721452E+02
          84    0.5550205156E+01    0.2728657822E+02
          85    0.1824715433E+02   -0.1843039561E+02
          86    0.3430824797E+01   -0.1227305715E+02
          87    0.2538457875E+01    0.1601275037E+02
          88    0.5031101729E+01    0.2830059637E+02
          89    0.1682787643E+02    0.1695707622E+02
          90    0.1235300372E+02    0.1810751987E+02
          91    0.1369018499E+02    0.2107619493E+02
          92    0.1360701022E+02    0.1800082401E+02
          93    0.3059575340E+01   -0.1457969189E+02
          94    0.1321233037E+02    0.1650557944E+02
          95   -0.3056554307E+00   -0.3544092991E+02
          96    0.5377142633E+01    0.2803512274E+02
          97    0.6026741035E+01    0.1213867680E+02
          98    0.5341524503E+01   -0.1217753598E+02
          99    0.6444368382E+01   -0.2566767373E+02
         100    0.1346283441E+02    0.2065661682E+02
