        Rank        RMSE       MaxAE  Feature_ID
           1    7.293241   17.897358  (      13   10368)
           2    7.341040   16.471154  (      13   12400)
           3    7.392366   17.189726  (      13   11189)
           4    7.413139   16.153699  (      13   15702)
           5    7.452428   15.387685  (      13   13323)
           6    7.492587   17.827627  (      13   11693)
           7    7.531358   21.702573  (      13   11813)
           8    7.541432   17.769517  (      13   11555)
           9    7.550364   17.768642  (      13   12573)
          10    7.567936   17.769551  (      13   12803)
          11    7.594739   21.411943  (      13   11473)
          12    7.601359   16.640735  (       1   10001)
          13    7.623973   17.803440  (      13   18464)
          14    7.641781   17.904113  (      13   13467)
          15    7.643062   17.724728  (      13   14789)
          16    7.650406   22.923982  (     161   13199)
          17    7.653757   16.084040  (    8698   11842)
          18    7.655715   17.586457  (      13   16619)
          19    7.662112   19.684267  (     290   12400)
          20    7.665665   17.775796  (      13   17273)
          21    7.669218   17.746212  (      13   16117)
          22    7.683010   20.301586  (      13   18055)
          23    7.686969   18.068025  (    8082   10977)
          24    7.687908   17.736063  (      13   16382)
          25    7.691884   17.685147  (      13   16597)
          26    7.692125   17.766839  (      13   16955)
          27    7.708691   20.311679  (      13   18437)
          28    7.712631   17.762704  (      13   16790)
          29    7.712734   17.899845  (       1   10002)
          30    7.717990   17.017736  (     371   10977)
          31    7.719429   18.154407  (       1   10003)
          32    7.734806   17.760331  (      13   16679)
          33    7.738888   17.790921  (      13   17229)
          34    7.741468   16.768578  (    8698   15145)
          35    7.742128   17.025188  (     431   10977)
          36    7.742492   19.077155  (       1   10005)
          37    7.748222   17.702896  (       1   10004)
          38    7.752471   17.139000  (    1036   10977)
          39    7.753813   17.028179  (     644   10977)
          40    7.759237   20.636015  (      13   14539)
          41    7.761026   17.814670  (      13   17704)
          42    7.762996   16.555725  (       1   10006)
          43    7.765659   19.668916  (     290   15702)
          44    7.769473   17.760046  (      13   16615)
          45    7.770133   18.062821  (      13   11300)
          46    7.774135   16.608298  (     371   12064)
          47    7.777340   17.412162  (       1   10007)
          48    7.778087   20.454032  (      13   17948)
          49    7.779304   17.145966  (    1209   10977)
          50    7.785279   18.226348  (      13   18621)
          51    7.791718   19.013399  (       1   10008)
          52    7.799338   17.420314  (       1   10009)
          53    7.801626   17.792924  (      13   18356)
          54    7.803585   18.665022  (       1   10048)
          55    7.804649   16.700720  (     271   12064)
          56    7.806586   18.291456  (      13   19444)
          57    7.814740   17.635455  (     371   11197)
          58    7.815216   20.427085  (       1   10090)
          59    7.815336   16.880185  (     416   10977)
          60    7.816166   16.771153  (     371   12243)
          61    7.819352   17.858463  (      13   16046)
          62    7.819445   20.782919  (      13   17398)
          63    7.823242   17.128699  (       1   10014)
          64    7.824439   19.439882  (       1   10015)
          65    7.824781   17.927010  (      13   18279)
          66    7.829808   16.660529  (       1   10013)
          67    7.831729   17.080658  (       1   10010)
          68    7.831758   16.971642  (     371   11758)
          69    7.832400   16.996550  (     351   10977)
          70    7.832458   16.860768  (       1   10011)
          71    7.833883   18.356123  (      13    3450)
          72    7.834306   16.853890  (     271   12243)
          73    7.835274   16.988956  (     359   10977)
          74    7.836307   16.627238  (     431   12064)
          75    7.836649   17.024228  (     407   10977)
          76    7.836893   17.058854  (       1   10012)
          77    7.838672   16.981194  (     370   10977)
          78    7.839201   17.049728  (     271   11758)
          79    7.841207   17.643593  (     431   11197)
          80    7.843984   16.816225  (     705   10977)
          81    7.845509   16.862809  (     271   13317)
          82    7.846977   17.770315  (      13   16812)
          83    7.847340   18.285914  (    8082   11758)
          84    7.848100   16.730832  (    1036   12064)
          85    7.848181   16.783181  (     371   13317)
          86    7.852346   17.565310  (       1   10030)
          87    7.852466   17.771943  (    1036   11197)
          88    7.853846   17.653112  (     644   11197)
          89    7.855581   17.166334  (    1036   11758)
          90    7.855828   16.852538  (     271   13296)
          91    7.858647   16.840117  (     271   13558)
          92    7.859025   20.835704  (       1   10016)
          93    7.859390   16.852163  (     271   13522)
          94    7.859739   16.752223  (     416   12064)
          95    7.859805   16.783248  (     431   12243)
          96    7.860285   16.902183  (       1   10017)
          97    7.860520   16.773094  (     371   13296)
          98    7.860930   17.302025  (       1   10029)
          99    7.861348   17.750187  (    8082   11197)
         100    7.861405   16.661522  (     271   14442)
