      rank       #data_overlap        size_overlap          feature_ID
         1                  33             0.19523   (       1)
         2                  34             0.47243   (       2)
         3                  35             0.19523   (       3)
         4                  35             0.26739   (       4)
         5                  35             0.26739   (       5)
         6                  35             0.26739   (       6)
         7                  36             0.19523   (       7)
         8                  36             0.19523   (       8)
         9                  36             0.19523   (       9)
        10                  36             0.22023   (      10)
        11                  36             0.25492   (      11)
        12                  36             0.26739   (      12)
        13                  36             0.26739   (      13)
        14                  36             0.26739   (      14)
        15                  36             0.26739   (      15)
        16                  36             0.26739   (      16)
        17                  36             0.26739   (      17)
        18                  36             0.26739   (      18)
        19                  36             0.26739   (      19)
        20                  36             0.26739   (      20)
        21                  36             0.26739   (      21)
        22                  36             0.32067   (      22)
        23                  36             0.36623   (      23)
        24                  37             0.22023   (      24)
        25                  37             0.22023   (      25)
        26                  37             0.22023   (      26)
        27                  37             0.22023   (      27)
        28                  37             0.26739   (      28)
        29                  37             0.26742   (      29)
        30                  37             0.28614   (      30)
        31                  37             0.32067   (      31)
        32                  38             0.22023   (      32)
        33                  38             0.22023   (      33)
        34                  38             0.22023   (      34)
        35                  38             0.22023   (      35)
        36                  38             0.26168   (      36)
        37                  38             0.26739   (      37)
        38                  38             0.28146   (      38)
        39                  38             0.32067   (      39)
        40                  38             0.32067   (      40)
        41                  38             0.32067   (      41)
        42                  38             0.32067   (      42)
        43                  38             0.32463   (      43)
        44                  38             0.36595   (      44)
        45                  38             0.36623   (      45)
        46                  38             0.36623   (      46)
        47                  38             0.36623   (      47)
        48                  38             0.48641   (      48)
        49                  39             0.21358   (      49)
        50                  39             0.32067   (      50)
        51                  39             0.32067   (      51)
        52                  39             0.32463   (      52)
        53                  39             0.32463   (      53)
        54                  39             0.32463   (      54)
        55                  39             0.32463   (      55)
        56                  39             0.32463   (      56)
        57                  39             0.32463   (      57)
        58                  39             0.36211   (      58)
        59                  40             0.18108   (      59)
        60                  40             0.38537   (      60)
        61                  41             0.20105   (      67)
        62                  41             0.20125   (      68)
        63                  41             0.25699   (      69)
        64                  41             0.28034   (      70)
        65                  41             0.28168   (      71)
        66                  41             0.31394   (      72)
        67                  41             0.32463   (      73)
        68                  41             0.35554   (      74)
        69                  41             0.45264   (      75)
        70                  41             0.48062   (      76)
        71                  41             0.48088   (      77)
        72                  41             0.48641   (      78)
        73                  41             0.48641   (      79)
        74                  42             0.21358   (      86)
        75                  42             0.21358   (      87)
        76                  42             0.21358   (      88)
        77                  42             0.21358   (      89)
        78                  42             0.21358   (      90)
        79                  42             0.38112   (      91)
        80                  42             0.40313   (      92)
        81                  42             0.41943   (      93)
        82                  42             0.45944   (      94)
        83                  42             0.47854   (      95)
        84                  42             0.48641   (     102)
        85                  42             0.48641   (     103)
        86                  42             0.48641   (     104)
        87                  42             0.48641   (     105)
        88                  42             0.48641   (     106)
        89                  42             0.48641   (     101)
        90                  42             0.48641   (     107)
        91                  42             0.48641   (     108)
        92                  42             0.48641   (     109)
        93                  42             0.48641   (     110)
        94                  42             0.48641   (     111)
        95                  42             0.48641   (     112)
        96                  42             0.48641   (      96)
        97                  42             0.48641   (      97)
        98                  42             0.48641   (      98)
        99                  42             0.48641   (      99)
       100                  42             0.48641   (     100)
