        Rank        RMSE       MaxAE  Feature_ID
           1    5.444159   14.138354  (       1)
           2    5.482678   13.715262  (       2)
           3    5.495619   16.054844  (       3)
           4    5.501827   15.598419  (       4)
           5    5.535154   15.254266  (       5)
           6    5.544058   14.028982  (       6)
           7    5.546954   15.314025  (       7)
           8    5.547503   14.658681  (       8)
           9    5.548348   15.165968  (       9)
          10    5.549692   14.086349  (      10)
          11    5.568272   14.953688  (      11)
          12    5.569548   17.763637  (      12)
          13    5.573364   18.162737  (      13)
          14    5.574348   17.447165  (      14)
          15    5.582255   15.866707  (      15)
          16    5.582989   15.258744  (      16)
          17    5.586842   18.306400  (      17)
          18    5.588367   17.450084  (      18)
          19    5.592950   15.360066  (      19)
          20    5.593357   18.280593  (      20)
          21    5.593522   13.935639  (      21)
          22    5.594246   15.348387  (      22)
          23    5.594544   13.975358  (      23)
          24    5.594807   15.983167  (      24)
          25    5.602054   14.013665  (      25)
          26    5.603247   17.085517  (      26)
          27    5.605768   17.504966  (      27)
          28    5.610716   16.580813  (      28)
          29    5.612950   17.700251  (      29)
          30    5.613153   14.728461  (      30)
          31    5.613331   16.594639  (      31)
          32    5.616294   15.381175  (      32)
          33    5.619779   15.415105  (      33)
          34    5.622439   15.254328  (      34)
          35    5.626920   13.748434  (      35)
          36    5.627204   15.237602  (      36)
          37    5.628213   15.470434  (      37)
          38    5.635978   14.576280  (      38)
          39    5.638873   15.669650  (      39)
          40    5.640845   15.532626  (      40)
          41    5.643013   17.459375  (      41)
          42    5.644703   18.758778  (      42)
          43    5.645550   16.914260  (      43)
          44    5.646323   15.715278  (      44)
          45    5.647205   16.580646  (      45)
          46    5.649872   15.394480  (      46)
          47    5.651546   18.309546  (      47)
          48    5.653262   14.639626  (      48)
          49    5.655022   15.036202  (      49)
          50    5.655195   17.925341  (      50)
          51    5.655575   15.510705  (      51)
          52    5.660185   17.388432  (      52)
          53    5.661989   16.680101  (      53)
          54    5.662182   13.498569  (      54)
          55    5.662630   17.007320  (      55)
          56    5.662842   18.830325  (      56)
          57    5.663195   18.090165  (      57)
          58    5.666640   17.622678  (      58)
          59    5.667457   17.552568  (      59)
          60    5.667683   15.176597  (      60)
          61    5.667865   18.384982  (      61)
          62    5.668117   18.417970  (      62)
          63    5.669870   15.124004  (      63)
          64    5.671646   18.241416  (      64)
          65    5.671854   14.609061  (      65)
          66    5.674091   15.115889  (      66)
          67    5.674844   17.018950  (      67)
          68    5.675116   18.008596  (      68)
          69    5.675318   16.889262  (      69)
          70    5.676561   17.619496  (      70)
          71    5.676639   17.203202  (      71)
          72    5.676952   17.616783  (      72)
          73    5.677009   16.670087  (      73)
          74    5.678115   15.624174  (      74)
          75    5.679434   18.468107  (      75)
          76    5.680565   16.137611  (      76)
          77    5.680745   18.007315  (      77)
          78    5.681002   17.406934  (      78)
          79    5.681174   13.856345  (      79)
          80    5.681300   16.775313  (      80)
          81    5.681753   14.305799  (      81)
          82    5.683171   16.174291  (      82)
          83    5.685266   15.253577  (      83)
          84    5.685329   16.131177  (      84)
          85    5.687079   13.387135  (      85)
          86    5.688448   13.708611  (      86)
          87    5.689231   17.565663  (      87)
          88    5.689490   15.164010  (      88)
          89    5.689532   15.324196  (      89)
          90    5.689748   17.713213  (      90)
          91    5.689804   18.465173  (      91)
          92    5.690477   18.405004  (      92)
          93    5.690561   16.861068  (      93)
          94    5.692107   16.361083  (      94)
          95    5.694012   15.520048  (      95)
          96    5.695006   15.680099  (      96)
          97    5.695533   15.765212  (      97)
          98    5.696420   18.155309  (      98)
          99    5.696511   15.732860  (      99)
         100    5.697932   17.651420  (     100)
