        Rank        RMSE       MaxAE  Feature_ID
           1    1.215195    2.119507  (       7   16477)
           2    1.307592    2.233221  (       7   16859)
           3    1.307660    3.398278  (       1   17477)
           4    1.312870    3.163220  (       1   15072)
           5    1.320901    2.612610  (       7   17067)
           6    1.352243    4.209247  (       1   14971)
           7    1.366886    2.614798  (       1   18122)
           8    1.387639    2.578184  (       1   16668)
           9    1.388008    3.839421  (       1   11700)
          10    1.390268    4.195470  (       1   14881)
          11    1.397184    2.639174  (       1   17640)
          12    1.400214    2.537735  (       7   19333)
          13    1.401600    2.613330  (       1   19509)
          14    1.401795    2.594776  (       1   17777)
          15    1.402459    2.594555  (       1   17749)
          16    1.403534    3.245040  (       1   10299)
          17    1.407667    3.934991  (       1   11352)
          18    1.410317    3.297583  (       1   14193)
          19    1.411131    4.446739  (       1   15101)
          20    1.412186    4.401582  (       1   13598)
          21    1.418919    2.564124  (       2   13503)
          22    1.427632    3.398354  (       1   18254)
          23    1.428624    2.993541  (       1   18613)
          24    1.431631    2.965096  (       1   19442)
          25    1.431997    4.326089  (       1   14240)
          26    1.432829    2.602305  (       1   17284)
          27    1.433836    3.370648  (       1   16315)
          28    1.438318    4.434701  (       1   19375)
          29    1.443329    4.426066  (       1   18887)
          30    1.443633    3.143217  (       1   10281)
          31    1.444808    3.634348  (       1   10001)
          32    1.449577    3.789275  (       1   14639)
          33    1.451159    3.181743  (       1   16366)
          34    1.458531    3.207139  (       1   16001)
          35    1.463028    3.438296  (       2   18177)
          36    1.463315    2.781239  (       1   13503)
          37    1.464269    3.225992  (       1   15946)
          38    1.468848    3.013654  (       1   11640)
          39    1.470379    3.244863  (       1   15898)
          40    1.471654    3.283902  (       2   17777)
          41    1.471990    4.114553  (       1   19645)
          42    1.472128    3.533346  (       1   12224)
          43    1.472304    3.283798  (       2   17749)
          44    1.472624    2.984789  (       1   10826)
          45    1.473416    3.301013  (       2   19509)
          46    1.473424    4.316664  (       1   18473)
          47    1.473696    3.100002  (       1   11024)
          48    1.474012    2.743958  (       1   18177)
          49    1.476062    3.355262  (       7   18894)
          50    1.478172    3.778719  (       1   11823)
          51    1.483001    3.144942  (       1   10333)
          52    1.483143    3.062876  (       1   13593)
          53    1.491877    3.253482  (       1   10270)
          54    1.493643    3.446780  (       2   17751)
          55    1.495032    3.475731  (       2   17934)
          56    1.495979    3.074491  (       1   14278)
          57    1.496302    4.429889  (       1   14489)
          58    1.496313    3.190722  (       2   18122)
          59    1.497282    3.505186  (       2   18173)
          60    1.498033    2.786417  (       1   11467)
          61    1.498100    4.559965  (       1   14680)
          62    1.500231    4.447744  (       1   14265)
          63    1.501140    2.917485  (       1   15166)
          64    1.501199    2.749055  (       1   17751)
          65    1.503505    3.901398  (       1   12468)
          66    1.503980    3.295603  (       2   17284)
          67    1.505196    3.170425  (       1   15989)
          68    1.506840    3.157729  (       1   18838)
          69    1.508167    4.619758  (       1   16768)
          70    1.508848    3.076479  (       1   10843)
          71    1.509788    3.239682  (       1   17085)
          72    1.510371    3.113485  (       1   11444)
          73    1.512595    3.110104  (       1   11492)
          74    1.513130    3.406684  (       1   18455)
          75    1.514194    2.956216  (       1   16826)
          76    1.515560    2.776825  (       1   17934)
          77    1.516585    3.841256  (       1   10629)
          78    1.517077    3.346379  (       1   15908)
          79    1.517732    3.113477  (       1   14084)
          80    1.519701    4.497758  (       1   16054)
          81    1.521856    3.483417  (       1   12700)
          82    1.524283    3.589881  (       1   12622)
          83    1.524362    3.326781  (       1   13188)
          84    1.525463    4.658043  (       1   13356)
          85    1.526027    2.748657  (       1   10152)
          86    1.526151    3.203268  (       2   17640)
          87    1.526581    4.221021  (       1   17555)
          88    1.527735    4.417770  (       1   12859)
          89    1.529652    3.521358  (       1   12499)
          90    1.530423    2.804992  (       1   18173)
          91    1.530604    3.353178  (       1   14611)
          92    1.531365    2.905942  (       1   11256)
          93    1.531855    3.453924  (       1   12825)
          94    1.531955    3.159671  (       1   11158)
          95    1.532018    4.257304  (       1   17866)
          96    1.533035    3.431813  (       1   13034)
          97    1.533575    3.899593  (       1   15512)
          98    1.535011    2.778755  (       1   11199)
          99    1.536846    3.105849  (       1   10986)
         100    1.539471    4.585314  (       2   14639)
