        Rank        RMSE       MaxAE  Feature_ID
           1    3.471618   10.196448  (     101   11897)
           2    3.479842   10.462487  (      37   11897)
           3    3.494661   10.529256  (      35   11897)
           4    3.494797   10.415953  (      53   11897)
           5    3.511094   10.386132  (      63   11897)
           6    3.533593   10.317890  (      69   11897)
           7    3.550153   10.987794  (       2   13608)
           8    3.551165   10.391901  (      80   11897)
           9    3.551196   10.388375  (      79   11897)
          10    3.551198   10.367783  (      82   11897)
          11    3.551769   10.385727  (      78   11897)
          12    3.573549   10.445216  (      87   11897)
          13    3.592219   10.374600  (     319   11897)
          14    3.593134    9.372809  (       2   14942)
          15    3.598498   10.506952  (     113   11897)
          16    3.598667    8.853924  (      26   11378)
          17    3.611948   10.904907  (      37   17820)
          18    3.619605   10.963146  (      35   17820)
          19    3.622133    8.727190  (    1070   11521)
          20    3.624138   10.674682  (       2   11521)
          21    3.626846    9.562556  (       2   19222)
          22    3.645728   10.759781  (      99   11897)
          23    3.647725   10.067605  (       2   19211)
          24    3.651175   10.173816  (       2   11897)
          25    3.664487   10.719920  (     101   17820)
          26    3.667737   10.124709  (      37   13193)
          27    3.670840   10.864902  (      63   17820)
          28    3.672238   10.526398  (     185   11897)
          29    3.676192    9.655634  (     136   11897)
          30    3.676243   10.179714  (     184   11897)
          31    3.677767   10.003386  (     884   11378)
          32    3.678338    9.501824  (     366   14425)
          33    3.678885   10.190487  (      35   13193)
          34    3.682489   10.785705  (      69   17820)
          35    3.683401   10.538135  (     217   11897)
          36    3.691877   10.684873  (      94   11897)
          37    3.694248   10.121061  (      94   13193)
          38    3.697486   11.126188  (     952   17194)
          39    3.705137   10.896778  (      87   17820)
          40    3.705763   11.634597  (     897   11897)
          41    3.709632   10.054965  (      63   13193)
          42    3.709645   10.871954  (      80   17820)
          43    3.711238   10.869976  (      79   17820)
          44    3.712127   10.109572  (      53   13193)
          45    3.713357   10.868878  (      78   17820)
          46    3.717968   11.708224  (       2   12410)
          47    3.722596   11.704459  (     546   11897)
          48    3.725426   11.482347  (    7787   11897)
          49    3.737064   11.635876  (    1691   11897)
          50    3.738850   10.096424  (      26   11521)
          51    3.739093   10.879704  (      82   17820)
          52    3.743525   11.809667  (     423   11897)
          53    3.744270   10.871665  (    3063   11897)
          54    3.747507   10.052619  (      78   13193)
          55    3.748282   10.056866  (      79   13193)
          56    3.749570   10.061994  (      80   13193)
          57    3.749724    9.722284  (       2   11378)
          58    3.751282   10.039428  (      82   13193)
          59    3.752516    9.322046  (    1070   13608)
          60    3.753355   10.122304  (     113   13193)
          61    3.754061   11.553025  (      20   11897)
          62    3.757100   10.799660  (     267   11897)
          63    3.759141    8.994334  (      52   14425)
          64    3.766520   10.110834  (      87   13193)
          65    3.767952   10.258865  (       2   16303)
          66    3.768283   11.002100  (     113   17820)
          67    3.771676   10.039924  (      69   13193)
          68    3.774405    9.820025  (      26   19222)
          69    3.774789   10.896748  (     319   17820)
          70    3.775317   10.260784  (       2   18898)
          71    3.777838   12.406164  (    3740   11897)
          72    3.777965   10.418592  (      26   13724)
          73    3.787262   10.553676  (       2   17820)
          74    3.789290   12.768766  (    3740   17820)
          75    3.791129    9.558621  (      19   14425)
          76    3.795972   11.631386  (    3394   11897)
          77    3.796204   10.806608  (    1697   12383)
          78    3.798032   11.676328  (    4050   11897)
          79    3.799197   11.675040  (    4059   11897)
          80    3.800945   11.674713  (    4091   11897)
          81    3.804408   10.545731  (      26   13608)
          82    3.804988   10.049650  (     319   13193)
          83    3.807099   11.275290  (      26   12410)
          84    3.810092   11.397459  (      43   11897)
          85    3.811221   11.712209  (    4260   11897)
          86    3.811364   11.677717  (    5274   11897)
          87    3.820259   11.127423  (      94   17820)
          88    3.821420   11.059491  (    1697   17820)
          89    3.821954   11.181753  (     267   17820)
          90    3.826668    9.202315  (       2   15539)
          91    3.828740   12.850111  (    4486   15628)
          92    3.830000   11.011030  (     185   17820)
          93    3.833431   10.676062  (    2720   11897)
          94    3.834874   11.771869  (    7695   11897)
          95    3.835181   11.249643  (     772   11897)
          96    3.837265   11.084832  (      53   17820)
          97    3.838105   10.014806  (    1070   10938)
          98    3.838642   10.005975  (     136   13193)
          99    3.838707    9.419225  (      84   11897)
         100    3.839592   10.389085  (       1   10118)
