      rank       #data_overlap        size_overlap          feature_ID
         1                  37             0.35620   (       1)
         2                  37             0.35620   (       2)
         3                  37             0.48901   (       3)
         4                  38             0.35620   (       4)
         5                  38             0.35620   (       5)
         6                  38             0.47568   (       6)
         7                  38             0.48901   (       7)
         8                  39             0.35620   (       8)
         9                  39             0.35620   (       9)
        10                  39             0.35620   (      10)
        11                  39             0.35620   (      11)
        12                  39             0.48887   (      12)
        13                  39             0.48901   (      13)
        14                  40             0.65289   (      14)
        15                  41             0.27833   (      15)
        16                  41             0.34185   (      16)
        17                  41             0.34185   (      17)
        18                  41             0.44205   (      18)
        19                  42             0.34185   (      20)
        20                  42             0.34185   (      21)
        21                  42             0.34185   (      22)
        22                  42             0.38066   (      23)
        23                  42             0.38066   (      24)
        24                  42             0.38617   (      25)
        25                  42             0.57112   (      26)
        26                  42             0.70242   (      27)
        27                  42             0.93218   (      29)
        28                  42             0.93218   (      30)
        29                  42             0.93218   (      31)
        30                  42             0.93218   (      32)
        31                  42             0.93218   (      33)
        32                  43             0.30230   (      34)
        33                  43             0.31407   (      35)
        34                  43             0.34185   (      36)
        35                  43             0.34185   (      37)
        36                  43             0.34185   (      38)
        37                  43             0.38066   (      39)
        38                  43             0.38066   (      40)
        39                  43             0.38066   (      41)
        40                  43             0.57112   (      42)
        41                  43             0.57112   (      43)
        42                  43             0.57112   (      44)
        43                  43             0.57112   (      46)
        44                  43             0.57112   (      45)
        45                  43             0.58681   (      47)
        46                  43             0.61315   (      48)
        47                  43             0.63485   (      49)
        48                  43             0.70046   (      50)
        49                  43             0.70318   (      51)
        50                  43             0.70318   (      52)
        51                  43             0.70318   (      53)
        52                  43             0.74801   (      54)
        53                  43             0.92168   (      55)
        54                  43             0.93218   (      56)
        55                  43             0.93218   (      57)
        56                  43             0.93218   (      58)
        57                  43             0.93218   (      59)
        58                  43             0.93218   (      60)
        59                  43             0.93218   (      61)
        60                  43             0.93218   (      62)
        61                  43             0.93218   (      63)
        62                  43             0.93218   (      64)
        63                  43             0.93218   (      65)
        64                  43             0.93218   (      66)
        65                  43             0.93218   (      67)
        66                  43             0.93218   (      68)
        67                  43             0.93218   (      69)
        68                  43             0.93218   (      70)
        69                  44             0.29878   (      72)
        70                  44             0.30251   (      73)
        71                  44             0.30399   (      74)
        72                  44             0.38066   (      75)
        73                  44             0.38066   (      76)
        74                  44             0.38066   (      77)
        75                  44             0.48114   (      78)
        76                  44             0.56756   (      79)
        77                  44             0.57112   (      80)
        78                  44             0.57112   (      81)
        79                  44             0.57112   (      82)
        80                  44             0.57112   (      83)
        81                  44             0.57112   (      84)
        82                  44             0.58106   (      85)
        83                  44             0.58567   (      86)
        84                  44             0.58652   (      87)
        85                  44             0.64574   (      88)
        86                  44             0.67873   (      89)
        87                  44             0.68055   (      90)
        88                  44             0.68389   (      91)
        89                  44             0.69826   (      92)
        90                  44             0.69885   (      93)
        91                  44             0.69931   (      94)
        92                  44             0.70318   (      95)
        93                  44             0.70318   (      96)
        94                  44             0.70318   (      97)
        95                  44             0.70318   (      98)
        96                  44             0.70318   (      99)
        97                  44             0.72285   (     100)
        98                  44             0.74801   (     102)
        99                  44             0.74801   (     101)
       100                  44             0.90234   (     103)
