Model_ID, [(c_i,i=0,n)_j,j=1,ntask]
           1    0.3617232084E+03   -0.3669268932E+03   -0.2481270778E+03
           2    0.3624425635E+03   -0.3618321595E+03   -0.2103031540E+03
           3    0.3625127301E+03   -0.3580182552E+03   -0.2307523923E+03
           4    0.3428469228E+03   -0.3218258790E+03   -0.6623466442E+03
           5    0.3584170257E+03   -0.3506567436E+03   -0.2922360402E+03
           6    0.3454202668E+03   -0.3211524698E+03   -0.3834880384E+03
           7    0.3573620098E+03   -0.3562119283E+03    0.3367168589E+03
           8    0.3403936240E+03   -0.3190591732E+03    0.6470723240E+03
           9    0.3597010339E+03   -0.3601898917E+03    0.1640106514E+03
          10    0.3571457087E+03   -0.3390202133E+03    0.4151544150E+03
          11    0.3425010195E+03   -0.3267941561E+03   -0.4752446866E+03
          12    0.3425266308E+03   -0.3235127841E+03   -0.6676720923E+03
          13    0.3424692464E+03   -0.3237801946E+03    0.6691217753E+03
          14    0.3423979834E+03   -0.3240839245E+03   -0.6710772691E+03
          15    0.3520854713E+03   -0.3339542171E+03    0.2779465879E+03
          16    0.3428233180E+03   -0.3277509222E+03   -0.6705185098E+03
          17    0.3516882377E+03   -0.3369650787E+03   -0.3266389378E+03
          18    0.3569137895E+03   -0.3551298861E+03   -0.2342728289E+03
          19    0.3448049411E+03   -0.3179991637E+03   -0.3823812988E+03
          20    0.3425664938E+03   -0.3259869103E+03    0.4659949202E+03
          21    0.3449901886E+03   -0.3158153346E+03   -0.3648349285E+03
          22    0.3532655023E+03   -0.3422740904E+03   -0.2415904793E+03
          23    0.3392138142E+03   -0.3181961652E+03   -0.6441819508E+03
          24    0.3430520444E+03   -0.3215760399E+03   -0.3789373584E+03
          25    0.3449332705E+03   -0.3203838441E+03   -0.3842811260E+03
          26    0.3381218817E+03   -0.3126983760E+03   -0.1696979993E+03
          27    0.3449011590E+03   -0.3239343824E+03   -0.3888222682E+03
          28    0.3432733021E+03   -0.3202544874E+03   -0.3707692451E+03
          29    0.3448207449E+03   -0.3190730789E+03   -0.6317572096E+03
          30    0.3506383005E+03   -0.3302767850E+03    0.2775328185E+03
          31    0.3424070610E+03   -0.3226565332E+03   -0.1801865665E+03
          32    0.3554573253E+03   -0.3434024150E+03   -0.2860618466E+03
          33    0.3445250019E+03   -0.3193560235E+03   -0.3822055340E+03
          34    0.3313206238E+03   -0.2881517287E+03   -0.7148793955E+03
          35    0.3450909848E+03   -0.3225321585E+03    0.3804133621E+03
          36    0.3467926921E+03   -0.3283412331E+03    0.6748455721E+03
          37    0.3442972742E+03   -0.3193534249E+03   -0.3807960957E+03
          38    0.3449531815E+03   -0.3297558035E+03    0.4753540694E+03
          39    0.3551176168E+03   -0.3378198732E+03   -0.4050470836E+03
          40    0.3324817757E+03   -0.2885748118E+03    0.7087396803E+03
          41    0.3508764868E+03   -0.3313289421E+03    0.2872714698E+03
          42    0.3415156045E+03   -0.3238952571E+03    0.4702602359E+03
          43    0.3450094014E+03   -0.3212462830E+03   -0.5388263695E+03
          44    0.3471769709E+03   -0.3315748597E+03    0.3788189416E+03
          45    0.3468283285E+03   -0.3317210308E+03    0.3730755988E+03
          46    0.3574594309E+03   -0.3406897809E+03    0.4153775183E+03
          47    0.3426396635E+03   -0.3189629384E+03    0.5012129790E+03
          48    0.3577744873E+03   -0.3469496938E+03    0.2634739432E+03
          49    0.3564444888E+03   -0.3388533871E+03   -0.4109732660E+03
          50    0.3446607050E+03   -0.3198770894E+03   -0.3812311007E+03
          51    0.3446625045E+03   -0.3198533206E+03   -0.3812417677E+03
          52    0.3446642648E+03   -0.3198295084E+03    0.3812503990E+03
          53    0.3593084963E+03   -0.3567109442E+03    0.1720049819E+03
          54    0.3399071611E+03   -0.3184231040E+03    0.4348124200E+03
          55    0.3513324157E+03   -0.3320140380E+03    0.2550092782E+03
          56    0.3485580362E+03   -0.3278841512E+03   -0.1349609141E+03
          57    0.3423772425E+03   -0.3250497047E+03   -0.6040605006E+03
          58    0.3409894690E+03   -0.3166922373E+03   -0.6411069204E+03
          59    0.3470722691E+03   -0.3322783027E+03    0.3667471157E+03
          60    0.3572549048E+03   -0.3554490697E+03   -0.2303807157E+03
          61    0.3570230692E+03   -0.3560908174E+03    0.2309905103E+03
          62    0.3565072027E+03   -0.3387858036E+03   -0.4110867641E+03
          63    0.3440805684E+03   -0.3189307605E+03   -0.3765631744E+03
          64    0.3451878281E+03   -0.3207197062E+03   -0.3825714338E+03
          65    0.3451783732E+03   -0.3312312742E+03    0.3044426052E+03
          66    0.3427858789E+03   -0.3222832150E+03   -0.1189944444E+04
          67    0.3443492410E+03   -0.3223317378E+03   -0.6540292044E+03
          68    0.3438698275E+03   -0.3309734033E+03    0.5631513229E+03
          69    0.3441475476E+03   -0.3329646593E+03    0.3694479759E+03
          70    0.3415988014E+03   -0.3231506221E+03    0.4611384182E+03
          71    0.3573714061E+03   -0.3572506651E+03    0.2298664537E+03
          72    0.3457514323E+03   -0.3254656921E+03   -0.2226976143E+03
          73    0.3415989958E+03   -0.3225991932E+03    0.4599948030E+03
          74    0.3411788964E+03   -0.3240927703E+03   -0.4648804295E+03
          75    0.3569248818E+03   -0.3472982515E+03    0.2669839870E+03
          76    0.3416077029E+03   -0.3219391013E+03   -0.4570024703E+03
          77    0.2947998697E+03   -0.2469448637E+03   -0.1785733217E+04
          78    0.3390244136E+03   -0.3181723287E+03   -0.8800050366E+03
          79    0.3420483444E+03   -0.3253827456E+03   -0.4391253563E+03
          80    0.3447869373E+03   -0.3203342238E+03   -0.3796531303E+03
          81    0.3546082277E+03   -0.3374082039E+03    0.4050213343E+03
          82    0.3418940760E+03   -0.3237430487E+03   -0.6528107503E+03
          83    0.3586075858E+03   -0.3549816382E+03    0.3904253245E+03
          84    0.3570771551E+03   -0.3540836608E+03    0.1439329817E+03
          85    0.3418849749E+03   -0.3239871664E+03   -0.6536073182E+03
          86    0.3402154924E+03   -0.3229331372E+03   -0.3277259691E+03
          87    0.3427089254E+03   -0.3182767337E+03    0.4912208586E+03
          88    0.3449831774E+03   -0.3203048990E+03   -0.3794386044E+03
          89    0.3489696420E+03   -0.3193680707E+03    0.2049372350E+03
          90    0.3417182558E+03   -0.3249528821E+03    0.6582035175E+03
          91    0.3442614903E+03   -0.3207073503E+03   -0.3867186140E+03
          92    0.3417774814E+03   -0.3249825462E+03   -0.6580934566E+03
          93    0.3428778375E+03   -0.3215003385E+03   -0.4255793480E+03
          94    0.3418691867E+03   -0.3243460101E+03    0.6543944423E+03
          95    0.3582349410E+03   -0.3509613904E+03    0.2058596448E+03
          96    0.3569201550E+03   -0.3402545823E+03   -0.4143251849E+03
          97    0.3569065608E+03   -0.3402236367E+03    0.4147079589E+03
          98    0.3491087229E+03   -0.3312019974E+03    0.2876450633E+03
          99    0.3442500741E+03   -0.3210765358E+03    0.3873206749E+03
         100    0.3572687146E+03   -0.3490767677E+03   -0.3652449961E+03
