Model_ID, [(c_i,i=0,n)_j,j=1,ntask]
           1    0.3373243004E+03   -0.3119586780E+03
           2    0.3285661203E+03   -0.2982610678E+03
           3    0.2916816435E+03    0.2853235641E+03
           4    0.3271696703E+03    0.2825346825E+03
           5    0.2583196957E+03    0.2276241020E+03
           6    0.3202136300E+03    0.2571026463E+03
           7    0.3109552642E+03    0.2471112214E+03
           8    0.3152543902E+03    0.2594170840E+03
           9    0.2903281521E+03    0.1279472799E+03
          10    0.3258315246E+03    0.2789468997E+03
          11    0.2288619378E+03    0.8114205385E+02
          12    0.2078470713E+03    0.7619146093E+02
          13    0.2217287751E+03    0.7633464281E+02
          14    0.2575275989E+03    0.2279589621E+03
          15    0.2463622076E+03    0.9046567651E+02
          16    0.2588727198E+03    0.2265671368E+03
          17    0.3358576152E+03    0.1547609671E+03
          18    0.2240493650E+03    0.8566143909E+02
          19    0.2573195926E+03    0.2126174014E+03
          20    0.1463384767E+03    0.1200407883E+03
          21    0.2905329337E+03    0.1275052834E+03
          22    0.2322027298E+03   -0.1029524077E+03
          23    0.3300735883E+03    0.2767488262E+03
          24    0.3098083376E+03   -0.2655184252E+03
          25    0.3287178456E+03   -0.2789924574E+03
          26    0.2580817047E+03    0.2113828788E+03
          27    0.3191032966E+03    0.2802932302E+03
          28    0.2427794450E+03   -0.9411932707E+02
          29    0.2571409551E+03    0.2251046755E+03
          30    0.2071616888E+03    0.7524291349E+02
          31    0.3164730678E+03    0.2865541584E+03
          32    0.3281440997E+03   -0.2938621808E+03
          33    0.3201461330E+03   -0.2858552332E+03
          34    0.3181385909E+03    0.2483718060E+03
          35    0.2025339145E+03    0.7165904417E+02
          36    0.3213830577E+03    0.2631197086E+03
          37    0.2503194154E+03    0.9716449159E+02
          38    0.3279843722E+03    0.3237310955E+03
          39    0.2330232307E+03   -0.9931267945E+02
          40    0.3340448554E+03   -0.2919485005E+03
          41    0.2180652438E+03    0.8076129047E+02
          42    0.2614583570E+03   -0.1099161314E+03
          43    0.3175187461E+03    0.2967880926E+03
          44    0.2558117585E+03    0.2249951407E+03
          45    0.2134562269E+03    0.7963249608E+02
          46    0.3237726697E+03    0.2602770979E+03
          47    0.3379822123E+03   -0.1728046155E+03
          48    0.2354037013E+03   -0.1059072164E+03
          49    0.3103894218E+03    0.8345419706E+02
          50    0.2844286364E+03    0.1259142234E+03
          51    0.3020726857E+03    0.2894404583E+03
          52    0.2890100144E+03    0.1218165289E+03
          53    0.3110292573E+03    0.1407090929E+03
          54    0.2881875700E+03    0.2799317590E+03
          55    0.2557211260E+03    0.2100151398E+03
          56    0.2619866821E+03    0.1190355713E+03
          57    0.3208506494E+03   -0.2940633938E+03
          58    0.1874405218E+03    0.1857031716E+03
          59    0.2586027112E+03    0.2101873236E+03
          60    0.3256253204E+03   -0.2876881091E+03
          61    0.2883220477E+03    0.2806269320E+03
          62    0.2837001491E+03    0.7820311843E+02
          63    0.2444127933E+03    0.8783506339E+02
          64    0.1472865429E+03    0.1157648004E+03
          65    0.2438615355E+03    0.8058853631E+02
          66    0.3320147595E+03   -0.2944761521E+03
          67    0.2854073283E+03    0.2777797635E+03
          68    0.2714336182E+03    0.2317149908E+03
          69    0.2193543960E+03    0.8448209209E+02
          70    0.2673824970E+03    0.2335771216E+03
          71    0.3321521112E+03   -0.2969818377E+03
          72    0.2569859989E+03    0.2092973704E+03
          73    0.3120159450E+03    0.2708259907E+03
          74    0.3363182521E+03   -0.1710160274E+03
          75    0.2815711201E+03   -0.1231523827E+03
          76    0.2855319562E+03    0.2784397784E+03
          77    0.2715505079E+03    0.2313143049E+03
          78    0.1981520359E+03    0.7910432564E+02
          79    0.3309908975E+03   -0.2902016713E+03
          80    0.1442923558E+03    0.9427967896E+02
          81    0.2351459628E+03    0.1747667741E+03
          82    0.3218248211E+03    0.2640007670E+03
          83    0.3315639949E+03   -0.2958357508E+03
          84    0.2724548093E+03    0.2334832042E+03
          85    0.1912793008E+03    0.7210746278E+02
          86    0.2387426679E+03   -0.9308743808E+02
          87    0.1397197362E+03    0.9790435510E+02
          88    0.2668249639E+03    0.2265719094E+03
          89    0.3319707250E+03    0.2995347163E+03
          90    0.2662974384E+03    0.2267725782E+03
          91    0.2938006308E+03    0.2821206936E+03
          92    0.2711350693E+03    0.1073377476E+03
          93    0.2591103691E+03    0.2220002668E+03
          94    0.2895978871E+03    0.1281143995E+03
          95    0.3242411490E+03    0.2771253474E+03
          96    0.3308404834E+03   -0.2913371957E+03
          97    0.2385358546E+03   -0.1036025705E+03
          98    0.2726718806E+03    0.1872199707E+03
          99    0.3131378964E+03   -0.2507649237E+03
         100    0.2510683214E+03   -0.1213621302E+03
