      rank       #data_overlap        size_overlap          feature_ID
         1                  15             0.13891   (       8    1228)
         2                  15             0.24567   (       3    1228)
         3                  16             0.11884   (       8    1989)
         4                  16             0.11890   (       7    1228)
         5                  16             0.12410   (       8    1237)
         6                  16             0.14041   (       8    1437)
         7                  16             0.14041   (       8    1439)
         8                  16             0.20114   (       3    1305)
         9                  16             0.23604   (       3    1989)
        10                  16             0.23953   (      15    1989)
        11                  16             0.23953   (       4    1989)
        12                  16             0.23953   (      21    1989)
        13                  16             0.24567   (       3    1437)
        14                  16             0.24567   (       3    1439)
        15                  16             0.24604   (       6    1169)
        16                  17             0.09294   (       8    1002)
        17                  17             0.11890   (       7    1437)
        18                  17             0.12052   (       7    1439)
        19                  17             0.12052   (       7    1989)
        20                  17             0.13343   (       8    1970)
        21                  17             0.14041   (       8    1969)
        22                  17             0.14041   (       8    1971)
        23                  17             0.14041   (       8    1972)
        24                  17             0.14041   (       8    1975)
        25                  17             0.14041   (       8    1977)
        26                  17             0.14041   (       8    1959)
        27                  17             0.14041   (       8    1990)
        28                  17             0.14041   (       8    1993)
        29                  17             0.14041   (       8    1995)
        30                  17             0.14041   (       8    1968)
        31                  17             0.14046   (       8    1987)
        32                  17             0.14354   (       7    1465)
        33                  17             0.14414   (       8    1992)
        34                  17             0.15680   (       7    1528)
        35                  17             0.15930   (       7    1269)
        36                  17             0.16034   (       7    1007)
        37                  17             0.16407   (       7    1270)
        38                  17             0.16470   (       8    1011)
        39                  17             0.17618   (       5    1989)
        40                  17             0.18065   (       7    1039)
        41                  17             0.18415   (       5    1466)
        42                  17             0.18415   (       3    1466)
        43                  17             0.18681   (       3     687)
        44                  17             0.18836   (       7    1225)
        45                  17             0.18836   (       7    1226)
        46                  17             0.18891   (      10    1305)
        47                  17             0.20075   (      28    1212)
        48                  17             0.20217   (      28    1464)
        49                  17             0.20339   (       7    1213)
        50                  17             0.20339   (       5    1305)
        51                  17             0.20364   (      23    1305)
        52                  17             0.20364   (      13    1305)
        53                  17             0.20364   (       7    1305)
        54                  17             0.20364   (       9    1305)
        55                  17             0.20367   (      25    1305)
        56                  17             0.20831   (       3    1378)
        57                  17             0.20831   (       5    1378)
        58                  17             0.21128   (       8    1157)
        59                  17             0.21302   (       6    1168)
        60                  17             0.21363   (       5    1168)
        61                  17             0.22138   (       7    1442)
        62                  17             0.22138   (       7    1443)
        63                  17             0.22167   (       3     700)
        64                  17             0.22250   (       5     690)
        65                  17             0.22250   (       5     692)
        66                  17             0.22250   (       5    1542)
        67                  17             0.22250   (       3     690)
        68                  17             0.22250   (       3     692)
        69                  17             0.22250   (       3    1542)
        70                  17             0.22524   (      28    1252)
        71                  17             0.22601   (       1     697)
        72                  17             0.22601   (       1    1465)
        73                  17             0.22732   (      34    1058)
        74                  17             0.22732   (      34    1073)
        75                  17             0.23123   (       6    1254)
        76                  17             0.23646   (      21     697)
        77                  17             0.23953   (      14    1989)
        78                  17             0.23953   (      16    1989)
        79                  17             0.23953   (      17    1989)
        80                  17             0.23953   (      19    1989)
        81                  17             0.23953   (      23    1989)
        82                  17             0.23953   (       9    1989)
        83                  17             0.24006   (       3    1990)
        84                  17             0.24059   (      20    1989)
        85                  17             0.24077   (       5     697)
        86                  17             0.24361   (       4    1990)
        87                  17             0.24361   (      21    1990)
        88                  17             0.24361   (       5    1990)
        89                  17             0.24567   (       3    1959)
        90                  17             0.24567   (       3    1968)
        91                  17             0.24567   (       3    1970)
        92                  17             0.24567   (       3    1971)
        93                  17             0.24567   (       3    1972)
        94                  17             0.24567   (       3    1975)
        95                  17             0.24567   (       3    1977)
        96                  17             0.24567   (       3    1992)
        97                  17             0.24567   (       3    1963)
        98                  17             0.24567   (       3    1969)
        99                  17             0.24567   (       3    1993)
       100                  17             0.24567   (       3    1995)
