      rank       #data_overlap        size_overlap          feature_ID
         1                  42             0.33002   (       1)
         2                  43             0.34457   (       2)
         3                  44             0.34457   (       3)
         4                  44             0.55812   (       4)
         5                  44             0.65018   (       5)
         6                  44             0.68486   (       6)
         7                  45             0.29859   (       7)
         8                  45             0.34457   (       8)
         9                  45             0.34457   (       9)
        10                  45             0.34457   (      10)
        11                  45             0.55812   (      11)
        12                  45             0.55812   (      12)
        13                  45             0.56368   (      13)
        14                  45             0.56368   (      14)
        15                  45             0.58662   (      15)
        16                  45             0.70865   (      16)
        17                  45             0.73974   (      17)
        18                  45             0.73974   (      18)
        19                  45             0.91754   (      19)
        20                  45             1.00000   (      21)
        21                  45             1.00000   (      22)
        22                  45             1.00000   (      23)
        23                  45             1.00000   (      24)
        24                  45             1.00000   (      25)
        25                  45             1.00000   (      26)
        26                  45             1.00000   (      27)
        27                  45             1.00000   (      28)
        28                  45             1.00000   (      29)
        29                  45             1.00000   (      30)
        30                  45             1.00000   (      31)
        31                  45             1.00000   (      32)
        32                  45             1.00000   (      33)
        33                  45             1.00000   (      34)
        34                  45             1.00000   (      35)
        35                  45             1.00000   (      36)
        36                  45             1.00000   (      37)
        37                  45             1.00000   (      38)
        38                  45             1.00000   (      39)
        39                  45             1.00000   (      40)
        40                  45             1.00000   (      41)
        41                  45             1.00000   (      42)
        42                  45             1.00000   (      43)
        43                  45             1.00000   (      44)
        44                  45             1.00000   (      45)
        45                  45             1.00000   (      46)
        46                  45             1.00000   (      47)
        47                  45             1.00000   (      48)
        48                  45             1.00000   (      49)
        49                  45             1.00000   (      50)
        50                  45             1.00000   (      51)
        51                  45             1.00000   (      52)
        52                  45             1.00000   (      53)
        53                  45             1.00000   (      54)
        54                  45             1.00000   (      55)
        55                  45             1.00000   (      56)
        56                  45             1.00000   (      57)
        57                  45             1.00000   (      58)
        58                  45             1.00000   (      59)
        59                  45             1.00000   (      60)
        60                  45             1.00000   (      61)
        61                  45             1.00000   (      62)
        62                  45             1.00000   (      63)
        63                  45             1.00000   (      64)
        64                  45             1.00000   (      65)
        65                  45             1.00000   (      66)
        66                  45             1.00000   (      67)
        67                  46             0.33263   (      68)
        68                  46             0.33514   (      69)
        69                  46             0.34457   (      70)
        70                  46             0.34457   (      71)
        71                  46             0.34457   (      72)
        72                  46             0.36957   (      73)
        73                  46             0.47042   (      74)
        74                  46             0.50135   (      75)
        75                  46             0.55812   (      76)
        76                  46             0.55812   (      77)
        77                  46             0.56368   (      78)
        78                  46             0.56368   (      79)
        79                  46             0.56368   (      80)
        80                  46             0.56368   (      81)
        81                  46             0.56368   (      82)
        82                  46             0.56368   (      83)
        83                  46             0.58602   (      84)
        84                  46             0.58662   (      85)
        85                  46             0.58662   (      86)
        86                  46             0.60454   (      87)
        87                  46             0.61426   (      88)
        88                  46             0.63388   (      89)
        89                  46             0.65594   (      90)
        90                  46             0.66548   (      91)
        91                  46             0.67153   (      92)
        92                  46             0.69584   (      93)
        93                  46             0.70822   (      94)
        94                  46             0.73003   (      95)
        95                  46             0.76140   (      96)
        96                  46             0.87392   (      97)
        97                  46             0.91754   (      98)
        98                  46             0.91754   (      99)
        99                  46             0.91754   (     100)
       100                  46             0.95901   (     101)
