The coordinates (x,y) of 2D-vertices arranged in clockwise direction
Task :    1
Hull    1
   -0.3144771600E+00   -0.6990000000E-01
   -0.4687776000E-01    0.3487000000E+00
    0.2122911000E-01    0.0000000000E+00
    0.2416911000E-01   -0.2746000000E+00
   -0.2802690000E-02   -0.3635000000E+00
   -0.1131996500E+00   -0.3892000000E+00
   -0.1944810000E+00   -0.2726000000E+00
Hull    2
   -0.8542552000E-01   -0.7718000000E+00
   -0.5297978000E-01   -0.3860000000E+00
   -0.3016800000E-01   -0.1576000000E+00
   -0.1728335000E-01   -0.8880000000E-01
    0.4419243000E-01   -0.1338000000E+00
    0.9387785000E-01   -0.1978000000E+00
    0.2306520000E-01   -0.1245500000E+01
   -0.3521100000E-02   -0.1317700000E+01
   -0.8491227000E-01   -0.1021500000E+01
