        Rank        RMSE       MaxAE  Feature_ID
           1    9.913616   19.886412  (       1)
           2   10.296429   19.385647  (       2)
           3   10.365214   20.285017  (       3)
           4   10.410918   21.010787  (       4)
           5   10.740907   19.955745  (       5)
           6   10.848621   23.364789  (       6)
           7   10.925215   20.519515  (       7)
           8   10.949621   20.544351  (       8)
           9   10.975452   20.570874  (       9)
          10   10.977630   23.676759  (      10)
          11   11.045393   24.483943  (      11)
          12   11.112676   28.767226  (      12)
          13   11.119133   28.357365  (      13)
          14   11.152447   25.887727  (      14)
          15   11.153460   26.165698  (      15)
          16   11.155132   22.509750  (      16)
          17   11.201010   26.458220  (      17)
          18   11.212854   24.153376  (      18)
          19   11.219305   24.144147  (      19)
          20   11.229183   26.585358  (      20)
          21   11.243405   24.110537  (      21)
          22   11.262345   22.500314  (      22)
          23   11.269117   24.076001  (      23)
          24   11.281552   24.059722  (      24)
          25   11.282071   24.882246  (      25)
          26   11.292432   24.886661  (      26)
          27   11.316120   26.371220  (      27)
          28   11.327351   26.656064  (      28)
          29   11.345340   22.672269  (      29)
          30   11.346726   24.785276  (      30)
          31   11.347053   24.246684  (      31)
          32   11.351617   25.759828  (      32)
          33   11.368841   23.337691  (      33)
          34   11.376141   24.685604  (      34)
          35   11.380077   21.957389  (      35)
          36   11.384202   26.686506  (      36)
          37   11.394619   23.918227  (      37)
          38   11.395196   23.920596  (      38)
          39   11.395779   23.922963  (      39)
          40   11.406220   24.380308  (      40)
          41   11.423811   25.764193  (      41)
          42   11.460056   25.324467  (      42)
          43   11.460956   26.678466  (      43)
          44   11.461771   24.451375  (      44)
          45   11.462304   24.451785  (      45)
          46   11.462925   22.785172  (      46)
          47   11.464599   30.822569  (      47)
          48   11.466782   22.083465  (      48)
          49   11.467005   25.843649  (      49)
          50   11.468739   23.902877  (      50)
          51   11.469873   29.504345  (      51)
          52   11.472707   25.578158  (      52)
          53   11.473433   23.927966  (      53)
          54   11.489743   25.201676  (      54)
          55   11.493876   25.194458  (      55)
          56   11.513329   23.358481  (      56)
          57   11.516522   26.785348  (      57)
          58   11.517000   26.783724  (      58)
          59   11.517884   26.780753  (      59)
          60   11.518783   26.777782  (      60)
          61   11.519281   26.776158  (      61)
          62   11.529353   26.527980  (      62)
          63   11.530938   26.821619  (      63)
          64   11.543603   25.901848  (      64)
          65   11.544665   24.121080  (      65)
          66   11.544697   22.356321  (      66)
          67   11.544788   25.898595  (      67)
          68   11.545202   26.239117  (      68)
          69   11.545240   25.897367  (      69)
          70   11.545694   25.896140  (      70)
          71   11.546909   25.892889  (      71)
          72   11.549673   23.611823  (      72)
          73   11.560695   24.315001  (      73)
          74   11.569062   25.384333  (      74)
          75   11.569669   25.384867  (      75)
          76   11.580473   25.130886  (      76)
          77   11.582216   26.831094  (      77)
          78   11.593554   24.552277  (      78)
          79   11.593837   26.878447  (      79)
          80   11.594290   24.550163  (      80)
          81   11.594356   26.876873  (      81)
          82   11.595033   24.548050  (      82)
          83   11.595175   24.497607  (      83)
          84   11.595316   26.873994  (      84)
          85   11.595713   24.575700  (      85)
          86   11.595858   24.545723  (      86)
          87   11.596021   24.908792  (      87)
          88   11.596290   26.871114  (      88)
          89   11.596828   26.869541  (      89)
          90   11.611061   25.597139  (      90)
          91   11.612914   26.987293  (      91)
          92   11.617980   24.914330  (      92)
          93   11.618908   24.915117  (      93)
          94   11.618923   25.779334  (      94)
          95   11.624089   24.251140  (      95)
          96   11.624373   28.803624  (      96)
          97   11.625630   26.922062  (      97)
          98   11.626232   28.964475  (      98)
          99   11.626469   26.207095  (      99)
         100   11.626541   25.950960  (     100)
