        Rank        RMSE       MaxAE  Feature_ID
           1    9.713403   23.853145  (       1)
           2   10.201381   19.978517  (       2)
           3   10.309189   26.307956  (       3)
           4   10.333714   25.112264  (       4)
           5   10.337534   23.988468  (       5)
           6   10.446767   25.668274  (       6)
           7   10.521554   27.074516  (       7)
           8   10.529014   22.735974  (       8)
           9   10.548946   22.484447  (       9)
          10   10.569234   23.495838  (      10)
          11   10.569667   23.497363  (      11)
          12   10.577297   23.054750  (      12)
          13   10.609852   23.933664  (      13)
          14   10.656355   24.607750  (      14)
          15   10.700371   25.922213  (      15)
          16   10.713872   24.423194  (      16)
          17   10.718503   23.941320  (      17)
          18   10.724751   27.488469  (      18)
          19   10.724805   26.386364  (      19)
          20   10.730083   25.886120  (      20)
          21   10.732476   22.433720  (      21)
          22   10.745649   22.643813  (      22)
          23   10.746656   22.649959  (      23)
          24   10.752116   30.010475  (      24)
          25   10.773096   22.624133  (      25)
          26   10.781594   29.509734  (      26)
          27   10.783924   29.071378  (      27)
          28   10.784956   22.652412  (      28)
          29   10.786685   29.676193  (      29)
          30   10.787325   21.655156  (      30)
          31   10.795741   29.438807  (      31)
          32   10.797491   22.554962  (      32)
          33   10.807432   22.597074  (      33)
          34   10.810627   22.251801  (      34)
          35   10.827565   22.568424  (      35)
          36   10.828725   24.812183  (      36)
          37   10.852798   30.049641  (      37)
          38   10.857336   23.261333  (      38)
          39   10.858195   26.707668  (      39)
          40   10.864315   31.083049  (      40)
          41   10.864323   31.684811  (      41)
          42   10.865152   29.257426  (      42)
          43   10.868120   25.347119  (      43)
          44   10.870730   28.055075  (      44)
          45   10.871159   27.613052  (      45)
          46   10.872258   26.754702  (      46)
          47   10.872963   28.189480  (      47)
          48   10.875680   27.651539  (      48)
          49   10.877631   22.471385  (      49)
          50   10.882517   26.498016  (      50)
          51   10.888499   25.893655  (      51)
          52   10.894308   29.870498  (      52)
          53   10.895026   22.538455  (      53)
          54   10.900614   30.891785  (      54)
          55   10.901238   23.458821  (      55)
          56   10.902921   26.934397  (      56)
          57   10.904441   25.401992  (      57)
          58   10.905676   29.914497  (      58)
          59   10.908143   26.239551  (      59)
          60   10.908874   23.248690  (      60)
          61   10.919039   23.060454  (      61)
          62   10.920634   26.245183  (      62)
          63   10.920791   26.245841  (      63)
          64   10.921194   30.533449  (      64)
          65   10.921264   26.244714  (      65)
          66   10.921302   26.205857  (      66)
          67   10.926287   28.818897  (      67)
          68   10.931002   26.246712  (      68)
          69   10.934277   22.457186  (      69)
          70   10.934535   26.251169  (      70)
          71   10.935588   31.216004  (      71)
          72   10.936138   26.144700  (      72)
          73   10.937215   26.250265  (      73)
          74   10.938059   24.719846  (      74)
          75   10.939616   26.249283  (      75)
          76   10.941318   30.756891  (      76)
          77   10.941888   26.257669  (      77)
          78   10.942177   26.248092  (      78)
          79   10.945474   26.246377  (      79)
          80   10.945507   30.367222  (      80)
          81   10.947494   25.509573  (      81)
          82   10.950929   28.797008  (      82)
          83   10.951550   28.835151  (      83)
          84   10.951551   28.835168  (      84)
          85   10.952540   26.244572  (      85)
          86   10.953188   26.245389  (      86)
          87   10.954050   30.100860  (      87)
          88   10.954727   30.135380  (      88)
          89   10.955658   28.758240  (      89)
          90   10.955661   28.758222  (      90)
          91   10.958073   22.655034  (      91)
          92   10.958665   30.065304  (      92)
          93   10.961140   27.421047  (      93)
          94   10.963986   30.786285  (      94)
          95   10.966929   30.276472  (      95)
          96   10.967669   30.968865  (      96)
          97   10.967774   30.544160  (      97)
          98   10.968656   24.297149  (      98)
          99   10.968810   26.653502  (      99)
         100   10.972212   23.234658  (     100)
