        Rank        RMSE       MaxAE  Feature_ID
           1    9.563667   26.907101  (     898   10147)
           2    9.567959   27.778875  (     784   10202)
           3    9.569242   28.780923  (     784   10205)
           4    9.572893   28.827924  (     784   10200)
           5    9.597949   26.998896  (     884   10147)
           6    9.600915   28.532405  (     784   10301)
           7    9.612203   28.659521  (     784   10364)
           8    9.612745   28.661826  (     784   10365)
           9    9.625567   28.402847  (     784   10255)
          10    9.626356   28.400451  (     784   10254)
          11    9.629906   28.725768  (     784   10282)
          12    9.675811   25.288848  (    7337   10011)
          13    9.676927   28.852250  (     784   10194)
          14    9.680228   28.786604  (     784   10256)
          15    9.684477   31.786784  (    1193   10214)
          16    9.722327   28.258833  (     784   10436)
          17    9.730399   29.500609  (    6418   10020)
          18    9.734524   27.621385  (     784   10223)
          19    9.779596   28.548117  (     784   10347)
          20    9.784198   24.511281  (    4644   10011)
          21    9.798539   27.884931  (     784   10274)
          22    9.800341   28.543518  (     784   10276)
          23    9.801099   24.831222  (    3873   10011)
          24    9.802915   29.267313  (    6418   10009)
          25    9.822680   24.580787  (    1892   10011)
          26    9.824797   32.291953  (    2268   10011)
          27    9.829671   28.321841  (     784   10405)
          28    9.851829   25.177754  (    1783   10011)
          29    9.862800   24.230558  (    2844   11848)
          30    9.866614   27.707626  (     784   10221)
          31    9.869079   27.458315  (     884   10260)
          32    9.871149   25.688460  (    4654   10108)
          33    9.872484   31.651732  (    1193   10051)
          34    9.874510   34.754217  (    5644   10011)
          35    9.877330   28.397439  (    4389   10260)
          36    9.881711   23.132107  (    1267   10011)
          37    9.885109   23.954494  (    2020   10260)
          38    9.893772   27.390973  (     898   10260)
          39    9.894782   32.207116  (    5575   10011)
          40    9.899255   25.774647  (    5265   10147)
          41    9.899638   24.926870  (    1884   10011)
          42    9.907697   22.088895  (    2844   18718)
          43    9.908178   28.487112  (     784   10445)
          44    9.911002   27.303158  (    1990   10011)
          45    9.918150   29.227257  (     784   10778)
          46    9.922255   24.441204  (    8130   10009)
          47    9.927407   27.035897  (     884   10709)
          48    9.929284   24.689842  (    5769   10009)
          49    9.930203   20.710195  (    2844   15759)
          50    9.930347   30.514666  (    2600   10020)
          51    9.932043   20.907026  (    9908   10108)
          52    9.932564   29.004921  (     784   10271)
          53    9.937409   28.264584  (     784   10623)
          54    9.939979   24.958738  (    5769   10020)
          55    9.940374   21.800180  (    1776   10147)
          56    9.940560   24.716505  (    8130   10020)
          57    9.947875   26.968842  (     898   10709)
          58    9.956476   22.339813  (    7744   10091)
          59    9.962792   25.937780  (    4236   10147)
          60    9.965652   35.583582  (    5804   10011)
          61    9.966799   22.756298  (    1179   10011)
          62    9.985283   23.502123  (    2558   19636)
          63    9.987553   24.284686  (    5966   10011)
          64    9.987602   30.932034  (    4084   10011)
          65    9.988343   23.663745  (    1919   19636)
          66    9.990708   29.239068  (     843   10010)
          67    9.992322   27.939016  (    3474   10011)
          68    9.992920   25.853109  (    4349   10147)
          69    9.993065   28.214740  (     784   10678)
          70    9.994194   26.924863  (     898   10095)
          71    9.996324   20.251805  (     711   10147)
          72    9.998271   28.104968  (    3878   10011)
          73    9.999235   27.923252  (    6618   10011)
          74   10.001424   26.243920  (    5326   10147)
          75   10.002369   30.297663  (    2600   10009)
          76   10.004108   27.865761  (    6735   10011)
          77   10.004280   30.718409  (    3474   10253)
          78   10.005433   32.162868  (    6918   10011)
          79   10.005668   29.783549  (    8200   15759)
          80   10.012890   28.483112  (     784   10635)
          81   10.013926   23.182464  (    2844   12589)
          82   10.019927   23.287624  (    2230   12589)
          83   10.021782   24.382521  (    5796   10011)
          84   10.027082   23.567180  (    2629   19636)
          85   10.027596   32.001499  (    2353   10729)
          86   10.029869   25.420087  (     777   10969)
          87   10.030632   26.337094  (    5198   10147)
          88   10.038555   30.476763  (    2353   10791)
          89   10.039679   21.668362  (    2281   10095)
          90   10.039718   22.054049  (    3003   10108)
          91   10.042785   27.987286  (     784   10798)
          92   10.043336   24.482445  (    1892   10020)
          93   10.045494   28.244442  (    2342   15198)
          94   10.045821   27.022606  (     884   10095)
          95   10.052336   26.343511  (    6143   10147)
          96   10.052483   26.218043  (     770   10011)
          97   10.054427   20.660263  (    2281   10147)
          98   10.054515   27.941036  (    3878   10020)
          99   10.055288   26.559546  (    2723   16053)
         100   10.055853   24.830136  (    7570   10009)
