        Rank        RMSE       MaxAE  Feature_ID
           1   12.697482   34.428431  (       1)
           2   12.749754   36.342485  (       2)
           3   12.808797   38.622616  (       3)
           4   12.808801   32.245512  (       4)
           5   12.858982   38.441414  (       5)
           6   12.875357   35.976575  (       6)
           7   12.972715   34.437824  (       7)
           8   12.988231   31.708146  (       8)
           9   13.014204   31.892351  (       9)
          10   13.035707   37.096643  (      10)
          11   13.059446   37.920693  (      11)
          12   13.060385   39.757586  (      12)
          13   13.062369   35.013397  (      13)
          14   13.085475   32.306179  (      14)
          15   13.089688   36.433433  (      15)
          16   13.104093   40.837137  (      16)
          17   13.104577   37.799555  (      17)
          18   13.118010   37.375416  (      18)
          19   13.126555   35.513422  (      19)
          20   13.136223   43.104931  (      20)
          21   13.139749   34.145152  (      21)
          22   13.155482   38.870322  (      22)
          23   13.160317   36.137971  (      23)
          24   13.169688   35.180299  (      24)
          25   13.177547   38.661443  (      25)
          26   13.182778   38.655826  (      26)
          27   13.185779   43.153418  (      27)
          28   13.191625   26.178392  (      28)
          29   13.198889   36.560652  (      29)
          30   13.205389   38.441312  (      30)
          31   13.219935   29.592073  (      31)
          32   13.228789   38.503802  (      32)
          33   13.230073   42.788464  (      33)
          34   13.244384   42.310904  (      34)
          35   13.245127   39.047304  (      35)
          36   13.246770   35.907651  (      36)
          37   13.249109   33.139392  (      37)
          38   13.256004   35.741191  (      38)
          39   13.256396   35.893272  (      39)
          40   13.256717   35.931059  (      40)
          41   13.259765   32.728198  (      41)
          42   13.260162   37.937580  (      42)
          43   13.262903   31.658417  (      43)
          44   13.268496   36.034491  (      44)
          45   13.275620   36.811418  (      45)
          46   13.282601   42.825961  (      46)
          47   13.290477   38.216722  (      47)
          48   13.290885   42.180750  (      48)
          49   13.296682   30.625954  (      49)
          50   13.298935   33.417145  (      50)
          51   13.302972   31.788266  (      51)
          52   13.304973   43.838932  (      52)
          53   13.305419   34.731306  (      53)
          54   13.311075   37.953336  (      54)
          55   13.312100   34.307495  (      55)
          56   13.312455   40.380896  (      56)
          57   13.312642   39.519051  (      57)
          58   13.314932   40.043221  (      58)
          59   13.321828   38.267864  (      59)
          60   13.322895   32.571173  (      60)
          61   13.323601   42.806455  (      61)
          62   13.326767   38.964669  (      62)
          63   13.329821   37.295208  (      63)
          64   13.330011   37.636924  (      64)
          65   13.338784   37.254960  (      65)
          66   13.339077   38.189174  (      66)
          67   13.340352   38.345655  (      67)
          68   13.343173   39.271451  (      68)
          69   13.344230   38.364397  (      69)
          70   13.349139   38.175702  (      70)
          71   13.349933   36.282391  (      71)
          72   13.352705   43.894990  (      72)
          73   13.359897   29.816750  (      73)
          74   13.369407   36.320150  (      74)
          75   13.376252   29.283543  (      75)
          76   13.380201   39.010812  (      76)
          77   13.380365   35.676548  (      77)
          78   13.381118   43.445189  (      78)
          79   13.382303   27.637076  (      79)
          80   13.383540   34.378818  (      80)
          81   13.385052   38.969985  (      81)
          82   13.385208   30.602626  (      82)
          83   13.386469   34.387789  (      83)
          84   13.387601   37.235521  (      84)
          85   13.388268   45.528941  (      85)
          86   13.388986   33.485170  (      86)
          87   13.390715   40.328043  (      87)
          88   13.393792   41.196582  (      88)
          89   13.394652   38.025501  (      89)
          90   13.401463   40.499448  (      90)
          91   13.407568   29.492664  (      91)
          92   13.410854   37.937897  (      92)
          93   13.414449   33.895012  (      93)
          94   13.417883   39.352877  (      94)
          95   13.420807   33.820535  (      95)
          96   13.422268   33.071562  (      96)
          97   13.425224   41.025063  (      97)
          98   13.425369   36.352525  (      98)
          99   13.425708   38.534393  (      99)
         100   13.433159   36.096999  (     100)
