        Rank        RMSE       MaxAE  Feature_ID
           1    9.447462   24.929065  (    4416   14806)
           2    9.527422   22.563382  (    7833   12164)
           3    9.566470   27.559020  (    4416   16308)
           4    9.612016   21.146597  (    4416   13993)
           5    9.645281   27.907160  (    4416   19303)
           6    9.753826   28.205442  (    4416   19361)
           7    9.772340   28.201711  (    2971   16308)
           8    9.795025   27.895616  (    4416   14988)
           9    9.795520   30.351215  (      99   12125)
          10    9.801463   29.049304  (    2971   13561)
          11    9.805635   27.915979  (    4416   14863)
          12    9.807476   30.161665  (      69   12125)
          13    9.807626   28.588668  (    2971   19303)
          14    9.815869   30.135622  (      67   12125)
          15    9.817431   29.062023  (    2971   14207)
          16    9.856096   29.178593  (    3677   13561)
          17    9.856291   28.296518  (    3677   16308)
          18    9.860981   28.688004  (    4416   17806)
          19    9.866955   29.101391  (    7833   13459)
          20    9.869875   29.192073  (    3677   14207)
          21    9.870576   27.187362  (    4416   16250)
          22    9.874331   29.347152  (    2971   12953)
          23    9.881297   21.614547  (    2971   13993)
          24    9.888833   27.565966  (    4416   13704)
          25    9.889048   27.566265  (    4416   13956)
          26    9.892848   27.686448  (    4416   17902)
          27    9.899667   28.022900  (    4416   14884)
          28    9.903148   29.116182  (    7833   13446)
          29    9.907712   27.675035  (    4416   17907)
          30    9.908009   28.680398  (    3677   19303)
          31    9.911872   29.351226  (    2971   12932)
          32    9.914917   28.524241  (    4416   12953)
          33    9.919523   25.476549  (    7833   14806)
          34    9.920987   30.452509  (     187   12125)
          35    9.930329   28.310627  (    2971   13956)
          36    9.933531   28.310031  (    2971   13704)
          37    9.935677   29.058956  (     910   11937)
          38    9.937661   28.208666  (    4534   16308)
          39    9.942298   31.349307  (     242   19156)
          40    9.945411   26.430163  (      69   12136)
          41    9.946781   28.529221  (    4416   12932)
          42    9.948291   28.870696  (     910   11672)
          43    9.948607   28.561739  (    2971   14988)
          44    9.949107   29.086144  (    4534   13561)
          45    9.950060   26.414785  (      67   12136)
          46    9.950496   29.146946  (    2971   17195)
          47    9.950833   21.713263  (    3677   13993)
          48    9.951474   29.855457  (      70   12125)
          49    9.953314   31.431568  (     317   19156)
          50    9.957315   28.582158  (    2971   14863)
          51    9.958496   29.424549  (    2971   17806)
          52    9.959306   22.515191  (    2971   12164)
          53    9.961471   31.220657  (     189   19156)
          54    9.962269   26.528467  (      99   12136)
          55    9.963487   29.099151  (    4534   14207)
          56    9.970473   29.331660  (    6431   12953)
          57    9.975434   23.045060  (     278   17307)
          58    9.980197   29.149035  (    7833   19026)
          59    9.981484   28.318578  (    4416   17195)
          60    9.984922   29.151903  (    2971   17069)
          61    9.984994   28.871981  (    2971   19361)
          62    9.986745   27.061058  (    4416   13518)
          63    9.992150   31.530373  (     483   19156)
          64    9.992260   28.591310  (    4534   19303)
          65    9.994908   27.732194  (    4416   13564)
          66    9.995215   28.772959  (    4416   11429)
          67   10.001846   28.789808  (    4416   18305)
          68   10.002994   26.593241  (    3798   12164)
          69   10.003884   21.630209  (    4534   13993)
          70   10.007778   29.275523  (    3677   17195)
          71   10.009489   29.334924  (    6431   12932)
          72   10.010007   25.822974  (      69   13094)
          73   10.010130   28.324360  (    4416   17069)
          74   10.011723   26.457355  (      69   15521)
          75   10.012094   29.349618  (    7833   16223)
          76   10.013122   26.438717  (      67   15521)
          77   10.013474   29.386891  (    4534   12953)
          78   10.014918   25.808190  (      67   13094)
          79   10.019435   28.406926  (    3677   13956)
          80   10.021106   25.918856  (      99   13094)
          81   10.021163   28.376639  (    2971   17907)
          82   10.023328   28.379982  (    2971   17902)
          83   10.023870   24.132848  (    7154   10597)
          84   10.024141   28.405922  (    3677   13704)
          85   10.028970   29.118386  (    2971   10600)
          86   10.029027   26.973767  (      67   14102)
          87   10.029471   26.984768  (      69   14102)
          88   10.029703   27.733802  (    4416   12575)
          89   10.031573   31.592372  (     657   19156)
          90   10.032323   28.456565  (    4416   11722)
          91   10.036598   26.335888  (      69   13132)
          92   10.037301   30.097264  (     267   12125)
          93   10.039879   28.691143  (    2971   14884)
          94   10.040907   26.320761  (      67   13132)
          95   10.041944   27.605545  (      69   13252)
          96   10.043295   27.591759  (      67   13252)
          97   10.044927   29.279428  (    3677   17069)
          98   10.046496   26.796646  (      69   18371)
          99   10.047502   26.236409  (      70   12136)
         100   10.047839   29.458548  (    2971   13231)
