        Rank        RMSE       MaxAE  Feature_ID
           1   25.670481   47.286865  (    1854   14522)
           2   25.712419   66.675849  (    1125   15494)
           3   25.756027   67.603017  (    7850   17147)
           4   25.880265   65.149911  (    1766   13818)
           5   25.958795   70.442429  (    2031   14101)
           6   25.987218   68.404514  (       2   12249)
           7   26.040751   63.258148  (    2369   11729)
           8   26.076053   63.799810  (    9253   14816)
           9   26.133554   69.981451  (    2898   17147)
          10   26.150252   66.402015  (     714   10151)
          11   26.172203   71.535043  (    1511   11003)
          12   26.195950   76.311095  (    2898   12521)
          13   26.197858   70.715956  (    1511   16835)
          14   26.237455   57.427260  (    2455   10022)
          15   26.244868   68.031223  (      28   14104)
          16   26.259841   59.913051  (    6608   14522)
          17   26.273919   64.973752  (    6258   10022)
          18   26.324671   52.755834  (       2   10291)
          19   26.324995   70.509973  (     329   10968)
          20   26.353604   69.660182  (      73   17674)
          21   26.405148   56.148504  (    2369   10022)
          22   26.417577   59.445765  (    7392   11031)
          23   26.417905   57.389436  (       2   10162)
          24   26.438022   74.361737  (     372   12031)
          25   26.440265   74.568408  (     372   14619)
          26   26.446892   74.806109  (    2256   10419)
          27   26.457837   56.497003  (    8668   13689)
          28   26.458886   59.182982  (    3465   11031)
          29   26.462311   63.488691  (     113   15715)
          30   26.499668   68.651351  (     329   12031)
          31   26.512293   60.886822  (    2369   11871)
          32   26.533765   71.492491  (    1511   10921)
          33   26.558266   63.608140  (     130   15715)
          34   26.573030   72.533972  (    1197   10419)
          35   26.578860   74.002501  (     802   10522)
          36   26.585993   66.512872  (     415   14522)
          37   26.589378   68.967788  (     985   11059)
          38   26.601089   63.406984  (    2719   16835)
          39   26.601634   71.480598  (    1511   10914)
          40   26.624757   64.293548  (    1766   14761)
          41   26.631042   74.047905  (    1197   11003)
          42   26.673678   74.389508  (     372   16570)
          43   26.676728   66.257912  (     113   17263)
          44   26.684024   75.635946  (    2256   11314)
          45   26.690203   54.985490  (    9087   13818)
          46   26.694149   74.702086  (    2898   15294)
          47   26.700445   49.702936  (    3271   14522)
          48   26.704044   66.774761  (     315   14522)
          49   26.707194   59.424067  (    8214   11031)
          50   26.713710   49.732522  (    3384   14522)
          51   26.719123   66.251805  (    6258   10037)
          52   26.750548   71.807224  (    2394   10968)
          53   26.750986   61.576266  (    2369   12282)
          54   26.758370   61.011737  (    2369   12538)
          55   26.770927   57.704164  (       2   19668)
          56   26.777166   72.555146  (    7401   10022)
          57   26.779016   72.360822  (    1511   13282)
          58   26.784411   75.538661  (    1140   11003)
          59   26.799567   75.447432  (     372   12137)
          60   26.804041   74.859383  (    1140   16835)
          61   26.815565   68.385864  (    6258   10087)
          62   26.817203   75.344040  (     372   11964)
          63   26.818920   75.420915  (     372   12039)
          64   26.826084   57.389176  (    2455   10042)
          65   26.827586   73.135051  (     798   16835)
          66   26.829576   52.381751  (    2412   14522)
          67   26.829710   73.861473  (     798   11003)
          68   26.830264   75.261375  (     372   11921)
          69   26.832109   65.242466  (    4966   19921)
          70   26.834197   75.251087  (     991   16835)
          71   26.835000   59.280620  (    5675   11031)
          72   26.840120   69.936570  (     100   11328)
          73   26.841181   75.238389  (     372   11796)
          74   26.851177   72.370683  (     798   10419)
          75   26.867907   74.034391  (    1140   10419)
          76   26.870621   75.563197  (     372   12234)
          77   26.872716   71.291840  (    2369   14217)
          78   26.874270   69.047999  (     113   10500)
          79   26.874826   69.993022  (    2394   12035)
          80   26.881378   63.276394  (     473   14522)
          81   26.881440   55.918034  (    7372   13689)
          82   26.894578   64.849140  (     802   10853)
          83   26.901218   75.586943  (     415   17147)
          84   26.903905   66.268280  (    2573   12543)
          85   26.905712   75.069203  (     372   11910)
          86   26.906346   75.911343  (     991   11003)
          87   26.907470   75.875223  (    2256   11067)
          88   26.909931   73.991531  (    1197   10921)
          89   26.915897   60.743486  (     228   15746)
          90   26.922976   69.504030  (    6258   10247)
          91   26.923043   78.587487  (    2898   14290)
          92   26.927788   75.774895  (     315   17147)
          93   26.934519   72.798789  (    1511   10347)
          94   26.937443   77.934713  (    7515   15650)
          95   26.938399   64.143180  (    1766   16142)
          96   26.948358   71.741294  (    1511   11381)
          97   26.949203   75.251781  (    1901   11003)
          98   26.951369   72.128879  (    1511   10507)
          99   26.953829   75.909121  (    2256   11043)
         100   26.964294   73.977383  (    1197   10914)
