Model_ID, [(c_i,i=0,n)_j,j=1,ntask]
           1    0.2900932926E+03   -0.1004072586E+03    0.9381065306E+03
           2    0.3507755104E+03   -0.1883245473E+03   -0.2910506938E+03
           3    0.3151249729E+03    0.1692787970E+03    0.9336174243E+03
           4    0.3443578837E+03    0.9842064423E+02    0.7943461561E+03
           5    0.3610076650E+03    0.2085809231E+03    0.8974720852E+03
           6    0.3068161275E+03   -0.1824655587E+03    0.1021853996E+05
           7    0.3085252102E+03    0.6767412628E+02   -0.6382792922E+03
           8    0.3210408433E+03   -0.1626227898E+03   -0.1086351713E+04
           9    0.3167629089E+03    0.1664954566E+03    0.8948076858E+03
          10    0.3478288618E+03    0.1199052441E+03   -0.5861105013E+03
          11    0.3444750868E+03    0.1989574087E+03   -0.1265737836E+04
          12    0.3217276017E+03    0.1620729587E+03    0.8558799288E+03
          13    0.3431944345E+03    0.2056075434E+03    0.1192448003E+04
          14    0.3206946160E+03    0.1285172615E+03   -0.6124813278E+03
          15    0.3338839048E+03    0.1815297141E+03   -0.3226962684E+04
          16    0.2993058155E+03    0.8577540751E+02    0.9666285037E+03
          17    0.3101365404E+03    0.6994279495E+02   -0.6298780382E+03
          18    0.3040116287E+03   -0.1776765354E+03   -0.5531284388E+03
          19    0.3327798202E+03   -0.1835621120E+03    0.6296834873E+03
          20    0.3207889997E+03   -0.1642659987E+03    0.4188406731E+03
          21    0.3065540238E+03    0.6458075267E+02   -0.6095209389E+03
          22    0.3493665178E+03   -0.1421119057E+03    0.6275153584E+03
          23    0.3034007688E+03   -0.1847670498E+03    0.3862829636E+03
          24    0.3292011582E+03    0.1810731799E+03    0.6198694468E+03
          25    0.3290503828E+03    0.1811693702E+03   -0.6312479798E+03
          26    0.3411220478E+03    0.1995414737E+03    0.1270092623E+04
          27    0.3069346036E+03   -0.1904625558E+03    0.4860335886E+04
          28    0.3492776433E+03    0.1440688352E+03    0.6125660072E+03
          29    0.3183306370E+03    0.1605337016E+03    0.2073985016E+04
          30    0.3339322755E+03   -0.1882959973E+03    0.6174399688E+03
          31    0.3084717018E+03    0.6517589824E+02    0.6471160917E+03
          32    0.3447041064E+03    0.1977577952E+03    0.1258700682E+04
          33    0.3176370664E+03   -0.1619764148E+03    0.2079144226E+04
          34    0.3455882652E+03    0.1879845489E+03    0.1244189433E+04
          35    0.3062620363E+03    0.1129828793E+03   -0.5933956701E+03
          36    0.2833268399E+03    0.1512447850E+03    0.8786561582E+03
          37    0.3063900505E+03   -0.1670248318E+03    0.2864597430E+03
          38    0.3321624819E+03    0.2010288105E+03    0.1202580574E+04
          39    0.3447413425E+03    0.1975624778E+03    0.1257026391E+04
          40    0.3446669422E+03    0.9843039382E+02    0.8205421525E+03
          41    0.3441694211E+03    0.1875843125E+03   -0.1245304858E+04
          42    0.3297635400E+03    0.1764785384E+03    0.6159875187E+03
          43    0.3227858146E+03    0.1527797180E+03    0.3936178970E+04
          44    0.3409337273E+03    0.1958381420E+03    0.1255307090E+04
          45    0.3336303938E+03    0.7016082533E+02    0.8212266750E+03
          46    0.3211725293E+03    0.1601609359E+03   -0.8453676446E+03
          47    0.2916050573E+03   -0.1015707082E+03    0.9334389056E+03
          48    0.2837779259E+03    0.1506660248E+03    0.8686457329E+03
          49    0.3490885963E+03    0.1443045284E+03    0.6263899071E+03
          50    0.2915781877E+03   -0.1015842841E+03    0.9341928124E+03
          51    0.3098812492E+03    0.6898337462E+02    0.6315255340E+03
          52    0.3091363918E+03    0.1106716280E+03    0.6549753882E+03
          53    0.3082707498E+03    0.6613154662E+02   -0.6468907401E+03
          54    0.3086822148E+03    0.6508441723E+02    0.6468328452E+03
          55    0.3119744034E+03   -0.1756328651E+03   -0.1206423622E+04
          56    0.3115479897E+03    0.1329211087E+03   -0.6270413101E+03
          57    0.3442143918E+03    0.1950346865E+03   -0.1238021254E+04
          58    0.3415022137E+03    0.1928932821E+03   -0.1239449068E+04
          59    0.3285633299E+03    0.1781036933E+03    0.6283605515E+03
          60    0.3401531740E+03    0.1992442444E+03    0.1167029196E+04
          61    0.3107361141E+03    0.6694456284E+02    0.6065517640E+03
          62    0.3286336206E+03    0.1783209788E+03    0.6276847289E+03
          63    0.3285222027E+03    0.1785717166E+03    0.6275096916E+03
          64    0.3199061173E+03    0.1265621867E+03   -0.6315106956E+03
          65    0.3414092871E+03    0.2009067089E+03    0.1154679890E+04
          66    0.3026385633E+03    0.8813976878E+02    0.9213539902E+03
          67    0.3427043097E+03    0.1945452154E+03   -0.1226141438E+04
          68    0.3287466687E+03    0.1780815752E+03    0.6274216642E+03
          69    0.3191805157E+03    0.1004152606E+03    0.8872747875E+03
          70    0.3395224805E+03    0.2001217990E+03    0.1161370705E+04
          71    0.3489713449E+03    0.1458383805E+03    0.6171443016E+03
          72    0.3275473310E+03    0.1650140471E+03    0.2262420682E+04
          73    0.3287044519E+03    0.1785426254E+03    0.6268208368E+03
          74    0.3440939291E+03    0.1948748819E+03    0.1222815805E+04
          75    0.3429018544E+03    0.1931609085E+03    0.1234379189E+04
          76    0.3282939561E+03    0.1791342485E+03    0.6257154513E+03
          77    0.3053561172E+03    0.6061413089E+02   -0.5662170088E+03
          78    0.3296313877E+03    0.1714260288E+03    0.1000540198E+05
          79    0.3110231216E+03    0.1102977095E+03    0.6406884430E+03
          80    0.2849534073E+03    0.1555095944E+03    0.8762194247E+03
          81    0.3061500892E+03    0.1844687319E+03    0.4795500331E+04
          82    0.3054881559E+03    0.1175958946E+03    0.4857837669E+03
          83    0.2839097837E+03    0.1467333820E+03    0.8299606110E+03
          84    0.3396057325E+03   -0.2074327139E+03    0.1532719696E+04
          85    0.3289889603E+03    0.1776166960E+03    0.6254414057E+03
          86    0.3408838840E+03    0.1936787144E+03   -0.1231040269E+04
          87    0.3406531695E+03    0.1960981018E+03    0.1256740165E+04
          88    0.3443992721E+03    0.1865397160E+03    0.1240346837E+04
          89    0.3132297552E+03    0.7215325548E+02    0.5984135313E+03
          90    0.3077155339E+03    0.6868052032E+02   -0.6053811525E+03
          91    0.3232400243E+03    0.1682554596E+03   -0.1578752883E+04
          92    0.2843265094E+03    0.1462980090E+03    0.8225672015E+03
          93    0.3440601312E+03    0.1931109270E+03    0.1225121867E+04
          94    0.3299616632E+03    0.1662972858E+03    0.6106470871E+03
          95    0.3449213820E+03    0.9781699057E+02    0.8164474388E+03
          96    0.3447318642E+03    0.1957934785E+03    0.1244146484E+04
          97    0.3420401292E+03    0.1922947274E+03   -0.1252581718E+04
          98    0.3445287191E+03    0.1946467244E+03    0.1238071310E+04
          99    0.3406075186E+03    0.1961393946E+03    0.1256420486E+04
         100    0.3444367234E+03    0.1863694801E+03    0.1239015534E+04
