        Rank        RMSE       MaxAE  Feature_ID
           1   11.259245   36.304338  (       1)
           2   11.418752   34.506215  (       2)
           3   11.457056   30.824635  (       3)
           4   11.504993   31.462615  (       4)
           5   11.512775   31.466062  (       5)
           6   11.544917   31.597164  (       6)
           7   11.555909   31.702076  (       7)
           8   11.556792   36.237909  (       8)
           9   11.582186   30.541069  (       9)
          10   11.582946   36.932814  (      10)
          11   11.592320   33.160783  (      11)
          12   11.596809   31.937655  (      12)
          13   11.599085   31.611239  (      13)
          14   11.600139   35.282204  (      14)
          15   11.601760   30.434978  (      15)
          16   11.613136   30.648939  (      16)
          17   11.615703   31.675255  (      17)
          18   11.616719   33.742785  (      18)
          19   11.625205   31.652348  (      19)
          20   11.631674   31.106796  (      20)
          21   11.633237   32.600869  (      21)
          22   11.634126   31.372394  (      22)
          23   11.640015   31.315138  (      23)
          24   11.647832   30.247294  (      24)
          25   11.659389   30.134317  (      25)
          26   11.661615   27.431021  (      26)
          27   11.662087   28.380258  (      27)
          28   11.669763   37.885044  (      28)
          29   11.687482   30.340667  (      29)
          30   11.687731   36.463678  (      30)
          31   11.691563   36.230829  (      31)
          32   11.692877   31.650673  (      32)
          33   11.695047   36.161202  (      33)
          34   11.700304   32.396643  (      34)
          35   11.702218   36.354020  (      35)
          36   11.708733   32.421058  (      36)
          37   11.709323   26.985928  (      37)
          38   11.710292   33.681152  (      38)
          39   11.719236   35.802593  (      39)
          40   11.720666   29.348319  (      40)
          41   11.723661   35.874985  (      41)
          42   11.724427   30.569550  (      42)
          43   11.730996   36.674612  (      43)
          44   11.734955   37.114421  (      44)
          45   11.738672   29.314820  (      45)
          46   11.744808   30.573023  (      46)
          47   11.745905   31.752088  (      47)
          48   11.747591   31.764991  (      48)
          49   11.752647   30.305318  (      49)
          50   11.754326   30.535494  (      50)
          51   11.756847   30.772639  (      51)
          52   11.757497   35.479839  (      52)
          53   11.763160   30.459986  (      53)
          54   11.763686   35.056284  (      54)
          55   11.769501   31.713756  (      55)
          56   11.770349   31.024878  (      56)
          57   11.771115   38.129203  (      57)
          58   11.771818   31.306543  (      58)
          59   11.772157   30.422010  (      59)
          60   11.773835   30.382045  (      60)
          61   11.776100   32.465640  (      61)
          62   11.776619   30.490300  (      62)
          63   11.777907   31.561586  (      63)
          64   11.778370   30.660357  (      64)
          65   11.779071   30.660323  (      65)
          66   11.780365   30.147893  (      66)
          67   11.785999   30.880027  (      67)
          68   11.786787   37.398168  (      68)
          69   11.787622   30.885110  (      69)
          70   11.789217   33.271234  (      70)
          71   11.790290   32.513893  (      71)
          72   11.792439   29.168703  (      72)
          73   11.793590   29.725139  (      73)
          74   11.794195   34.560736  (      74)
          75   11.796392   29.179482  (      75)
          76   11.798243   37.415728  (      76)
          77   11.799890   34.626897  (      77)
          78   11.800038   36.230077  (      78)
          79   11.802091   30.351600  (      79)
          80   11.803931   32.475215  (      80)
          81   11.804761   31.718819  (      81)
          82   11.805166   29.305324  (      82)
          83   11.806028   34.886411  (      83)
          84   11.808086   30.575370  (      84)
          85   11.808802   34.303755  (      85)
          86   11.811706   30.597206  (      86)
          87   11.812039   34.906576  (      87)
          88   11.812717   36.322066  (      88)
          89   11.813965   30.472014  (      89)
          90   11.816819   29.645914  (      90)
          91   11.816988   30.537801  (      91)
          92   11.817312   35.228195  (      92)
          93   11.818817   37.189932  (      93)
          94   11.819277   31.835877  (      94)
          95   11.820858   30.187742  (      95)
          96   11.821022   34.318340  (      96)
          97   11.821427   29.271481  (      97)
          98   11.824616   30.760445  (      98)
          99   11.824728   32.359641  (      99)
         100   11.824805   31.327700  (     100)
