Model_ID, [(c_i,i=0,n)_j,j=1,ntask]
           1    0.2349021422E+02    0.2407874786E+03
           2    0.2912829169E+02    0.5187040851E+02
           3    0.2843225682E+02    0.5276241958E+02
           4    0.2231158076E+02    0.4979036585E+02
           5    0.2247194293E+02    0.1975225703E+03
           6    0.1060454863E+02    0.6463156952E+02
           7    0.1058523211E+02    0.6454213980E+02
           8    0.3308423468E+02   -0.4261142467E+02
           9    0.2436424170E+02    0.3467772990E+03
          10    0.2455007693E+02    0.2232310224E+02
          11    0.2350807421E+02    0.2551324649E+02
          12    0.2568922570E+02    0.2402841504E+02
          13    0.2475038663E+02   -0.2715257471E+02
          14    0.2493013455E+02   -0.2706133019E+02
          15    0.5211383555E+02   -0.5653508644E+02
          16    0.2671560810E+02   -0.2637207484E+02
          17    0.1580905136E+02    0.6905628206E+02
          18    0.5232256743E+02   -0.5503530482E+02
          19    0.1708193881E+02    0.1026986998E+03
          20    0.2852788203E+02    0.2334338093E+02
          21    0.1579041580E+02    0.6893217785E+02
          22    0.2700088670E+02    0.2624577232E+02
          23    0.2183039868E+02    0.5748384418E+02
          24    0.1109851400E+02    0.6858175749E+02
          25    0.1107197298E+02    0.6849146193E+02
          26    0.2193188687E+02    0.2335443822E+02
          27    0.2696196252E+02    0.2272120081E+02
          28    0.1763423105E+02    0.1045700772E+03
          29    0.9347390980E+01    0.7210394041E+02
          30    0.3355036428E+02    0.4186318600E+02
          31    0.9321566189E+01    0.7200481614E+02
          32    0.2557396480E+02    0.2358003153E+02
          33    0.1059106404E+02    0.7006400183E+02
          34    0.1055529041E+02    0.6925599358E+02
          35    0.1056676810E+02    0.6926773255E+02
          36    0.5256160791E+02   -0.5733755640E+02
          37    0.4031105435E+02   -0.3140499414E+02
          38    0.1056964478E+02    0.6995990592E+02
          39    0.1052756692E+02    0.6916710833E+02
          40    0.1142223144E+02    0.6935236984E+02
          41    0.2523596302E+02    0.2367180710E+02
          42    0.2415090518E+02    0.1044275587E+03
          43    0.1052686244E+02    0.6908126552E+02
          44    0.1140043561E+02    0.6924912328E+02
          45    0.1071651394E+02    0.6923679559E+02
          46    0.2810635747E+02    0.4328868808E+02
          47    0.2509963798E+02   -0.1036365075E+03
          48    0.1075144067E+02    0.6921136735E+02
          49    0.4028009322E+02    0.3266404826E+02
          50    0.2480543137E+02    0.2402734296E+02
          51    0.1080288012E+02    0.6916825674E+02
          52    0.5375309103E+02    0.3953201335E+02
          53    0.5375437035E+02    0.3952953360E+02
          54    0.2231077515E+02    0.2325142172E+02
          55    0.3282492956E+02    0.4126328788E+02
          56    0.3220504745E+02   -0.4194017405E+02
          57    0.1766135115E+02    0.1017042928E+03
          58    0.2234675805E+02    0.2323551964E+02
          59    0.5027290539E+02   -0.4073318688E+02
          60    0.2316483206E+02    0.1915580294E+03
          61    0.2501405959E+02    0.2387615134E+02
          62    0.5227157214E+02   -0.3941940010E+02
          63    0.9449800046E+01    0.7047446573E+02
          64    0.2224340171E+02    0.5697027213E+02
          65    0.1091296718E+02    0.6906016502E+02
          66    0.3206609855E+02   -0.2515232026E+02
          67    0.9418121106E+01    0.7039184332E+02
          68    0.1092553163E+02    0.6997879588E+02
          69    0.1091513855E+02    0.6996430442E+02
          70    0.2530394112E+02    0.2369956917E+02
          71    0.1095834325E+02    0.6901104415E+02
          72    0.1163030218E+02    0.6932007693E+02
          73    0.1089229179E+02    0.6986244105E+02
          74    0.3270632945E+02   -0.4139386836E+02
          75    0.2331590359E+02    0.1927190857E+03
          76    0.2677475049E+02   -0.1023694559E+03
          77    0.2851574238E+02   -0.1722129712E+02
          78    0.1106801554E+02    0.6996444955E+02
          79    0.1101640595E+02    0.6894523600E+02
          80    0.1089482249E+02    0.6976754167E+02
          81    0.5344573064E+02   -0.3745357722E+02
          82    0.2334218673E+02    0.1925584944E+03
          83    0.5795993836E+02   -0.6085568678E+02
          84    0.1110193215E+02    0.6994097252E+02
          85    0.1163900514E+02    0.6915519315E+02
          86    0.2577587752E+02    0.1030363078E+03
          87    0.2335604946E+02    0.1924735951E+03
          88    0.5186285521E+02    0.5716225293E+02
          89    0.2940458448E+02    0.2316465013E+02
          90    0.1104951759E+02   -0.7059991421E+02
          91    0.2553773359E+02    0.2458073030E+02
          92    0.2479767723E+02    0.1866954458E+02
          93    0.5081807996E+02    0.4868090582E+02
          94    0.1115209697E+02    0.6990013690E+02
          95    0.2321461976E+02    0.1920367490E+03
          96    0.4286188974E+02   -0.4156190040E+02
          97    0.1109297234E+02   -0.6885425993E+02
          98    0.1103300662E+02   -0.7048266047E+02
          99    0.2310035742E+02    0.1923042396E+03
         100    0.2259982462E+02    0.3528466099E+02
