      rank       #data_overlap        size_overlap          feature_ID
         1                  37             0.28447   (       1)
         2                  38             0.26725   (       2)
         3                  39             0.28447   (       3)
         4                  39             0.28447   (       4)
         5                  39             0.28447   (       5)
         6                  40             0.21346   (       6)
         7                  40             0.21346   (       7)
         8                  40             0.21346   (       8)
         9                  40             0.28447   (       9)
        10                  40             0.28447   (      10)
        11                  40             0.28447   (      11)
        12                  40             0.28447   (      12)
        13                  40             0.28447   (      13)
        14                  40             0.28447   (      14)
        15                  40             0.28447   (      15)
        16                  40             0.28447   (      16)
        17                  40             0.28447   (      17)
        18                  41             0.28446   (      18)
        19                  41             0.28447   (      19)
        20                  41             0.52533   (      20)
        21                  42             0.28447   (      21)
        22                  42             0.30601   (      22)
        23                  42             0.34523   (      23)
        24                  42             0.41410   (      24)
        25                  43             0.37438   (      25)
        26                  43             0.37588   (      26)
        27                  43             0.39392   (      27)
        28                  43             0.41410   (      28)
        29                  43             0.41410   (      29)
        30                  43             0.41410   (      30)
        31                  43             0.41410   (      31)
        32                  43             0.41410   (      32)
        33                  43             0.41410   (      33)
        34                  43             0.41410   (      34)
        35                  43             0.41431   (      35)
        36                  43             0.47711   (      36)
        37                  43             0.47711   (      37)
        38                  44             0.32292   (      38)
        39                  44             0.34523   (      39)
        40                  44             0.34523   (      40)
        41                  44             0.34523   (      41)
        42                  44             0.34523   (      42)
        43                  44             0.41410   (      43)
        44                  44             0.41410   (      44)
        45                  44             0.41410   (      45)
        46                  44             0.41410   (      46)
        47                  44             0.41417   (      47)
        48                  44             0.42105   (      48)
        49                  44             0.42702   (      49)
        50                  44             0.43728   (      50)
        51                  44             0.43836   (      51)
        52                  44             0.44522   (      52)
        53                  44             0.46126   (      53)
        54                  44             0.47711   (      54)
        55                  45             0.31285   (      61)
        56                  45             0.32132   (      62)
        57                  45             0.34523   (      63)
        58                  45             0.34523   (      64)
        59                  45             0.34523   (      65)
        60                  45             0.41181   (      66)
        61                  45             0.41410   (      67)
        62                  45             0.41410   (      68)
        63                  45             0.41410   (      69)
        64                  45             0.41410   (      70)
        65                  45             0.41410   (      71)
        66                  45             0.41410   (      72)
        67                  45             0.41410   (      73)
        68                  45             0.41410   (      74)
        69                  45             0.41431   (      75)
        70                  45             0.42105   (      76)
        71                  45             0.42105   (      77)
        72                  45             0.42105   (      78)
        73                  45             0.42105   (      79)
        74                  45             0.42105   (      80)
        75                  45             0.42105   (      81)
        76                  45             0.42124   (      82)
        77                  45             0.42702   (      83)
        78                  45             0.42702   (      84)
        79                  45             0.42702   (      85)
        80                  45             0.42702   (      86)
        81                  45             0.42702   (      87)
        82                  45             0.42702   (      88)
        83                  45             0.42721   (      89)
        84                  45             0.43836   (      90)
        85                  45             0.43836   (      91)
        86                  45             0.43836   (      92)
        87                  45             0.43836   (      93)
        88                  45             0.43858   (      94)
        89                  45             0.44522   (      95)
        90                  45             0.44522   (      96)
        91                  45             0.44522   (      97)
        92                  45             0.44551   (      98)
        93                  45             0.46126   (      99)
        94                  45             0.46126   (     100)
        95                  45             0.46156   (     101)
        96                  45             0.47705   (     102)
        97                  45             0.47711   (     104)
        98                  45             0.47711   (     103)
        99                  45             0.56836   (     105)
       100                  45             0.57016   (     106)
