     Index              y_true              y_pred        descriptor_1        descriptor_2
         1    0.3200000000E+01    0.3603713681E+01    0.1000000000E+01    0.0000000000E+00
         2    0.8872000000E+02    0.7711261147E+02   -0.4901648000E+00    0.0000000000E+00
         3    0.2045000000E+02    0.2850178768E+02    0.4952688100E+00    0.0000000000E+00
         4    0.2067000000E+02    0.2480049272E+02    0.5703010800E+00    0.0000000000E+00
         5    0.5301000000E+02    0.5027999689E+02    0.1224762000E+00   -0.9540960000E-02
         6    0.2548000000E+02    0.1996028608E+02    0.6684212500E+00    0.0000000000E+00
         7    0.1845000000E+02    0.2043716278E+02    0.1037220000E+00    0.7708992803E-01
         8    0.4263000000E+02    0.5319496258E+02    0.5248128000E-01   -0.8026607358E-02
         9    0.6056000000E+02    0.5737133950E+02    0.3272659800E+00   -0.5795129808E-01
        10    0.3615000000E+02    0.4762395440E+02    0.4945449600E+00   -0.5374020798E-01
        11    0.5090000000E+02    0.5094741026E+02    0.2263800000E-01    0.2446660000E-02
        12    0.4216000000E+02    0.4233579479E+02    0.2325872100E+00   -0.2466730560E-02
        13    0.2796000000E+02    0.3167851429E+02    0.4209849000E+00    0.1373043112E-02
        14    0.3187000000E+02    0.2550034763E+02    0.4756069600E+00    0.1118180154E-01
        15    0.3120000000E+02    0.2635749119E+02    0.5279512000E+00    0.1498175994E-02
        16    0.2551000000E+02    0.2573770479E+02    0.2838550600E+00    0.3714644265E-01
        17    0.3007000000E+02    0.3595539338E+02    0.4235065600E+00   -0.1101926134E-01
        18    0.2681000000E+02    0.3284348441E+02    0.3594672000E+00    0.6637293000E-02
        19    0.2622000000E+02    0.2901512989E+02    0.2589164200E+00    0.3138225691E-01
        20    0.3682000000E+02    0.2801871826E+02   -0.1235388000E-01    0.7186525070E-01
        21    0.6900000000E+02    0.7476748560E+02   -0.4426246500E+00    0.0000000000E+00
        22    0.7520000000E+02    0.7900775972E+02   -0.5285830500E+00    0.0000000000E+00
        23    0.8285000000E+02    0.7386215078E+02   -0.4244184000E+00    0.2036227200E-04
        24    0.6942000000E+02    0.7350309687E+02   -0.4386506400E+00    0.3008076384E-02
        25    0.7737000000E+02    0.7928524513E+02   -0.5367027600E+00    0.3464755280E-03
        26    0.6383000000E+02    0.6829127583E+02   -0.3114729700E+00    0.1852510400E-04
        27    0.5774000000E+02    0.5918797717E+02   -0.8827818000E-01   -0.5350187700E-02
        28    0.4307000000E+02    0.4636980267E+02   -0.1966684500E+00    0.4579553695E-01
        29    0.2720000000E+02    0.2164274895E+02    0.3899413800E+00    0.3394165952E-01
        30    0.6276000000E+02    0.6850523258E+02   -0.2471643300E+00   -0.9515899500E-02
        31    0.5060000000E+01    0.9333444546E+01    0.5597046900E+00    0.4502108416E-01
        32    0.2680000000E+02    0.1713473749E+02    0.7257004800E+00    0.0000000000E+00
        33    0.9080000000E+02    0.8003316864E+02    0.3297490000E-02   -0.7676151184E-01
        34    0.5100000000E+02    0.4352904087E+02    0.2150886400E+00   -0.3396033000E-02
        35    0.6029000000E+02    0.5308984726E+02    0.3233454000E-01   -0.4932406490E-02
        36    0.4460000000E+02    0.4701068922E+02    0.1811730000E+00   -0.8488393500E-02
