Model_ID, [(c_i,i=0,n)_j,j=1,ntask]
           1    0.1326112107E+02    0.1102425052E+03    0.3490482309E+03
           2   -0.2360447064E+00   -0.1318721712E+03    0.1328543209E+03
           3    0.1277227066E+02    0.1088687041E+03    0.3334959586E+03
           4    0.1403656542E+02    0.1063834267E+03    0.3413554966E+03
           5    0.1427925508E+02    0.1057916726E+03    0.3392319307E+03
           6    0.5930844971E+01    0.1123617770E+03    0.4258840881E+03
           7    0.1334621282E+02    0.1071199760E+03    0.3197454972E+03
           8    0.3800714201E+01   -0.1236959273E+03    0.3735916116E+03
           9    0.3068259219E+01    0.1169875646E+03    0.3613274248E+03
          10    0.2448029312E+01   -0.1268787171E+03    0.1221442493E+03
          11    0.2682451106E+01    0.1168516007E+03    0.1339638173E+03
          12    0.2825552843E+01   -0.1182533754E+03    0.3452859697E+03
          13    0.1351703000E+02    0.1063539369E+03    0.3108262731E+03
          14    0.1499181894E+01   -0.1268499898E+03    0.1806637572E+03
          15    0.1770871201E+01   -0.1193861683E+03    0.3540256456E+03
          16    0.2925800722E+01   -0.1172457283E+03    0.3453069949E+03
          17    0.1338981126E+02   -0.9676522274E+02   -0.8321405597E+03
          18    0.5811487231E+01   -0.1201520835E+03    0.3498323047E+03
          19    0.3252320948E+01   -0.1256076626E+03    0.1190006173E+03
          20    0.5843589564E+01   -0.1195120861E+03    0.3480173565E+03
          21    0.1941916069E+01    0.1158469403E+03    0.1475916540E+03
          22    0.8331502728E+01   -0.1375556558E+03    0.2996567153E+03
          23    0.8781820062E+01   -0.1357518402E+03    0.2335112710E+03
          24    0.3265945872E+01   -0.1251712191E+03    0.1190459766E+03
          25    0.3274868408E+01   -0.1250445909E+03    0.1190315726E+03
          26    0.3287650287E+01   -0.1249069900E+03    0.1190042628E+03
          27    0.3222625981E+01   -0.1255787971E+03   -0.1113159762E+03
          28    0.3249239470E+01    0.1255881686E+03   -0.1099095225E+03
          29    0.8537011380E+01    0.1054260366E+03    0.2829845440E+03
          30    0.8067971818E+01    0.1049734444E+03    0.4469210651E+03
          31    0.5838404352E+01    0.1088428938E+03    0.4223649065E+03
          32    0.1365565299E+02   -0.9644425745E+02   -0.8234528301E+03
          33    0.6436132094E+01   -0.1192489230E+03    0.3426627114E+03
          34    0.3389214872E+01    0.1242209569E+03    0.1187551442E+03
          35    0.7589402997E+01   -0.1165398250E+03    0.3281781849E+03
          36    0.3187950497E+01    0.1158694424E+03    0.3077888871E+03
          37    0.3905495156E+01   -0.1153282228E+03    0.2604997526E+03
          38    0.6455388724E+01   -0.1188177755E+03    0.3427073307E+03
          39    0.6455537852E+01   -0.1187182992E+03    0.3428504983E+03
          40    0.4545952623E+01   -0.1144522413E+03    0.3282193823E+03
          41    0.1398339217E+02   -0.8956905609E+02    0.2670759311E+03
          42    0.3816740881E+01   -0.1227691601E+03    0.1677364628E+03
          43    0.6458824837E+01   -0.1186094526E+03    0.3429647784E+03
          44    0.1825225030E+01   -0.1147239638E+03    0.1965566476E+03
          45    0.3307156673E+00   -0.1287265591E+03    0.1317246355E+03
          46    0.3261172293E+01    0.1156013486E+03    0.3435004614E+03
          47    0.1732854105E+02   -0.9972423286E+02    0.8912483169E+03
          48    0.7781887838E+01    0.1053510144E+03    0.3988581124E+03
          49    0.1402013753E+02   -0.8927593236E+02   -0.2670108668E+03
          50    0.5531307189E+01   -0.1130011482E+03    0.2870072683E+03
          51    0.6679716740E+01    0.1092678049E+03    0.3745323988E+03
          52    0.3355949661E+00   -0.1286915726E+03    0.1307721464E+03
          53    0.2942480479E+01   -0.1170617780E+03    0.3280507955E+03
          54    0.1082618758E+02   -0.1168430665E+03    0.3138165524E+03
          55    0.1076770288E+02   -0.1168738054E+03    0.3154054467E+03
          56    0.1648402098E+02   -0.1017901287E+03    0.8503920688E+03
          57    0.1450283214E+02    0.8927234254E+02    0.2751470205E+03
          58    0.7990923247E+01   -0.1006249046E+03    0.2179241400E+03
          59    0.3997646493E+01   -0.1143573563E+03    0.2606482350E+03
          60    0.1413578268E+02   -0.8947438207E+02    0.2652493718E+03
          61    0.1447889114E+02    0.1150751546E+03    0.2941317492E+03
          62    0.3529118950E+01   -0.1153401936E+03    0.2551175497E+03
          63    0.9768638931E+00   -0.1304416865E+03    0.1305923805E+03
          64    0.2931547934E+01   -0.1162894911E+03    0.2666377260E+03
          65    0.6549288714E+01    0.1179666219E+03    0.3423559365E+03
          66    0.8344462357E+01    0.1062518006E+03    0.3558072434E+03
          67    0.1096645035E+02   -0.1170895290E+03    0.3107645885E+03
          68    0.4999420053E+01   -0.1449482912E+03    0.1024064414E+03
          69    0.1091017516E+02   -0.1171154337E+03    0.3123028947E+03
          70    0.2079595257E+01   -0.1247459651E+03    0.3495882673E+03
          71    0.1457415897E+02   -0.1002000498E+03   -0.9079404623E+03
          72    0.8139506361E+01   -0.1157885052E+03    0.3221670325E+03
          73    0.3877874147E+01   -0.1250733616E+03   -0.1019093131E+03
          74    0.1417298234E+02   -0.8918039731E+02   -0.2651566270E+03
          75    0.4534855365E+01   -0.1137938930E+03    0.3330848644E+03
          76    0.5620853787E+01   -0.1124193853E+03    0.2866554516E+03
          77    0.5626209233E+01   -0.1123222955E+03    0.2866353072E+03
          78    0.5634417180E+01   -0.1122172025E+03    0.2865966394E+03
          79    0.2042255937E+01   -0.1192043278E+03    0.3435464868E+03
          80    0.1371396573E+02   -0.9739677599E+02    0.5341543278E+03
          81    0.1465821347E+02    0.8918890258E+02    0.2731378652E+03
          82    0.3884665526E+01   -0.1246265036E+03   -0.1004521036E+03
          83    0.1678386345E+02   -0.9409286545E+02   -0.5387446520E+03
          84    0.1395811893E+02    0.8752825815E+02    0.3164340283E+03
          85    0.1579889810E+02   -0.1015647745E+03    0.8051536719E+03
          86    0.1382089395E+02    0.4457099450E+02   -0.3787594256E+03
          87    0.8155549772E+01   -0.1153761076E+03    0.3222993875E+03
          88    0.8158260960E+01   -0.1152731759E+03    0.3223875908E+03
          89    0.4177286343E+00   -0.1258736055E+03    0.1879068944E+03
          90    0.8163788644E+01   -0.1151616400E+03    0.3224525880E+03
          91    0.1390110560E+02    0.8734538143E+02    0.3171955556E+03
          92    0.4170333997E+01   -0.1229943538E+03    0.1157008366E+03
          93    0.1040764075E+02   -0.1165154972E+03    0.3214550722E+03
          94    0.5074762262E+01    0.1132071231E+03    0.4248896512E+03
          95    0.1455221685E+02    0.9764342068E+02    0.7096515598E+03
          96    0.1064636017E+02   -0.1043875547E+03    0.2497295354E+03
          97    0.4731338750E+01   -0.1200123046E+03    0.1451799343E+03
          98    0.4669427367E+01   -0.1140073120E+03    0.2925394325E+03
          99    0.1127498264E+02   -0.1312209544E+03    0.1797130808E+03
         100    0.1347870523E+02   -0.9744254714E+02    0.5485771637E+03
