     Index              y_true              y_pred        descriptor_1        descriptor_2
         1    0.3200000000E+01    0.1483380251E+01    0.1000000000E+01    0.0000000000E+00
         2    0.1850000000E+02    0.2633387912E+02    0.6453126800E+00    0.0000000000E+00
         3    0.8872000000E+02    0.6683969402E+02    0.6717946000E-01    0.0000000000E+00
         4    0.2045000000E+02    0.1518499329E+02    0.8044390000E+00    0.0000000000E+00
         5    0.2078000000E+02    0.2316455725E+02    0.6905479200E+00    0.0000000000E+00
         6    0.5301000000E+02    0.4774314117E+02    0.3397416000E+00    0.0000000000E+00
         7    0.2548000000E+02    0.2083992637E+02    0.6759035100E+00    0.1204066458E-01
         8    0.2817000000E+02    0.1948985497E+02    0.5113465200E+00    0.5832316436E-01
         9    0.4263000000E+02    0.5873318698E+02    0.1764633200E+00    0.1616145324E-02
        10    0.6056000000E+02    0.5248725118E+02    0.1803629700E+00    0.2307918984E-01
        11    0.3615000000E+02    0.4546746130E+02    0.3825532800E+00   -0.2601130122E-02
        12    0.5090000000E+02    0.4614622456E+02    0.3901210600E+00   -0.6945639008E-02
        13    0.1790000000E+02    0.2591546184E+02    0.5148633500E+00    0.3434720003E-01
        14    0.1464000000E+02    0.2503315528E+02    0.4259153200E+00    0.5991248950E-01
        15    0.2796000000E+02    0.2732764758E+02    0.6283084000E+00    0.7100945280E-03
        16    0.3120000000E+02    0.2691096771E+02    0.6326575200E+00    0.1112449646E-02
        17    0.1790000000E+02    0.1900679063E+02    0.5246204800E+00    0.5671704000E-01
        18    0.3007000000E+02    0.3474624248E+02    0.5094950000E+00    0.3965252826E-02
        19    0.2681000000E+02    0.3141272036E+02    0.6427407000E+00   -0.1760334282E-01
        20    0.2622000000E+02    0.3522355655E+02    0.5367530100E+00   -0.4612812154E-02
        21    0.3682000000E+02    0.5550791848E+02    0.2442995000E+00   -0.3873114587E-02
        22    0.5646000000E+02    0.6784217256E+02    0.4581699000E-01    0.1776069025E-02
        23    0.6900000000E+02    0.6680930243E+02    0.8693911000E-01   -0.4865732424E-02
        24    0.8285000000E+02    0.8315675809E+02   -0.2772088000E-01   -0.3474229525E-01
        25    0.6942000000E+02    0.6382122315E+02    0.9723876000E-01    0.3278805470E-02
        26    0.6383000000E+02    0.6015150318E+02    0.2167028400E+00   -0.1361181888E-01
        27    0.5774000000E+02    0.5054825555E+02    0.4645602000E+00   -0.4150616904E-01
        28    0.4307000000E+02    0.5016030915E+02    0.2810025000E+00    0.6102783575E-02
        29    0.6276000000E+02    0.7235080520E+02    0.3847730400E+00   -0.9976573477E-01
        30    0.5060000000E+01    0.9202135298E+01    0.4076208000E+00    0.1214075797E+00
        31    0.5015000000E+02    0.4836837035E+02    0.5773743500E+00   -0.6207626621E-01
        32    0.2680000000E+02    0.2669640382E+02    0.6433000000E+00   -0.7960000000E-03
        33    0.6660000000E+02    0.7553056161E+02    0.3629612000E-01   -0.2345518343E-01
        34    0.5100000000E+02    0.4344517581E+02    0.3269696400E+00    0.1866044157E-01
        35    0.7420000000E+02    0.4993204129E+02    0.3180301000E+00   -0.2399479740E-02
        36    0.6511000000E+02    0.4910697114E+02    0.3640216500E+00   -0.1101400445E-01
