        Rank        RMSE       MaxAE  Feature_ID
           1    9.051620   23.898806  (     595   10003)
           2    9.112303   23.058314  (     595   10008)
           3    9.164766   24.400306  (     595   10037)
           4    9.240734   24.815890  (     595   10029)
           5    9.263259   23.668616  (     595   10025)
           6    9.278765   28.275627  (    5512   19871)
           7    9.283871   25.755920  (    4676   19871)
           8    9.315086   23.622231  (     595   10009)
           9    9.325277   26.844704  (    3112   19871)
          10    9.334196   28.576583  (    8964   19282)
          11    9.341667   24.270511  (     595   10032)
          12    9.365449   27.399221  (    5519   19871)
          13    9.367970   23.868029  (     595   10059)
          14    9.368025   23.882963  (     595   10060)
          15    9.374402   27.352809  (    6000   19871)
          16    9.392518   29.865452  (    1603   11594)
          17    9.393815   24.174615  (     595   10061)
          18    9.397306   32.659512  (     103   11594)
          19    9.418877   19.563613  (       1   10001)
          20    9.424262   29.500008  (     668   19871)
          21    9.424725   24.982698  (    1890   18404)
          22    9.429222   24.077969  (     595   10084)
          23    9.431731   23.999098  (     595   10085)
          24    9.433214   25.016992  (    2076   18404)
          25    9.439850   24.126322  (     595   10090)
          26    9.440940   24.726474  (    2038   10003)
          27    9.447251   24.250351  (     595   10041)
          28    9.452586   32.645476  (     151   11594)
          29    9.461369   28.347957  (     889   19871)
          30    9.464182   26.631692  (    3211   16867)
          31    9.464384   24.170211  (     595   10100)
          32    9.468015   24.246494  (     595   10107)
          33    9.473657   24.387943  (     840   14220)
          34    9.473727   23.807561  (     595   10117)
          35    9.473886   24.543582  (     595   10067)
          36    9.474509   24.374384  (    1422   14220)
          37    9.483709   31.970262  (     103   19871)
          38    9.491103   24.758879  (    2386   10003)
          39    9.495029   28.668455  (    2637   16867)
          40    9.498126   23.645208  (      12   10097)
          41    9.499495   24.073889  (     595   10161)
          42    9.499512   28.405364  (     522   19430)
          43    9.503384   24.412734  (     595   10137)
          44    9.505535   32.678274  (    2553   19871)
          45    9.509118   26.067713  (    7440   15244)
          46    9.509173   23.546536  (      18   10097)
          47    9.511114   30.810263  (     103   16867)
          48    9.513721   30.775195  (    9509   19871)
          49    9.514993   23.945388  (     595   10215)
          50    9.526491   24.558486  (     595   10156)
          51    9.529220   27.403791  (      28   14220)
          52    9.533122   20.546012  (       1   10434)
          53    9.534411   27.142696  (      25   14220)
          54    9.544100   24.442772  (     595   10102)
          55    9.548029   26.730501  (    7440   14220)
          56    9.550254   23.664001  (     595   10150)
          57    9.552213   27.200414  (     429   19871)
          58    9.553350   22.862422  (      12   10003)
          59    9.558032   24.507680  (     595   10284)
          60    9.560001   24.802307  (    2948   10003)
          61    9.569940   30.148768  (    8097   19871)
          62    9.570198   22.776376  (      18   10003)
          63    9.570284   31.938493  (     151   19871)
          64    9.573100   31.083570  (    1890   10094)
          65    9.577452   27.562374  (    2749   14220)
          66    9.578522   31.129784  (    2076   10094)
          67    9.582163   29.030426  (    3208   19282)
          68    9.583483   32.844158  (     135   19871)
          69    9.585578   23.964307  (     595   10241)
          70    9.586876   24.027023  (     595   10259)
          71    9.589663   32.105231  (     578   11594)
          72    9.593171   30.776930  (     151   16867)
          73    9.594419   28.837594  (    9509   16365)
          74    9.598792   23.137587  (     595   10200)
          75    9.602940   30.766881  (     261   11594)
          76    9.603352   30.484556  (    8097   11594)
          77    9.605087   28.378390  (    8097   16867)
          78    9.609856   24.440557  (     595   10462)
          79    9.612490   23.848419  (     595   10770)
          80    9.613849   32.121763  (    1506   11594)
          81    9.615829   26.545147  (    6406   16867)
          82    9.616277   28.522973  (    7779   16867)
          83    9.617467   22.291154  (     595   10253)
          84    9.618065   24.473554  (     595   10153)
          85    9.618303   32.170905  (     665   11594)
          86    9.624123   23.433382  (    1422   17013)
          87    9.626091   25.097307  (     595   10105)
          88    9.626285   27.514261  (     840   19871)
          89    9.630571   28.661326  (    2562   19871)
          90    9.631977   23.603724  (       1   10002)
          91    9.632383   28.517804  (    5461   16867)
          92    9.632934   27.197815  (    7723   16365)
          93    9.634759   24.614741  (     621   19430)
          94    9.635587   24.317451  (     595   10306)
          95    9.638703   31.349322  (    1773   19871)
          96    9.639285   26.535234  (      25   15244)
          97    9.640356   29.575723  (     668   11594)
          98    9.641741   25.902472  (    3070   10877)
          99    9.642103   23.905061  (    2038   10008)
         100    9.642276   32.534619  (     622   11594)
