        Rank        RMSE       MaxAE  Feature_ID
           1   10.162200   26.671586  (       1)
           2   10.321714   26.978540  (       2)
           3   10.596985   28.397697  (       3)
           4   10.659977   26.050528  (       4)
           5   10.707756   26.626861  (       5)
           6   10.721582   28.528557  (       6)
           7   10.728772   26.610190  (       7)
           8   10.740943   27.270215  (       8)
           9   10.780554   25.082619  (       9)
          10   10.813721   22.924839  (      10)
          11   10.822581   23.615892  (      11)
          12   10.836125   28.970645  (      12)
          13   10.839724   27.841683  (      13)
          14   10.846962   27.506927  (      14)
          15   10.851732   27.491523  (      15)
          16   10.852591   28.764169  (      16)
          17   10.874438   26.193239  (      17)
          18   10.881577   23.791072  (      18)
          19   10.916423   26.261045  (      19)
          20   10.919475   30.944263  (      20)
          21   10.921528   29.592042  (      21)
          22   10.923311   25.597053  (      22)
          23   10.923694   27.918763  (      23)
          24   10.926388   29.983672  (      24)
          25   10.937619   22.824145  (      25)
          26   10.940575   28.001806  (      26)
          27   10.942014   31.030392  (      27)
          28   10.947962   29.665689  (      28)
          29   10.948424   30.029118  (      29)
          30   10.958398   30.849730  (      30)
          31   10.959335   29.681939  (      31)
          32   10.965650   25.866314  (      32)
          33   10.965808   25.077187  (      33)
          34   10.967812   31.510526  (      34)
          35   10.972955   28.879032  (      35)
          36   10.983818   28.867279  (      36)
          37   10.984354   30.518477  (      37)
          38   10.991796   28.569187  (      38)
          39   10.994230   31.734802  (      39)
          40   10.995406   24.321884  (      40)
          41   10.997610   22.692859  (      41)
          42   10.998853   27.578931  (      42)
          43   10.999513   31.341403  (      43)
          44   11.002065   26.756140  (      44)
          45   11.004144   29.201575  (      45)
          46   11.006136   31.299110  (      46)
          47   11.011465   28.638139  (      47)
          48   11.011873   24.120684  (      48)
          49   11.016122   24.297995  (      49)
          50   11.017709   24.676544  (      50)
          51   11.017891   31.134040  (      51)
          52   11.018339   30.230835  (      52)
          53   11.019743   30.705906  (      53)
          54   11.020661   33.705858  (      54)
          55   11.021171   29.762003  (      55)
          56   11.021261   30.939154  (      56)
          57   11.022817   28.479097  (      57)
          58   11.023668   27.042566  (      58)
          59   11.029574   27.888971  (      59)
          60   11.033162   29.881835  (      60)
          61   11.036474   30.232957  (      61)
          62   11.037495   23.670960  (      62)
          63   11.037676   29.968732  (      63)
          64   11.039010   31.520709  (      64)
          65   11.039356   31.090095  (      65)
          66   11.042276   29.469754  (      66)
          67   11.045104   33.174837  (      67)
          68   11.048006   31.238840  (      68)
          69   11.048998   23.067910  (      69)
          70   11.049105   31.182921  (      70)
          71   11.051793   25.525313  (      71)
          72   11.053674   29.818567  (      72)
          73   11.056243   32.131292  (      73)
          74   11.057187   27.578200  (      74)
          75   11.057658   32.266313  (      75)
          76   11.060211   23.729460  (      76)
          77   11.061347   31.943963  (      77)
          78   11.061485   24.040891  (      78)
          79   11.065891   21.988501  (      79)
          80   11.069293   28.154710  (      80)
          81   11.070997   27.895498  (      81)
          82   11.074679   31.728108  (      82)
          83   11.076820   32.329510  (      83)
          84   11.079889   31.423333  (      84)
          85   11.082449   31.233528  (      85)
          86   11.083316   22.301098  (      86)
          87   11.085030   27.497158  (      87)
          88   11.087565   28.546111  (      88)
          89   11.089058   29.578548  (      89)
          90   11.089218   31.034680  (      90)
          91   11.090780   32.028252  (      91)
          92   11.091136   23.480773  (      92)
          93   11.091585   32.814896  (      93)
          94   11.093637   25.705728  (      94)
          95   11.098820   31.177923  (      95)
          96   11.099910   32.639634  (      96)
          97   11.100963   23.009741  (      97)
          98   11.101162   29.177929  (      98)
          99   11.101315   30.827227  (      99)
         100   11.101529   27.864158  (     100)
