Model_ID, [(c_i,i=0,n)_j,j=1,ntask]
           1    0.1310094737E+02   -0.6937593666E+02   -0.1579445209E+03
           2    0.4924808083E+02    0.5007005639E+02    0.1989561909E+03
           3    0.1986486561E+02    0.1212001447E+03   -0.2025864571E+03
           4    0.4800272316E+02   -0.3495080507E+02   -0.2269515741E+03
           5    0.1420641706E+02   -0.1561530688E+02   -0.1697395794E+03
           6    0.1385912713E+02    0.3090273250E+02   -0.1641626843E+03
           7    0.4830954102E+02    0.5010176771E+02   -0.2022965943E+03
           8    0.1426803530E+02   -0.1557957571E+02   -0.1617533981E+03
           9    0.4958926279E+02    0.3984754995E+02   -0.2203773899E+03
          10    0.1381325426E+02   -0.1568218588E+02   -0.1697032345E+03
          11    0.1234267832E+02    0.1613357417E+02   -0.1718306738E+03
          12    0.1387450481E+02   -0.1564710771E+02   -0.1617722567E+03
          13    0.1347148263E+02   -0.3114451418E+02   -0.1657823188E+03
          14    0.4372034290E+02   -0.4173768528E+02    0.6334834255E+02
          15    0.2057785335E+02   -0.8561089233E+02   -0.2103692301E+03
          16    0.4451173979E+02   -0.4308734903E+02   -0.5576809774E+02
          17    0.4337793414E+02   -0.4076245165E+02   -0.6719790208E+02
          18    0.4395954286E+02   -0.4300979247E+02   -0.5362714713E+02
          19    0.4895635579E+02    0.5067722973E+02   -0.1098315887E+03
          20    0.1784726820E+02    0.1253889032E+03   -0.2028167325E+03
          21    0.1168610974E+02   -0.7154757383E+02   -0.2033722960E+03
          22    0.4781010952E+02    0.5226474607E+02    0.1368814382E+03
          23    0.5055854733E+02    0.3543404307E+02    0.2172432298E+03
          24    0.5015153629E+02   -0.3923704307E+02   -0.2199803520E+03
          25    0.4729919587E+02    0.5280266022E+02    0.9985818630E+02
          26    0.4819986219E+02    0.4966858605E+02   -0.7401827614E+02
          27    0.1536757626E+02   -0.6682548877E+02   -0.1867130959E+03
          28    0.1331209825E+02   -0.6985265463E+02    0.1327944835E+03
          29    0.4771189840E+02    0.5244431187E+02   -0.1392997290E+03
          30    0.3389481457E+02   -0.2393082069E+02    0.8330831079E+03
          31    0.5036352091E+02    0.4113168912E+02   -0.2046816610E+03
          32    0.4768803836E+02    0.5240000977E+02    0.1392635370E+03
          33    0.1316159554E+02   -0.6816384300E+02   -0.1522975072E+03
          34    0.1354180776E+02   -0.3215163480E+02   -0.1715903512E+03
          35    0.1595357126E+02    0.7114968880E+02   -0.1895820679E+03
          36    0.4718657154E+02    0.5226271821E+02    0.7849637112E+02
          37    0.4766679212E+02    0.5235329446E+02    0.1391325763E+03
          38    0.1246302660E+02   -0.6903613484E+02   -0.1541082429E+03
          39    0.4658774748E+02   -0.3465922289E+02   -0.2287657175E+03
          40    0.5133534498E+02    0.4802570074E+02    0.4839309052E+03
          41    0.1311487642E+02   -0.1615552817E+02   -0.1715558972E+03
          42    0.1795608890E+02    0.1259779446E+03   -0.2014761122E+03
          43    0.1330404545E+02   -0.6915737231E+02   -0.1418184332E+03
          44    0.4405799721E+02   -0.4155003844E+02   -0.6570588077E+02
          45    0.1388542664E+02   -0.6926401497E+02   -0.1478602764E+03
          46    0.1246494545E+02    0.1606283052E+02   -0.1617375293E+03
          47    0.1819323612E+02    0.6276332057E+02   -0.2011369868E+03
          48    0.1534032797E+02   -0.2989552774E+02   -0.1613353814E+03
          49    0.1319965113E+02   -0.6803209274E+02   -0.1524989434E+03
          50    0.4849028358E+02    0.3870780122E+02   -0.2198675243E+03
          51    0.5005228146E+02   -0.3900408663E+02   -0.2205248809E+03
          52    0.1790262228E+02    0.1242750264E+03   -0.2039864254E+03
          53    0.5014959097E+02    0.3875536071E+02   -0.2175553700E+03
          54    0.1946469201E+02    0.1210098329E+03   -0.2031895791E+03
          55    0.1546445950E+02   -0.6657506966E+02   -0.1769682223E+03
          56    0.4352623773E+02   -0.4160544006E+02   -0.7193137684E+02
          57    0.4660027277E+02    0.3295665268E+02    0.2089630004E+03
          58    0.4452481620E+02   -0.4283610783E+02   -0.5780953322E+02
          59    0.1349172480E+02   -0.3111484086E+02   -0.1706813589E+03
          60    0.4995197908E+02    0.3921684369E+02   -0.2234912582E+03
          61    0.2123900745E+02    0.2168473363E+02   -0.1773040436E+03
          62    0.1530675390E+02   -0.2993160566E+02   -0.1681768013E+03
          63    0.1732132007E+02   -0.1477580660E+02   -0.1730262287E+03
          64    0.2159117775E+02    0.8324883409E+02   -0.2117799365E+03
          65    0.5032889945E+02   -0.3947452921E+02   -0.2229769764E+03
          66    0.4506089094E+02   -0.3606069436E+02   -0.1397945687E+03
          67    0.1319010491E+02   -0.6896480414E+02    0.1404512412E+03
          68    0.2323864806E+02    0.2019669197E+02    0.1832691223E+03
          69    0.1363595401E+02   -0.3203953746E+02   -0.1623982763E+03
          70    0.4271115144E+02   -0.4051166873E+02   -0.6348361708E+02
          71    0.1921516604E+02    0.7314359742E+02   -0.2020129359E+03
          72    0.1977195856E+02   -0.2989324516E+02   -0.1669696683E+03
          73    0.1816356468E+02    0.7406155219E+02   -0.2032963856E+03
          74    0.4498269585E+02    0.3610522534E+02   -0.1398311216E+03
          75    0.4858937476E+02    0.3665358354E+02    0.2619436294E+03
          76    0.4796296338E+02    0.3945185923E+02   -0.2224881530E+03
          77    0.1391642173E+02    0.3082648873E+02   -0.1673715802E+03
          78    0.1346541700E+02   -0.6755553777E+02   -0.1486731862E+03
          79    0.4962028359E+02    0.3856096727E+02   -0.1153794955E+03
          80    0.1323031286E+02   -0.6896889719E+02    0.1407948117E+03
          81    0.2009429023E+02   -0.2967304197E+02   -0.1664739244E+03
          82    0.4993627311E+02   -0.3632682711E+02   -0.2142725151E+03
          83    0.4763161273E+02   -0.3452719230E+02   -0.2264153010E+03
          84    0.4902458953E+02   -0.3438012361E+02   -0.2254482419E+03
          85    0.4491663705E+02    0.3389200555E+02   -0.8495033065E+02
          86    0.4766612755E+02    0.5243986337E+02    0.1379557813E+03
          87    0.1324446745E+02   -0.6788736371E+02   -0.1526938731E+03
          88    0.4396431465E+02    0.3324953826E+02   -0.1643410800E+03
          89    0.1320930032E+02   -0.1609996700E+02   -0.1624138391E+03
          90    0.3054781105E+02    0.2205516112E+02   -0.1994788180E+03
          91    0.1273051156E+02   -0.3130763769E+02   -0.1659101394E+03
          92    0.2121103848E+02    0.2171352345E+02   -0.1849726895E+03
          93    0.1754081590E+02   -0.5900506264E+02   -0.1792896909E+03
          94    0.1188298937E+02    0.1682680658E+02   -0.1688238317E+03
          95    0.1734665638E+02    0.1255611534E+03   -0.2034860982E+03
          96    0.4881962431E+02   -0.3393086379E+02   -0.2252713176E+03
          97    0.1385450778E+02   -0.1625956356E+02   -0.1656043211E+03
          98    0.1139432740E+02   -0.7212113787E+02   -0.1735136479E+03
          99    0.1556578339E+02    0.3074616647E+02   -0.1690262132E+03
         100    0.1568237141E+02   -0.3069774126E+02   -0.1690377614E+03
