Model_ID, [(c_i,i=0,n)_j,j=1,ntask]
           1    0.2726249384E+03   -0.9061188539E+02    0.4831215223E+03
           2    0.2729999546E+03    0.9118051451E+02   -0.4632391509E+03
           3    0.2710589310E+03   -0.8883416958E+02    0.4735870681E+03
           4    0.2712379955E+03    0.8855655842E+02    0.4904258714E+03
           5    0.2801453057E+03   -0.9463911545E+02    0.4844273454E+03
           6    0.2711990895E+03   -0.8942391683E+02   -0.4425562601E+03
           7    0.2747860621E+03   -0.9802194271E+02    0.4471446878E+03
           8    0.2714435789E+03    0.8950637447E+02   -0.4492470065E+03
           9    0.2729390683E+03    0.9074109588E+02   -0.4606504102E+03
          10    0.2756950310E+03    0.9775787805E+02   -0.4789066940E+03
          11    0.2710090426E+03   -0.8750298627E+02    0.4388724640E+03
          12    0.2995913516E+03   -0.2798251797E+03   -0.1823932277E+03
          13    0.3235403010E+03    0.7424694694E+02   -0.1914812724E+03
          14    0.2829401304E+03   -0.9920714434E+02    0.4458122853E+03
          15    0.3672337964E+03    0.8074772335E+02    0.2899091285E+03
          16    0.3189552328E+03    0.6902432103E+02   -0.2071849841E+03
          17    0.2807364522E+03    0.9477097256E+02   -0.4823072347E+03
          18    0.2808914221E+03   -0.9248245646E+02    0.1637279092E+03
          19    0.2708820825E+03    0.1123188301E+03   -0.6121638444E+03
          20    0.3239760507E+03    0.7593514852E+02   -0.1763299504E+03
          21    0.2754389210E+03    0.9788523370E+02   -0.4556331526E+03
          22    0.2690337027E+03    0.1018143850E+03   -0.1683575696E+03
          23    0.3245766398E+03    0.7669693477E+02   -0.1650697712E+03
          24    0.3251732402E+03    0.7596790638E+02    0.1183882883E+03
          25    0.3229540944E+03    0.7380266525E+02   -0.1943913025E+03
          26    0.3239417191E+03    0.7573372474E+02   -0.1781967222E+03
          27    0.3231400473E+03    0.7395183090E+02   -0.1921191961E+03
          28    0.2713726079E+03    0.8811144441E+02   -0.4184454026E+03
          29    0.2835899540E+03    0.9896846314E+02   -0.4590648454E+03
          30    0.3183159624E+03    0.6992311946E+02   -0.1996129946E+03
          31    0.3160225316E+03    0.7076185060E+02   -0.2011483049E+03
          32    0.2830162153E+03    0.9672344312E+02    0.4806367964E+03
          33    0.3185646431E+03    0.6871779585E+02   -0.2085401233E+03
          34    0.2727869364E+03    0.8883814829E+02   -0.2623400995E+03
          35    0.3183602157E+03    0.6856755388E+02   -0.2106409750E+03
          36    0.3246225425E+03    0.7526351489E+02    0.1187925738E+03
          37    0.3249471715E+03    0.7589334946E+02    0.1181822530E+03
          38    0.3267151775E+03    0.7775255262E+02    0.1140843869E+03
          39    0.3242711108E+03    0.7583423276E+02   -0.1885668292E+03
          40    0.2724990331E+03   -0.9106692502E+02    0.2264388011E+03
          41    0.3229862353E+03    0.7455146744E+02   -0.1906648558E+03
          42    0.3229377507E+03    0.7514136701E+02   -0.1824056105E+03
          43    0.3231696914E+03    0.7468766654E+02   -0.1885432789E+03
          44    0.3270004769E+03    0.9686795276E+02   -0.2262297125E+03
          45    0.3224328435E+03    0.7738989288E+02   -0.3879986686E+03
          46    0.3014790473E+03   -0.2839010827E+03   -0.1841783229E+03
          47    0.3232214893E+03    0.7441053940E+02   -0.1870376964E+03
          48    0.3245557830E+03    0.7533666398E+02    0.1184719015E+03
          49    0.2846795314E+03   -0.9289213286E+02    0.4520798602E+03
          50    0.2703957688E+03    0.8899760337E+02   -0.4114615564E+03
          51    0.2747935764E+03    0.8558999598E+02   -0.2100369477E+03
          52    0.2799355111E+03    0.1090221443E+03   -0.1181367129E+03
          53    0.3200447144E+03    0.7468507153E+02    0.2138880025E+03
          54    0.2834389721E+03    0.9515236808E+02    0.4864969342E+03
          55    0.3207279457E+03    0.7545179490E+02   -0.2011084447E+03
          56    0.3163242133E+03    0.7225575439E+02   -0.1882613401E+03
          57    0.3262470564E+03    0.7645258089E+02   -0.1263669411E+03
          58    0.3168752763E+03    0.7322450920E+02   -0.1741491230E+03
          59    0.3214363894E+03    0.7561343453E+02   -0.2058244535E+03
          60    0.3458328582E+03    0.2821334002E+03    0.1071797259E+03
          61    0.3179295367E+03    0.6963922551E+02    0.2005875980E+03
          62    0.2704954768E+03    0.8758337945E+02    0.4498345934E+03
          63    0.3230130706E+03    0.7503918434E+02   -0.1746494765E+03
          64    0.2725687543E+03    0.8836381796E+02   -0.2642854435E+03
          65    0.3162850240E+03    0.7244969708E+02   -0.1851116411E+03
          66    0.2710518185E+03    0.8627080666E+02    0.4333153503E+03
          67    0.3228282078E+03    0.7474162923E+02   -0.1877265107E+03
          68    0.3230157032E+03    0.7486718515E+02   -0.1857456297E+03
          69    0.2804615037E+03    0.8965764574E+02   -0.1447255012E+03
          70    0.3230105814E+03    0.7487368846E+02   -0.1856686201E+03
          71    0.3269911468E+03    0.7863368259E+02   -0.1019948099E+03
          72    0.2843948961E+03    0.9750924572E+02   -0.4731186549E+03
          73    0.3156277364E+03    0.7045940923E+02   -0.2017386496E+03
          74    0.3230054356E+03    0.7488021764E+02   -0.1855903352E+03
          75    0.3184971452E+03    0.6945093354E+02   -0.2036753155E+03
          76    0.3288297575E+03    0.8693851760E+02   -0.2186988761E+03
          77    0.3210181719E+03    0.7671565605E+02   -0.4067342925E+03
          78    0.2799987296E+03    0.1086854716E+03   -0.1173240327E+03
          79    0.3145600984E+03    0.7392986856E+02   -0.4109751062E+03
          80    0.3185704074E+03    0.6917167619E+02   -0.2019693194E+03
          81    0.3225866891E+03    0.7425743820E+02   -0.1913431415E+03
          82    0.2702742327E+03    0.1122587144E+03   -0.6093604037E+03
          83    0.3686480112E+03    0.8178979045E+02   -0.2701362047E+03
          84    0.3636166328E+03    0.8431354556E+02    0.2442415432E+03
          85    0.3191969157E+03    0.7049633538E+02   -0.1912295389E+03
          86    0.3208615997E+03    0.7503101953E+02    0.2136625026E+03
          87    0.3224400305E+03    0.7590771603E+02   -0.1792884600E+03
          88    0.3265425600E+03    0.9642797816E+02   -0.2274684190E+03
          89    0.3182950334E+03    0.6931313228E+02   -0.2055992001E+03
          90    0.3225485687E+03    0.7487074578E+02    0.1826635646E+03
          91    0.3226430757E+03    0.7398104331E+02    0.1897445171E+03
          92    0.3236890583E+03    0.7543361843E+02   -0.1907292946E+03
          93    0.3238658028E+03    0.7555923803E+02   -0.1886479115E+03
          94    0.3228276903E+03    0.7412532245E+02    0.1875542745E+03
          95    0.2724152920E+03    0.8814114488E+02   -0.2663322084E+03
          96    0.2852864777E+03    0.9306917180E+02   -0.4535267944E+03
          97    0.2852753147E+03    0.9307490529E+02    0.5024252032E+03
          98    0.3220794656E+03    0.7701640363E+02    0.3908803963E+03
          99    0.2705221507E+03   -0.8858444782E+02   -0.4083222226E+03
         100    0.3154163006E+03    0.7031102004E+02   -0.2032626815E+03
