Model_ID, [(c_i,i=0,n)_j,j=1,ntask]
           1    0.2596231973E+03    0.9409705064E+02
           2    0.2700678085E+03   -0.1008363247E+03
           3    0.2825337233E+03   -0.1027768362E+03
           4    0.3191056026E+03    0.7921170031E+02
           5    0.2669853580E+03   -0.9400997925E+02
           6    0.2832295198E+03   -0.1068860055E+03
           7    0.2643529676E+03   -0.9661893152E+02
           8    0.2670819604E+03   -0.9890675264E+02
           9    0.2670769762E+03    0.9865410103E+02
          10    0.3671120087E+03   -0.9943974455E+02
          11    0.2345702140E+03   -0.8251551014E+02
          12    0.3080874515E+03    0.7484941239E+02
          13    0.2674364141E+03   -0.9295991629E+02
          14    0.3025700210E+03    0.9291486608E+02
          15    0.3590492279E+03    0.1088384099E+03
          16    0.2332394067E+03   -0.8610877953E+02
          17    0.2800499800E+03   -0.1053990107E+03
          18    0.2596470612E+03   -0.9368933415E+02
          19    0.3708615272E+03    0.1155713572E+03
          20    0.2746838214E+03   -0.9269326967E+02
          21    0.2746634925E+03   -0.9249601862E+02
          22    0.2673197468E+03   -0.8825611365E+02
          23    0.2717253256E+03   -0.1002596059E+03
          24    0.3707077856E+03    0.1190170342E+03
          25    0.3106870211E+03    0.7553162659E+02
          26    0.2697806647E+03   -0.9497159236E+02
          27    0.2719451395E+03   -0.9051657545E+02
          28    0.3156142925E+03    0.7740895861E+02
          29    0.2751374659E+03   -0.9709497425E+02
          30    0.2346994559E+03   -0.8216654832E+02
          31    0.2275777148E+03   -0.7293464398E+02
          32    0.2673906600E+03    0.9111519820E+02
          33    0.2818441614E+03   -0.9870448699E+02
          34    0.3309266714E+03    0.1237605502E+03
          35    0.2158844258E+03    0.7887650088E+02
          36    0.3187247400E+03   -0.7865275904E+02
          37    0.3258224416E+03   -0.1204532168E+03
          38    0.2671970521E+03    0.9754376631E+02
          39    0.2917457850E+03   -0.1074980937E+03
          40    0.2599309885E+03   -0.8883840964E+02
          41    0.2699308912E+03    0.1697035676E+03
          42    0.2572602444E+03   -0.9119056451E+02
          43    0.2716080862E+03   -0.1067106454E+03
          44    0.2951364009E+03    0.9283128789E+02
          45    0.2633559869E+03   -0.1010781098E+03
          46    0.2937390175E+03    0.8811129062E+02
          47    0.3135538438E+03    0.7367623850E+02
          48    0.2616166415E+03    0.9808335110E+02
          49    0.2696304741E+03    0.9190404302E+02
          50    0.2597583706E+03    0.9178760316E+02
          51    0.2283954422E+03   -0.8188523322E+02
          52    0.2749095335E+03   -0.1087336936E+03
          53    0.2648625735E+03    0.9014336332E+02
          54    0.2413958950E+03    0.1704377924E+03
          55    0.2739427655E+03   -0.8550281894E+02
          56    0.3728712394E+03    0.1144744488E+03
          57    0.2348063286E+03   -0.9206267244E+02
          58    0.3032706584E+03   -0.1242331564E+03
          59    0.2268745643E+03   -0.8072391748E+02
          60    0.2722609451E+03   -0.9471146937E+02
          61    0.2722446863E+03    0.9449550142E+02
          62    0.2673110660E+03   -0.8790612351E+02
          63    0.3268386787E+03    0.9881481193E+02
          64    0.3151744763E+03    0.7344251002E+02
          65    0.2299916891E+03   -0.7832710190E+02
          66    0.2196358603E+03    0.7605050303E+02
          67    0.2272454289E+03   -0.7720231621E+02
          68    0.2695239353E+03   -0.9247729448E+02
          69    0.2656668975E+03    0.8206338625E+02
          70    0.2676687080E+03    0.1736688862E+03
          71    0.2927526389E+03    0.2079239154E+03
          72    0.2249210251E+03    0.7779683221E+02
          73    0.2632659482E+03    0.1062060830E+03
          74    0.2895586691E+03    0.1969868354E+03
          75    0.2744744049E+03    0.6593452564E+02
          76    0.3006742307E+03    0.6048237698E+02
          77    0.3134707048E+03   -0.7354974160E+02
          78    0.2271246852E+03    0.8434754101E+02
          79    0.3174753691E+03    0.1091188576E+03
          80    0.3371956016E+03    0.7529325928E+02
          81    0.2741599491E+03   -0.8761014739E+02
          82    0.2699252219E+03    0.9792408380E+02
          83    0.3763124220E+03   -0.1179483004E+03
          84    0.3361381721E+03   -0.1269311881E+03
          85    0.2809179119E+03   -0.9323432972E+02
          86    0.4054128077E+03    0.8906404616E+02
          87    0.2670261961E+03    0.9608006286E+02
          88    0.3613905608E+03    0.1152620385E+03
          89    0.2784637975E+03   -0.1048035349E+03
          90    0.2880769483E+03    0.1854021720E+03
          91    0.2687497172E+03    0.1673432490E+03
          92    0.2257486955E+03    0.8025234420E+02
          93    0.2691702184E+03    0.6366101716E+02
          94    0.2673812379E+03   -0.9073531497E+02
          95    0.3239269419E+03    0.1086510093E+03
          96    0.3585210029E+03    0.1197950865E+03
          97    0.2820074437E+03   -0.9966878398E+02
          98    0.3742053558E+03    0.1157129961E+03
          99    0.2949105755E+03    0.1937386264E+03
         100    0.2177848068E+03    0.7955778564E+02
