        Rank        RMSE       MaxAE  Feature_ID
           1   24.354069   54.069746  (    6776   10273)
           2   24.374702   44.964785  (    2514   15296)
           3   24.847270   59.095812  (    8456   10273)
           4   25.402636   60.010703  (      14   18189)
           5   25.414023   45.730954  (    2514   17942)
           6   25.434372   57.483071  (    2514   14765)
           7   25.524692   48.788970  (    2514   14825)
           8   25.620044   47.138356  (    2514   18427)
           9   25.747501   60.099970  (      14   18760)
          10   25.805671   51.334181  (    2579   11113)
          11   26.216086   57.853105  (    2514   16709)
          12   26.221832   57.407615  (     422   14765)
          13   26.545805   65.973700  (    6490   10591)
          14   26.594075   61.404137  (    6693   10906)
          15   26.699504   70.087305  (    2677   14765)
          16   26.772274   57.217744  (    2643   14765)
          17   26.778106   59.211838  (    1238   10273)
          18   26.808152   72.379929  (    5137   10273)
          19   26.820875   76.831482  (     413   10008)
          20   26.832955   61.718822  (      14   14765)
          21   26.881897   58.606584  (    2580   15296)
          22   26.917312   68.089625  (    2677   16709)
          23   26.921344   75.433481  (    1753   15296)
          24   26.928801   54.770111  (    4452   14765)
          25   26.945241   61.307610  (    2580   14765)
          26   26.990415   55.897755  (    7758   14765)
          27   26.991729   68.206691  (    3984   10505)
          28   27.034285   64.466062  (    8632   14765)
          29   27.035251   54.631332  (    4452   16709)
          30   27.038351   44.584622  (    6651   11113)
          31   27.038880   73.489074  (      14   10273)
          32   27.047614   55.394824  (    2643   16709)
          33   27.076677   57.127295  (    6913   14765)
          34   27.092161   59.340733  (    2873   15296)
          35   27.128224   64.975842  (     126   10097)
          36   27.145848   62.019518  (    2873   14765)
          37   27.146520   77.877580  (    7068   10273)
          38   27.148597   61.988804  (    1238   11315)
          39   27.152076   76.344961  (     195   10591)
          40   27.158818   69.269378  (      71   10098)
          41   27.162966   81.429945  (     182   10008)
          42   27.167174   57.436791  (    4381   10273)
          43   27.174421   74.666022  (     427   10359)
          44   27.194474   63.002871  (    4791   10906)
          45   27.198445   76.890127  (     199   10133)
          46   27.203085   66.540314  (      39   10098)
          47   27.203946   75.616493  (     826   11514)
          48   27.212799   56.112016  (    1643   14765)
          49   27.218024   58.264358  (    1928   16709)
          50   27.223826   56.802497  (     422   15296)
          51   27.270871   62.988714  (       1   10004)
          52   27.275126   54.666087  (    2643   15296)
          53   27.284856   59.304810  (     346   13603)
          54   27.286290   60.983714  (    4688   15296)
          55   27.288055   54.844139  (     805   14765)
          56   27.288586   96.461325  (     392   16539)
          57   27.302977   52.090868  (     432   11113)
          58   27.307324   52.222883  (    2113   10273)
          59   27.310631   62.118560  (    7758   15296)
          60   27.310773   68.062590  (    6490   10916)
          61   27.311702   62.450544  (    8632   16709)
          62   27.317249   78.866365  (     182   10097)
          63   27.317658   75.238861  (     618   15951)
          64   27.326853   59.432524  (    3906   14765)
          65   27.355245   67.858211  (    2677   15296)
          66   27.360905   74.025506  (     413   10097)
          67   27.370610   46.770758  (     761   11113)
          68   27.372411   74.537965  (     195   10273)
          69   27.388513   63.502840  (    9770   14765)
          70   27.396047   62.081488  (    1238   10591)
          71   27.399373   56.134014  (     422   16709)
          72   27.406539   76.552157  (    6189   10273)
          73   27.418510   73.431616  (    1753   14765)
          74   27.428386   68.786559  (    4191   10591)
          75   27.435058   72.495680  (    5815   10273)
          76   27.444592   61.006059  (    7052   16709)
          77   27.475636   54.582202  (    4452   15296)
          78   27.477243   66.563265  (     190   10716)
          79   27.484777   55.147607  (    8079   11113)
          80   27.486271   62.067297  (      14   16709)
          81   27.490541   64.035046  (    3419   15296)
          82   27.500964   74.877291  (    2364   14144)
          83   27.503016   57.582220  (    2643   14825)
          84   27.509308   58.156119  (     720   14765)
          85   27.509553   57.579140  (    4452   14825)
          86   27.516350   57.900804  (     452   15296)
          87   27.518896   79.721582  (     427   10397)
          88   27.526458   57.543010  (    3906   16709)
          89   27.528739   66.288675  (      62   14765)
          90   27.538513   61.993212  (    2341   10273)
          91   27.539707   79.576661  (     199   10359)
          92   27.541738   58.340618  (    3419   14765)
          93   27.552321   67.840627  (    3984   10173)
          94   27.565550   49.869419  (    9762   14619)
          95   27.571428   68.272185  (    3984   10726)
          96   27.572817   55.817501  (    1643   18189)
          97   27.574043   76.019367  (    1211   12486)
          98   27.590060   62.021645  (    6112   14765)
          99   27.591011   68.622830  (    1435   11341)
         100   27.593797   68.059059  (    1473   11341)
