Model_ID, [(c_i,i=0,n)_j,j=1,ntask]
           1    0.3055420212E+02   -0.2145926643E+02   -0.1318215644E+03
           2    0.2608148869E+02   -0.4603909533E+02   -0.1607830556E+03
           3    0.2981996120E+02   -0.1985263451E+02   -0.1324521158E+03
           4    0.3116112492E+02    0.4731838780E+02   -0.1423291379E+03
           5    0.3122152790E+02    0.4646043689E+02   -0.1414800625E+03
           6    0.3060445212E+02   -0.2727619831E+02   -0.1252338598E+03
           7    0.3127539417E+02   -0.2326148217E+02   -0.1404266833E+03
           8    0.5107266703E+02    0.2964460950E+02   -0.3839891934E+03
           9    0.2777088275E+02   -0.4427052280E+02    0.6402065158E+03
          10    0.5225101162E+02   -0.2934443820E+02   -0.4137536548E+03
          11    0.3670277843E+02    0.5862573116E+02   -0.6197429288E+02
          12    0.3005099768E+02   -0.2956717552E+02   -0.1234802829E+03
          13    0.4914936530E+02    0.3054954979E+02    0.2670151551E+03
          14    0.5465428779E+02   -0.1893105970E+02   -0.1552579630E+03
          15    0.3087641629E+02   -0.2125318851E+02   -0.1411769205E+03
          16    0.4934452300E+02   -0.2840613147E+02    0.4644244586E+03
          17    0.2875076039E+02    0.3305386164E+02   -0.1307547234E+03
          18    0.4962169480E+02    0.2970106295E+02   -0.3968471068E+03
          19    0.6452579922E+02   -0.1943896564E+02   -0.1504488356E+03
          20    0.2564052918E+02    0.4087645074E+02   -0.1566052563E+03
          21    0.3139661329E+02    0.4632208022E+02   -0.1393613689E+03
          22    0.6576295283E+02   -0.5259420283E+02    0.1509056602E+03
          23    0.5453052406E+02   -0.1895794470E+02   -0.1393548998E+03
          24    0.3145664881E+02    0.4691806355E+02   -0.1542531490E+03
          25    0.3146725333E+02   -0.2143071487E+02    0.6045128777E+03
          26    0.4107362310E+02    0.4152194372E+02   -0.8363579834E+02
          27    0.5085779614E+02    0.2997377349E+02   -0.5182845806E+03
          28    0.5545387430E+02   -0.2927414467E+02   -0.1150470716E+03
          29    0.5347299615E+02   -0.1915173432E+02   -0.1270463637E+03
          30    0.5003560936E+02    0.2948356987E+02    0.2406832815E+03
          31    0.3152267704E+02    0.4605169096E+02   -0.1530666225E+03
          32    0.6563567334E+02    0.5251017913E+02    0.1489796174E+03
          33    0.6976816544E+02   -0.5975199055E+02    0.1444340289E+03
          34    0.5357994905E+02   -0.1907608787E+02   -0.1399126582E+03
          35    0.6442924365E+02   -0.1947862682E+02   -0.1353314030E+03
          36    0.5037869325E+02    0.2901146034E+02    0.2296083399E+03
          37    0.5184038348E+02    0.2850631330E+02    0.3541387151E+03
          38    0.5566563588E+02    0.2957279493E+02   -0.1158765215E+03
          39    0.3158008964E+02   -0.2305143444E+02   -0.1517092226E+03
          40    0.5230403333E+02    0.3045098379E+02   -0.5339783201E+03
          41    0.5404071960E+02   -0.3356805368E+02   -0.1774233108E+03
          42    0.5135689269E+02   -0.2938300602E+02    0.1146761052E+03
          43    0.2864490497E+02    0.3391874814E+02   -0.1322222086E+03
          44    0.4134886195E+02    0.4182535458E+02   -0.8887785853E+02
          45    0.5489044312E+02   -0.1817881521E+02   -0.1162349702E+03
          46    0.5498409097E+02   -0.1811893636E+02   -0.1282820712E+03
          47    0.6959968199E+02    0.5960214138E+02    0.1422688635E+03
          48    0.3151065152E+02    0.4527096407E+02   -0.1385784321E+03
          49    0.3885158177E+02    0.5630605440E+02    0.2983016012E+03
          50    0.5004752361E+02    0.2913072885E+02   -0.3872430854E+03
          51    0.3259241747E+02    0.4637281100E+02   -0.1291852254E+03
          52    0.3016120009E+02   -0.1965061147E+02   -0.1415669289E+03
          53    0.4986613416E+02   -0.2910217773E+02    0.2084970848E+03
          54    0.5554356346E+02   -0.2913099222E+02   -0.1254385080E+03
          55    0.3095764462E+02   -0.3326208616E+02   -0.1347135648E+03
          56    0.6874891376E+02   -0.6074255618E+02    0.1461577226E+03
          57    0.4901303905E+02   -0.2995206262E+02    0.2755550094E+03
          58    0.5613270281E+02    0.3001179946E+02   -0.1466309598E+03
          59    0.4701522493E+02    0.2999318189E+02   -0.6316196433E+03
          60    0.2851162670E+02   -0.4334591649E+02    0.6481900761E+03
          61    0.7294459960E+02    0.6097477907E+02    0.1591863950E+03
          62    0.5153483687E+02   -0.2617911994E+02   -0.1259171092E+03
          63    0.4123544680E+02    0.4125738257E+02   -0.8351280613E+02
          64    0.5575478042E+02    0.2943602050E+02   -0.1266574039E+03
          65    0.5164818591E+02   -0.2608130381E+02   -0.1388170079E+03
          66    0.5337362713E+02   -0.3172324229E+02   -0.1718589774E+03
          67    0.5001749948E+02    0.2854645297E+02   -0.5252528376E+03
          68    0.4981483939E+02    0.2910247911E+02    0.2077062437E+03
          69    0.3092905609E+02   -0.2701084031E+02   -0.1332500241E+03
          70    0.5173944323E+02    0.2945941089E+02   -0.5399354952E+03
          71    0.6859569051E+02    0.6062851890E+02    0.1439430432E+03
          72    0.5187475331E+02    0.2956892952E+02    0.1179959265E+03
          73    0.3054121185E+02    0.4168657041E+02   -0.1561709128E+03
          74    0.5195994880E+02   -0.3022263543E+02    0.2403890503E+03
          75    0.5153398975E+02   -0.2928599131E+02    0.1161441803E+03
          76    0.4855898241E+02    0.2951126212E+02    0.2478578859E+03
          77    0.2880734385E+02   -0.4301533198E+02    0.6394480465E+03
          78    0.3950721155E+02    0.5511692565E+02    0.2822248269E+03
          79    0.5352019772E+02   -0.3020571067E+02    0.1881409333E+03
          80    0.4147404304E+02    0.4162466056E+02   -0.8886375560E+02
          81    0.5311754905E+02    0.2953451642E+02    0.1765597053E+03
          82    0.5174124223E+02    0.3602885577E+02   -0.1283029376E+03
          83    0.2361843447E+02    0.3985592853E+02    0.3505167421E+03
          84    0.5347565635E+02   -0.3082586276E+02    0.2452013787E+03
          85    0.4988223303E+02    0.3018989933E+02    0.3193043930E+03
          86    0.5256326982E+02   -0.2927852555E+02    0.1694429074E+03
          87    0.3074094716E+02   -0.1982279282E+02    0.6071834924E+03
          88    0.3114333656E+02   -0.1928967678E+02    0.6094509553E+03
          89    0.5288128019E+02   -0.3192247810E+02   -0.4044444992E+03
          90    0.3075087368E+02   -0.2248187152E+02    0.1536356838E+03
          91    0.3037846094E+02   -0.2928330977E+02   -0.1312374305E+03
          92    0.3120229242E+02    0.3851093303E+02    0.6153823476E+03
          93    0.2921904042E+02    0.3988439898E+02    0.9797631617E+02
          94    0.5229350895E+02    0.3632152388E+02   -0.1223876164E+03
          95    0.3096558922E+02   -0.2234424557E+02    0.1527724316E+03
          96    0.5188612985E+02   -0.2683168073E+02   -0.1193073942E+03
          97    0.3618521795E+02   -0.2828936611E+02   -0.1144203804E+03
          98    0.3281715046E+02    0.4610855939E+02   -0.1410751364E+03
          99    0.5075651816E+02   -0.2910160358E+02   -0.4269781168E+03
         100    0.5613997711E+02   -0.3140441685E+02   -0.1837521604E+03
