Model_ID, [(c_i,i=0,n)_j,j=1,ntask]
           1    0.5362886595E+02   -0.5550466155E+02
           2    0.1378702980E+02    0.6616023105E+02
           3    0.5344656585E+02   -0.5399395672E+02
           4    0.1380431284E+02    0.6597985557E+02
           5    0.5241395377E+02   -0.5392453701E+02
           6    0.5379068939E+02   -0.5197423207E+02
           7    0.5344040438E+02    0.5504570177E+02
           8    0.5000268799E+02   -0.5075189481E+02
           9    0.5314835885E+02   -0.5387550014E+02
          10    0.5296895916E+02   -0.5424752517E+02
          11    0.4961866853E+02   -0.5040989073E+02
          12    0.5329946895E+02   -0.5243886217E+02
          13    0.5306518649E+02   -0.5417059624E+02
          14    0.4298734486E+02    0.4657504730E+02
          15    0.5379885194E+02   -0.5507968806E+02
          16    0.4506441076E+02    0.4967443428E+02
          17    0.7320618382E+02   -0.7105346557E+02
          18    0.5314430033E+02   -0.5397002541E+02
          19    0.5295944445E+02   -0.5430456006E+02
          20    0.3282740283E+02    0.3816230813E+02
          21    0.5315624680E+02   -0.5287927423E+02
          22    0.5280774888E+02   -0.5427225092E+02
          23    0.3558738197E+02    0.3240872657E+02
          24    0.6745984339E+02    0.6180174604E+02
          25    0.1520682754E+02   -0.6459385064E+02
          26    0.1738587319E+02   -0.5508569619E+02
          27    0.4727182061E+02    0.5497829217E+02
          28    0.4823397133E+02    0.5227854588E+02
          29    0.1302267662E+02    0.6546871929E+02
          30    0.5261658464E+02    0.5266459850E+02
          31    0.5347395047E+02   -0.4911046386E+02
          32    0.1302766912E+02    0.6532033250E+02
          33    0.5218209230E+02   -0.5254877577E+02
          34    0.4892408420E+02   -0.4465736994E+02
          35    0.1627024908E+02    0.6289818509E+02
          36    0.1453063485E+02    0.6544981306E+02
          37    0.4713325910E+02    0.5465248496E+02
          38    0.2215773519E+02    0.5665284115E+02
          39    0.5259778032E+02   -0.4609505981E+02
          40    0.5236648234E+02   -0.4431067465E+02
          41    0.3312040260E+02    0.3247045658E+02
          42    0.4984852335E+02   -0.4855451719E+02
          43    0.2214638584E+02    0.5653631285E+02
          44    0.5019467121E+02   -0.4744285768E+02
          45    0.5216296200E+02    0.5827194751E+02
          46    0.5184743424E+02   -0.4717184934E+02
          47    0.5322287775E+02   -0.4971538586E+02
          48    0.4984794050E+02   -0.4774956314E+02
          49    0.3311462147E+02    0.3653844151E+02
          50    0.4979513378E+02    0.4959036381E+02
          51    0.6206214639E+01   -0.6340993449E+02
          52    0.5554533123E+02    0.6350919853E+02
          53    0.3438652991E+02    0.2961996217E+02
          54    0.6427966038E+02    0.3444755970E+02
          55    0.5093907416E+02    0.5577453978E+02
          56    0.4833159275E+02    0.4281152450E+02
          57    0.2107198027E+02    0.5915280762E+02
          58    0.5774448323E+02    0.2668465978E+02
          59    0.2106441494E+02    0.5902112279E+02
          60    0.4941830148E+02   -0.4895265249E+02
          61    0.6151618962E+02    0.3286422901E+02
          62    0.4959782448E+02   -0.4859231131E+02
          63    0.6754073973E+02    0.5711216801E+02
          64    0.6712936769E+02   -0.6125163521E+02
          65    0.5225175442E+02   -0.3878414897E+02
          66    0.4691492604E+02    0.4560086340E+02
          67    0.6427591789E+02    0.3428840578E+02
          68    0.5320712826E+02   -0.5033903464E+02
          69    0.1197680613E+02    0.2898854232E+02
          70    0.4372045759E+02    0.4934984594E+02
          71    0.5003585867E+02   -0.4556968290E+02
          72    0.2682691827E+02    0.1802168134E+03
          73    0.1783466857E+02    0.5566655863E+02
          74    0.1106494064E+02   -0.5836387674E+02
          75    0.1375895157E+02    0.5527743087E+02
          76    0.6658783061E+02    0.5921710540E+02
          77    0.1180177530E+02    0.2876212140E+02
          78    0.2331907896E+02    0.5412460998E+02
          79    0.4950424829E+02   -0.4881812702E+02
          80    0.4798610085E+02   -0.3496241369E+02
          81    0.5466592758E+02    0.5204408934E+02
          82    0.6147543990E+02    0.3232516732E+02
          83    0.6412964805E+02    0.3363249526E+02
          84    0.1521093743E+02    0.5824061783E+02
          85    0.3142182085E+02   -0.7586334830E+02
          86    0.2330462330E+02    0.5402143211E+02
          87    0.5950508765E+02    0.2888180845E+02
          88    0.3345864099E+02    0.2998905679E+02
          89    0.1519907364E+02    0.5814575190E+02
          90    0.7275546279E+02    0.6141448501E+02
          91    0.6743440244E+02   -0.6142743947E+02
          92    0.1123746314E+02    0.6269392944E+02
          93    0.5202635926E+02    0.5772230339E+02
          94    0.6661876117E+02    0.6100525071E+02
          95    0.4812823570E+02   -0.5065025002E+02
          96    0.1126599524E+02   -0.5825093135E+02
          97    0.4860512268E+02   -0.4966206971E+02
          98    0.1415751687E+02    0.6792311453E+02
          99    0.6145974395E+02    0.3277995628E+02
         100    0.1376589992E+02   -0.6578156899E+02
