        Rank        RMSE       MaxAE  Feature_ID
           1   12.291420   32.558137  (       1)
           2   12.441914   32.013364  (       2)
           3   12.457812   32.550866  (       3)
           4   12.468189   31.941042  (       4)
           5   12.541413   31.526297  (       5)
           6   12.548904   33.128993  (       6)
           7   12.563026   32.422850  (       7)
           8   12.619151   31.573140  (       8)
           9   12.626909   32.266383  (       9)
          10   12.637767   32.043881  (      10)
          11   12.642026   31.214657  (      11)
          12   12.668334   32.583941  (      12)
          13   12.675447   32.149021  (      13)
          14   12.695238   31.516722  (      14)
          15   12.703663   32.777360  (      15)
          16   12.718690   31.872203  (      16)
          17   12.734161   30.480096  (      17)
          18   12.743922   32.251373  (      18)
          19   12.765120   32.027758  (      19)
          20   12.811486   33.314836  (      20)
          21   12.825651   32.389693  (      21)
          22   12.827549   31.879806  (      22)
          23   12.828847   31.558296  (      23)
          24   12.851868   30.758288  (      24)
          25   12.884116   32.655033  (      25)
          26   12.899376   36.327391  (      26)
          27   12.902362   31.784897  (      27)
          28   12.942218   30.128324  (      28)
          29   12.943940   30.895115  (      29)
          30   12.947970   31.874903  (      30)
          31   12.958875   33.144048  (      31)
          32   12.961966   30.826417  (      32)
          33   12.966359   31.453830  (      33)
          34   12.971952   31.021725  (      34)
          35   12.974604   32.876101  (      35)
          36   12.975111   32.404055  (      36)
          37   12.976621   31.980724  (      37)
          38   12.995548   34.676716  (      38)
          39   12.997141   32.696401  (      39)
          40   12.997308   32.732589  (      40)
          41   12.997765   33.309172  (      41)
          42   13.010784   31.583049  (      42)
          43   13.012223   34.609504  (      43)
          44   13.015078   32.012203  (      44)
          45   13.030361   32.624035  (      45)
          46   13.035510   31.818322  (      46)
          47   13.037123   32.822890  (      47)
          48   13.056617   31.642571  (      48)
          49   13.059121   34.203544  (      49)
          50   13.062280   31.452315  (      50)
          51   13.065006   36.911289  (      51)
          52   13.078563   33.095397  (      52)
          53   13.082298   36.107655  (      53)
          54   13.082502   33.351584  (      54)
          55   13.088252   30.431861  (      55)
          56   13.092024   30.715246  (      56)
          57   13.092923   34.704240  (      57)
          58   13.100989   33.915996  (      58)
          59   13.111001   34.633736  (      59)
          60   13.117918   31.123099  (      60)
          61   13.120422   33.685396  (      61)
          62   13.120552   31.329528  (      62)
          63   13.122649   30.536733  (      63)
          64   13.132031   30.426758  (      64)
          65   13.132873   28.754934  (      65)
          66   13.135484   32.263639  (      66)
          67   13.137081   33.320620  (      67)
          68   13.140249   32.734885  (      68)
          69   13.141379   31.805111  (      69)
          70   13.143174   29.633222  (      70)
          71   13.147903   31.993257  (      71)
          72   13.155165   28.601037  (      72)
          73   13.155703   31.097381  (      73)
          74   13.158844   32.858232  (      74)
          75   13.159137   33.625548  (      75)
          76   13.166298   29.881322  (      76)
          77   13.167929   32.239000  (      77)
          78   13.168117   34.626043  (      78)
          79   13.168713   31.219091  (      79)
          80   13.170121   29.443771  (      80)
          81   13.170274   32.327663  (      81)
          82   13.172142   33.497199  (      82)
          83   13.176803   33.062162  (      83)
          84   13.178377   29.763890  (      84)
          85   13.181220   30.217329  (      85)
          86   13.182759   34.562125  (      86)
          87   13.183099   31.094320  (      87)
          88   13.187027   35.383642  (      88)
          89   13.188768   29.704475  (      89)
          90   13.189680   31.537020  (      90)
          91   13.194296   30.732130  (      91)
          92   13.195030   35.452983  (      92)
          93   13.199150   32.533641  (      93)
          94   13.201186   29.915680  (      94)
          95   13.201542   29.806999  (      95)
          96   13.202478   33.159139  (      96)
          97   13.202811   30.251869  (      97)
          98   13.205208   32.356251  (      98)
          99   13.209213   33.605900  (      99)
         100   13.212227   31.804126  (     100)
