      rank       #data_overlap        size_overlap          feature_ID
         1                  11             0.21920   (     617     989)
         2                  11             0.21920   (     618     989)
         3                  11             0.21920   (     612     989)
         4                  12             0.19531   (     879    1711)
         5                  12             0.21920   (     582     989)
         6                  12             0.21920   (     495     989)
         7                  12             0.21920   (     610     989)
         8                  12             0.21920   (     784     989)
         9                  12             0.21920   (     786     989)
        10                  13             0.18671   (     163     618)
        11                  13             0.20951   (     928     996)
        12                  13             0.21317   (       3     777)
        13                  13             0.21317   (       3     826)
        14                  13             0.21319   (       3     547)
        15                  13             0.21319   (       3     550)
        16                  13             0.21319   (       3     613)
        17                  13             0.22320   (      57     614)
        18                  13             0.22320   (      57     618)
        19                  13             0.23488   (      57     548)
        20                  13             0.23488   (      57     551)
        21                  13             0.23488   (      57     552)
        22                  13             0.23488   (      57     615)
        23                  13             0.23488   (      57     621)
        24                  13             0.25131   (       3     548)
        25                  13             0.25131   (       3     551)
        26                  13             0.25131   (       3     552)
        27                  13             0.25131   (       3     713)
        28                  13             0.25131   (       3     615)
        29                  13             0.25131   (       3     621)
        30                  13             0.27962   (     422     614)
        31                  13             0.27962   (     422     618)
        32                  13             0.48440   (     550    1061)
        33                  13             0.48440   (     547    1061)
        34                  13             0.48589   (     552    1061)
        35                  13             0.48589   (     582    1061)
        36                  13             0.48589   (     548    1061)
        37                  13             0.48589   (     551    1061)
        38                  13             0.50726   (     586    1061)
        39                  14             0.08073   (      30     929)
        40                  14             0.08073   (     142     929)
        41                  14             0.09358   (      53     929)
        42                  14             0.10812   (      31     929)
        43                  14             0.10815   (     147     929)
        44                  14             0.12740   (      49     929)
        45                  14             0.14777   (     163     786)
        46                  14             0.15941   (     163     362)
        47                  14             0.16130   (     929    1172)
        48                  14             0.16130   (     929    1746)
        49                  14             0.16130   (     929    1757)
        50                  14             0.16858   (     165     618)
        51                  14             0.18178   (     163     612)
        52                  14             0.18178   (     163     617)
        53                  14             0.18671   (     163     495)
        54                  14             0.18671   (     163     582)
        55                  14             0.18671   (     163     610)
        56                  14             0.18671   (     163     784)
        57                  14             0.20431   (     165     614)
        58                  14             0.22320   (      57     495)
        59                  14             0.22320   (      57     582)
        60                  14             0.22320   (      57     609)
        61                  14             0.22320   (      57     610)
        62                  14             0.22320   (      57     612)
        63                  14             0.22320   (      57     784)
        64                  14             0.22320   (      57     786)
        65                  14             0.22320   (      57     499)
        66                  14             0.22320   (      57     586)
        67                  14             0.22320   (      57     617)
        68                  14             0.22320   (      57     785)
        69                  14             0.23488   (      57     494)
        70                  14             0.23488   (      57     498)
        71                  14             0.23488   (      57     544)
        72                  14             0.23488   (      57     545)
        73                  14             0.23488   (      57     546)
        74                  14             0.23488   (      57     547)
        75                  14             0.23488   (      57     550)
        76                  14             0.23488   (      57     587)
        77                  14             0.23488   (      57     608)
        78                  14             0.23488   (      57     611)
        79                  14             0.23488   (      57     613)
        80                  14             0.23488   (      57     712)
        81                  14             0.23488   (      57     713)
        82                  14             0.23488   (      57     714)
        83                  14             0.24317   (       3     498)
        84                  14             0.24317   (       3     545)
        85                  14             0.24317   (       3     608)
        86                  14             0.24317   (       3     715)
        87                  14             0.24317   (       3     587)
        88                  14             0.24669   (       3     714)
        89                  14             0.25131   (       3     546)
        90                  14             0.25131   (       3     611)
        91                  14             0.25965   (      54     548)
        92                  14             0.25965   (      54     551)
        93                  14             0.25965   (      54     552)
        94                  14             0.25965   (      54     614)
        95                  14             0.25965   (      54     615)
        96                  14             0.25965   (      54     618)
        97                  14             0.25965   (      54     621)
        98                  14             0.26288   (       3     712)
        99                  14             0.26713   (      57     715)
       100                  14             0.26713   (      57     787)
