Model_ID, [(c_i,i=0,n)_j,j=1,ntask]
           1    0.4180709994E+02    0.4518437619E+02   -0.3085087776E+03
           2    0.4120075222E+02    0.4407933806E+02   -0.2950804182E+03
           3    0.4195987103E+02    0.4856173666E+02   -0.2533112362E+03
           4    0.4247879838E+02    0.4735872823E+02   -0.2346626233E+03
           5    0.4283216549E+02    0.4707510470E+02   -0.2234631027E+03
           6    0.4235023773E+02    0.4878296357E+02    0.2442818828E+03
           7    0.4514750019E+02    0.3921554902E+02   -0.1859397650E+03
           8    0.4217234049E+02    0.4131655957E+02   -0.7465362956E+03
           9    0.4615060646E+02   -0.4448058906E+02   -0.8301663209E+03
          10    0.4718295887E+02   -0.4404996204E+02   -0.7736688101E+03
          11    0.4278935711E+02    0.4192165010E+02   -0.7524128112E+03
          12    0.4226942429E+02    0.4379542751E+02   -0.2768423170E+03
          13    0.4460660749E+02    0.5178444533E+02   -0.9866789669E+03
          14    0.5156875868E+02   -0.4799794221E+02   -0.9937671233E+03
          15    0.5081373938E+02   -0.4779135406E+02   -0.2249491997E+03
          16    0.4150242943E+02   -0.4808918728E+02   -0.2538169065E+03
          17    0.4203410109E+02   -0.4688112875E+02   -0.2350905367E+03
          18    0.8207854539E+02    0.4557119614E+02   -0.5686206728E+03
          19    0.4646898119E+02   -0.4434904688E+02   -0.5172647321E+03
          20    0.4538741536E+02   -0.4514000640E+02   -0.5361017019E+03
          21    0.4341280712E+02    0.3984066166E+02    0.5811324067E+03
          22    0.4124449916E+02    0.4378540930E+02   -0.2499351096E+03
          23    0.4580321808E+02    0.4351088366E+02   -0.8283316934E+03
          24    0.4414498559E+02    0.5109462188E+02   -0.9769841974E+03
          25    0.4419499528E+02    0.5105731578E+02   -0.9753539743E+03
          26    0.3944364209E+02    0.4392914088E+02   -0.2572065991E+03
          27    0.4417897615E+02   -0.5107158989E+02   -0.9765989425E+03
          28    0.4416297405E+02   -0.5108438505E+02   -0.9778326705E+03
          29    0.4770950110E+02    0.4744825181E+02   -0.6789038319E+03
          30    0.4243858862E+02    0.4396151034E+02   -0.2751371494E+03
          31    0.4571341926E+02    0.3964778052E+02   -0.1843341711E+03
          32    0.4660012453E+02    0.4246082087E+02    0.2700769047E+03
          33    0.4571796550E+02    0.4308051644E+02   -0.8205815163E+03
          34    0.5503881518E+02    0.3131197360E+02   -0.9243351133E+03
          35    0.4677255012E+02    0.4325877346E+02   -0.8646796445E+03
          36    0.5522217220E+02    0.3126100862E+02   -0.9267281990E+03
          37    0.4366735136E+02   -0.5074210326E+02   -0.9793484368E+03
          38    0.4239327926E+02   -0.4658852593E+02   -0.2237331361E+03
          39    0.4792307807E+02    0.4729623985E+02   -0.6877507020E+03
          40    0.5038377449E+02   -0.4780866081E+02   -0.2063926367E+03
          41    0.5478701972E+02    0.3192589333E+02   -0.9565678060E+03
          42    0.5349500221E+02   -0.3038488404E+02   -0.3026903986E+03
          43    0.4189840987E+02   -0.4829015996E+02    0.2444159712E+03
          44    0.4496551658E+02    0.4349604360E+02   -0.1893558030E+03
          45    0.4500934782E+02    0.4303370816E+02   -0.1886646047E+03
          46    0.3973416556E+02    0.4470263046E+02   -0.2593478463E+03
          47    0.4797334634E+02    0.4841732806E+02   -0.4841388027E+03
          48    0.4558516433E+02    0.4361809466E+02   -0.9154154552E+03
          49    0.4287832676E+02    0.4850685292E+02    0.4134275115E+03
          50    0.5493227598E+02    0.3183559273E+02   -0.9580360690E+03
          51    0.4683624680E+02    0.4308550412E+02   -0.7718030790E+03
          52    0.5274481622E+02    0.3820057922E+02    0.3986717373E+03
          53    0.7475288027E+02    0.4272722110E+02   -0.9330607735E+03
          54    0.4015725275E+02    0.4846199046E+02    0.1506851441E+03
          55    0.7195948052E+02    0.3918544966E+02   -0.2108272304E+03
          56    0.3965614485E+02    0.4497780681E+02   -0.2571128602E+03
          57    0.4423143506E+02    0.5030891187E+02   -0.9871158562E+03
          58    0.4717920492E+02   -0.5173481488E+02   -0.6314093787E+03
          59    0.4744291187E+02   -0.4545002797E+02   -0.5194850789E+03
          60    0.4124339094E+02    0.4816044626E+02   -0.2421510380E+03
          61    0.5137404547E+02   -0.4768266970E+02   -0.9918773043E+03
          62    0.3905056691E+02    0.5091948976E+02    0.1495399264E+03
          63    0.4129723674E+02    0.4812512787E+02   -0.2416620280E+03
          64    0.4596713508E+02   -0.4472576850E+02   -0.2327384729E+03
          65    0.4127701593E+02   -0.4813806742E+02   -0.2420354775E+03
          66    0.5424707409E+02    0.3085642810E+02   -0.9156067243E+03
          67    0.4125680407E+02   -0.4814967392E+02   -0.2424082687E+03
          68    0.4650255036E+02    0.4418823491E+02   -0.8357387856E+03
          69    0.5535508272E+02    0.3213469706E+02   -0.9566106094E+03
          70    0.5554392108E+02    0.3208415930E+02   -0.9591276436E+03
          71    0.5097582930E+02    0.5813445716E+02   -0.2129953271E+03
          72    0.7451339889E+02    0.6535526173E+02   -0.2859739727E+03
          73    0.4613392593E+02    0.4341839804E+02   -0.5190398945E+03
          74    0.5530426556E+02    0.3208281712E+02   -0.9540548064E+03
          75    0.4570176342E+02    0.4334991280E+02   -0.8243591270E+03
          76    0.4126073578E+02    0.4578468872E+02   -0.2596747458E+03
          77    0.4136020505E+02    0.4823827254E+02    0.2493875819E+03
          78    0.5549226463E+02    0.3203165801E+02   -0.9565007419E+03
          79    0.4571772068E+02    0.4333295936E+02   -0.8258699603E+03
          80    0.4833312137E+02   -0.4145919062E+02   -0.6632296325E+03
          81    0.4573372621E+02    0.4331510791E+02   -0.8273820087E+03
          82    0.5290710103E+02    0.4061811333E+02    0.7841825260E+03
          83    0.3985561203E+02    0.4403546870E+02   -0.2605795502E+03
          84    0.5524956422E+02    0.3202843624E+02   -0.9508042630E+03
          85    0.5450286131E+02   -0.4736353403E+02    0.7985773900E+03
          86    0.5462181310E+02    0.3186662151E+02   -0.9525701829E+03
          87    0.4170763353E+02    0.4865537902E+02   -0.2415051561E+03
          88    0.5458424401E+02    0.3205102714E+02   -0.9069701642E+03
          89    0.5543670743E+02    0.3197665318E+02   -0.9531778689E+03
          90    0.5519409708E+02    0.3189462401E+02   -0.9613770625E+03
          91    0.3245629499E+02    0.2677092020E+02    0.5047234436E+03
          92    0.5582242978E+02    0.3135763414E+02   -0.9687457774E+03
          93    0.6795432209E+02   -0.5917980287E+02    0.2142029386E+03
          94    0.4504008679E+02    0.4418666482E+02   -0.5368678111E+03
          95    0.5438707780E+02    0.3076724625E+02   -0.9170494672E+03
          96    0.4608014717E+02    0.4246421329E+02   -0.7626750903E+03
          97    0.4557515809E+02    0.4348532785E+02   -0.2359334742E+03
          98    0.6000024872E+02    0.7374472980E+02   -0.7967266689E+03
          99    0.5458007504E+02    0.3184052907E+02   -0.9516109945E+03
         100    0.4672846760E+02    0.4263438540E+02   -0.7609007437E+03
