        Rank        RMSE       MaxAE  Feature_ID
           1   10.434892   27.635459  (      10   10341)
           2   10.474006   27.281245  (      10   10140)
           3   10.487535   26.723017  (      10   10624)
           4   10.501619   28.100479  (      10   10359)
           5   10.582403   26.775885  (      10   11165)
           6   10.588831   26.818782  (      10   11376)
           7   10.601591   26.872876  (      10   11617)
           8   10.608700   26.964942  (      10   12817)
           9   10.622529   32.350618  (    6122   18312)
          10   10.624349   26.720727  (      10   10777)
          11   10.642310   26.839275  (      10   10345)
          12   10.642674   32.477956  (    6122   13160)
          13   10.643033   34.045965  (       4   11309)
          14   10.643567   31.753907  (    6122   19627)
          15   10.647393   27.347399  (      10   10598)
          16   10.667306   30.740322  (      29   10031)
          17   10.670425   26.513187  (      10   15401)
          18   10.682291   30.782850  (       1   10001)
          19   10.697647   30.364437  (    5060   17677)
          20   10.708247   29.014801  (      10   10037)
          21   10.711548   26.957447  (      10   13113)
          22   10.720253   24.353780  (      10   11348)
          23   10.720291   30.205655  (       1   10003)
          24   10.721405   24.319692  (      10   11378)
          25   10.721508   27.215366  (      10   14379)
          26   10.723375   23.891605  (      10   13272)
          27   10.725140   28.864933  (      10   10087)
          28   10.730027   29.144587  (     690   10080)
          29   10.730874   26.089668  (      10   11187)
          30   10.737500   31.040874  (       1   10002)
          31   10.746131   27.875010  (      10   10003)
          32   10.750045   29.118226  (    6018   10543)
          33   10.750191   29.709184  (    6018   10372)
          34   10.752036   29.981551  (      10   10640)
          35   10.754227   27.047767  (      10   11157)
          36   10.757816   33.341848  (       4   14028)
          37   10.762767   31.214064  (       2   16235)
          38   10.764788   25.780112  (     403   10080)
          39   10.767736   27.946403  (      10   10114)
          40   10.772924   29.059999  (      10   11416)
          41   10.774512   29.783650  (    6018   10276)
          42   10.775723   34.021171  (       4   16235)
          43   10.777527   29.975442  (    6018   10312)
          44   10.779556   30.815266  (     690   10372)
          45   10.780099   29.631859  (       1   10140)
          46   10.783736   29.411212  (    6018   10455)
          47   10.784983   29.881238  (       1   10341)
          48   10.786923   25.076665  (      10   10512)
          49   10.789251   31.055220  (     690   10312)
          50   10.791004   29.260930  (       1   10057)
          51   10.792453   29.619541  (    6018   10505)
          52   10.795239   30.870004  (     690   10276)
          53   10.800395   29.128308  (      10   10137)
          54   10.801973   29.604594  (       1   10048)
          55   10.802088   27.084390  (      10   11915)
          56   10.802651   31.186933  (       1   10037)
          57   10.803709   30.126146  (       1   10015)
          58   10.804734   29.020872  (       1   10624)
          59   10.807604   30.251590  (     690   10543)
          60   10.808240   26.832081  (      10   12991)
          61   10.808672   27.067780  (      10   10674)
          62   10.810708   26.749447  (       1   10004)
          63   10.810918   26.999832  (       1   10221)
          64   10.811412   33.720598  (    6122   12553)
          65   10.812304   29.443512  (    5060   19627)
          66   10.812804   26.735673  (       1   10005)
          67   10.813089   28.218846  (      10   12351)
          68   10.815807   24.751515  (      10   11324)
          69   10.817471   24.719846  (      10   11361)
          70   10.817649   27.445263  (     112   10178)
          71   10.821245   30.718443  (     690   10505)
          72   10.821377   29.532129  (    6018   10178)
          73   10.821584   29.380304  (      10   10043)
          74   10.822346   30.516723  (     690   10455)
          75   10.824219   33.597780  (       4   14106)
          76   10.824971   33.367524  (       4   16396)
          77   10.825625   28.655752  (       1   10006)
          78   10.826030   27.658847  (      10   10319)
          79   10.826088   29.569661  (       1   10039)
          80   10.829443   30.051643  (    5060   18312)
          81   10.830363   30.153468  (    5060   13160)
          82   10.831091   30.324151  (       1   10359)
          83   10.834401   27.322974  (     112   10320)
          84   10.834473   33.974480  (      70   11309)
          85   10.835834   27.415924  (      10   10630)
          86   10.836467   30.341272  (     161   10140)
          87   10.838402   30.183084  (       1   10114)
          88   10.839755   29.378682  (    6018   10320)
          89   10.840001   30.679568  (     690   10178)
          90   10.841942   31.045229  (       1   10087)
          91   10.844217   27.228714  (     112   10543)
          92   10.845974   33.140444  (    6122   18140)
          93   10.846083   29.249303  (      10   10107)
          94   10.846923   27.695777  (     112   10372)
          95   10.848498   29.574971  (     161   10624)
          96   10.849767   30.482658  (     690   10059)
          97   10.851701   27.852416  (       1   10014)
          98   10.852329   25.185652  (     403   10221)
          99   10.854240   22.953799  (      10   12507)
         100   10.855642   29.771658  (     161   10345)
