Model_ID, [(c_i,i=0,n)_j,j=1,ntask]
           1    0.1846284726E+02    0.1724886326E+02   -0.1557581531E+03
           2    0.1880051607E+02    0.1837126580E+02    0.1238643061E+03
           3    0.1886610375E+02    0.1849561811E+02    0.1166535002E+03
           4    0.1953078848E+02    0.1121731405E+02   -0.1292835723E+03
           5    0.2054751814E+02   -0.1808239803E+02   -0.1799031357E+03
           6    0.1355587622E+02   -0.1291676579E+02    0.8702240280E+02
           7    0.2149155337E+02   -0.1842638815E+02   -0.1804714473E+03
           8    0.1869211439E+02    0.1713600853E+02    0.1133080149E+03
           9    0.1861478483E+02    0.1699472821E+02    0.1196799032E+03
          10    0.1852816917E+02    0.1758827335E+02   -0.1760397418E+03
          11    0.4374105225E+01    0.1001168416E+02    0.3291571138E+03
          12    0.1845696697E+02    0.1720964507E+02    0.1282782577E+03
          13    0.1937204497E+02    0.1114804550E+02   -0.1327355326E+03
          14    0.1837197905E+02    0.1646139515E+02    0.9793852971E+02
          15    0.2093611806E+02    0.1803853987E+02    0.2655198176E+03
          16    0.1872295649E+02    0.1792631738E+02    0.6908794538E+02
          17    0.4653456074E+01    0.1003235061E+02    0.3512352592E+03
          18    0.1897028670E+02    0.1836827169E+02    0.9553798282E+02
          19    0.4658981989E+01    0.1000477895E+02    0.3552740718E+03
          20    0.2108722476E+02   -0.2029972093E+02    0.1431522539E+03
          21    0.2108594543E+02   -0.2029303049E+02   -0.1434983137E+03
          22    0.1854836579E+02    0.1894754680E+02   -0.1751060294E+03
          23    0.1829033666E+02    0.1631273891E+02    0.1027658562E+03
          24    0.2056629302E+02    0.1750967218E+02    0.1897782380E+03
          25    0.1970541980E+02    0.1032762312E+02    0.2008585652E+03
          26    0.1951784257E+02    0.1717965836E+02    0.1951700711E+03
          27    0.1833575410E+02    0.1673319350E+02   -0.8481652651E+02
          28    0.1843528925E+02    0.1667048011E+02    0.9703221273E+02
          29    0.1901519953E+02    0.1847860878E+02    0.8939790780E+02
          30    0.1832039653E+02    0.1717557928E+02   -0.9031217818E+02
          31    0.1877121151E+02    0.1804700720E+02    0.6436582279E+02
          32    0.1971497402E+02    0.1871143100E+02    0.1137504125E+03
          33    0.1945553030E+02    0.1036123780E+02   -0.1288713314E+03
          34    0.4247970941E+01    0.9960722930E+01    0.3428707462E+03
          35    0.2050052718E+02    0.1882574276E+02    0.1058059000E+03
          36    0.1829280834E+02    0.1713643597E+02   -0.9121037499E+02
          37    0.1962026317E+02    0.1853974482E+02    0.1198023351E+03
          38    0.1849645003E+02    0.1681028225E+02   -0.8478781825E+02
          39    0.1267482047E+02   -0.1667323194E+02   -0.6292542025E+02
          40    0.1900439970E+02    0.1690863236E+02   -0.1604417909E+03
          41    0.1980249142E+02    0.1735341482E+02    0.1987145610E+03
          42    0.2067493310E+02   -0.1980942215E+02    0.1371828179E+03
          43    0.2067392384E+02   -0.1980330768E+02   -0.1375199924E+03
          44    0.2030428724E+02    0.1833781559E+02   -0.9825356887E+02
          45    0.4109992050E+01   -0.2079887159E+02    0.1351581859E+03
          46    0.1793213492E+02    0.1722614108E+02   -0.1605887911E+03
          47    0.2119020395E+02    0.1988709838E+02    0.2881988735E+03
          48    0.1901092555E+02    0.1683461306E+02   -0.1602373690E+03
          49    0.2621738935E+02    0.2639986519E+02   -0.7394827598E+02
          50    0.1837931012E+02    0.1729501118E+02   -0.1555479475E+03
          51    0.2012979716E+02    0.1784631851E+02    0.2755424000E+03
          52    0.1948088067E+02    0.1733474450E+02    0.1106737374E+03
          53    0.1847258124E+02    0.1908021310E+02   -0.1075050750E+03
          54    0.1988298242E+02    0.1109308201E+02    0.1378924656E+03
          55    0.1988238375E+02    0.1108980287E+02   -0.1382390349E+03
          56    0.2134660498E+02   -0.2051061537E+02    0.1874808717E+03
          57    0.2161695885E+02   -0.2119831362E+02    0.1408259439E+03
          58    0.1392501508E+02   -0.1296421172E+02    0.7247407142E+02
          59    0.2161570740E+02   -0.2119172178E+02   -0.1411744468E+03
          60    0.1848723469E+02    0.1908776251E+02   -0.1057239917E+03
          61    0.1939956368E+02    0.1696101017E+02    0.2037012932E+03
          62    0.1742222003E+02   -0.1893322502E+02   -0.1831735836E+03
          63    0.1868457053E+02   -0.1672502527E+02    0.5515829635E+02
          64    0.1978494730E+02    0.1758386714E+02    0.2667938714E+03
          65    0.2043122101E+02    0.1728323820E+02    0.1976723544E+03
          66    0.4343331909E+01    0.1060097329E+02   -0.1079023248E+03
          67    0.1814240090E+02    0.1675248049E+02    0.1510420979E+03
          68    0.2080428730E+02    0.1766434413E+02    0.2738975422E+03
          69    0.1332475758E+02   -0.1265119781E+02   -0.9067207922E+02
          70    0.1095075137E+02   -0.1401020712E+02   -0.7677708988E+02
          71    0.4369063552E+01   -0.1199060888E+02    0.1410679099E+03
          72    0.2025720680E+02    0.1826899053E+02   -0.9881263833E+02
          73    0.1775578319E+02   -0.1872626926E+02    0.8109810266E+02
          74    0.4902889108E+01    0.1016614826E+02    0.1030368762E+03
          75    0.1789211693E+02    0.1723047526E+02   -0.1602264824E+03
          76    0.4122188260E+01    0.1044981337E+02   -0.1772233533E+03
          77    0.1808173842E+02    0.1683646987E+02   -0.1587916778E+03
          78    0.1917966326E+02    0.1774493635E+02   -0.1634215718E+03
          79    0.4883787394E+01    0.1103531700E+02    0.3467543512E+03
          80    0.2951007264E+02   -0.1425751180E+02    0.1831529673E+03
          81    0.4352587173E+01    0.1039098083E+02   -0.1138744234E+03
          82    0.1764977070E+02    0.1808673821E+02   -0.1628113394E+03
          83    0.1937622498E+02    0.1715370595E+02    0.1159887578E+03
          84    0.1950573286E+02    0.1734440779E+02    0.2020122899E+03
          85    0.1805423800E+02   -0.1901458564E+02   -0.1262260130E+03
          86    0.1964601496E+02    0.1082208706E+02    0.7143186358E+02
          87    0.1851576380E+02    0.1654501019E+02    0.6606674246E+02
          88    0.4872074961E+01    0.1093006208E+02   -0.3588189743E+03
          89    0.1847683253E+02    0.1742930523E+02    0.1416124028E+03
          90    0.4123219140E+01    0.1042482721E+02   -0.1792265168E+03
          91    0.2135547479E+02   -0.1842083116E+02   -0.1084525304E+03
          92    0.1848192181E+02    0.1893042719E+02   -0.1736990990E+03
          93    0.1804556727E+02   -0.1697198876E+02   -0.1595752925E+03
          94    0.2138105835E+02   -0.1844487009E+02   -0.1069430156E+03
          95    0.2035798477E+02    0.1858240826E+02    0.1097067655E+03
          96    0.4356911040E+01    0.1036393495E+02   -0.1150842499E+03
          97    0.1802262132E+02    0.1607869512E+02    0.1094245403E+03
          98    0.1828154817E+02    0.1609786418E+02    0.5366718495E+02
          99    0.3889510544E+01   -0.2035425237E+02   -0.1493052082E+03
         100    0.1540011298E+02   -0.1386464345E+02    0.8641665824E+02
