      rank       #data_overlap        size_overlap          feature_ID
         1                  40             0.34523   (       1)
         2                  40             0.35997   (       2)
         3                  41             0.55547   (       3)
         4                  41             0.63998   (       4)
         5                  41             0.64254   (       5)
         6                  41             1.00000   (       6)
         7                  41             1.00000   (       7)
         8                  42             0.34523   (       8)
         9                  42             0.47711   (       9)
        10                  42             0.47711   (      10)
        11                  42             0.47711   (      11)
        12                  42             0.47711   (      12)
        13                  42             0.56756   (      13)
        14                  42             0.59962   (      14)
        15                  42             0.65217   (      15)
        16                  42             1.00000   (      16)
        17                  42             1.00000   (      17)
        18                  42             1.00000   (      18)
        19                  42             1.00000   (      19)
        20                  42             1.00000   (      20)
        21                  42             1.00000   (      21)
        22                  42             1.00000   (      22)
        23                  42             1.00000   (      23)
        24                  42             1.00000   (      24)
        25                  42             1.00000   (      25)
        26                  42             1.00000   (      26)
        27                  42             1.00000   (      27)
        28                  42             1.00000   (      28)
        29                  42             1.00000   (      29)
        30                  42             1.00000   (      30)
        31                  42             1.00000   (      31)
        32                  42             1.00000   (      32)
        33                  42             1.00000   (      33)
        34                  42             1.00000   (      34)
        35                  42             1.00000   (      35)
        36                  42             1.00000   (      36)
        37                  42             1.00000   (      37)
        38                  42             1.00000   (      38)
        39                  42             1.00000   (      39)
        40                  42             1.00000   (      40)
        41                  42             1.00000   (      41)
        42                  42             1.00000   (      42)
        43                  42             1.00000   (      43)
        44                  43             0.29669   (      44)
        45                  43             0.31206   (      45)
        46                  43             0.33688   (      46)
        47                  43             0.34523   (      47)
        48                  43             0.34523   (      48)
        49                  43             0.34523   (      49)
        50                  43             0.35997   (      50)
        51                  43             0.45373   (      51)
        52                  43             0.46684   (      52)
        53                  43             0.54147   (      53)
        54                  43             0.54200   (      54)
        55                  43             0.54200   (      55)
        56                  43             0.54200   (      56)
        57                  43             0.54200   (      57)
        58                  43             0.55547   (      58)
        59                  43             0.57409   (      59)
        60                  43             0.59471   (      60)
        61                  43             0.65217   (      61)
        62                  43             0.65217   (      62)
        63                  43             0.78654   (      63)
        64                  43             0.94143   (      64)
        65                  43             1.00000   (      65)
        66                  43             1.00000   (      66)
        67                  43             1.00000   (      67)
        68                  43             1.00000   (      68)
        69                  43             1.00000   (      69)
        70                  43             1.00000   (      70)
        71                  43             1.00000   (      71)
        72                  43             1.00000   (      72)
        73                  43             1.00000   (      73)
        74                  43             1.00000   (      74)
        75                  43             1.00000   (      75)
        76                  43             1.00000   (      76)
        77                  43             1.00000   (      77)
        78                  43             1.00000   (      78)
        79                  43             1.00000   (      79)
        80                  43             1.00000   (      80)
        81                  43             1.00000   (      81)
        82                  43             1.00000   (      82)
        83                  43             1.00000   (      83)
        84                  43             1.00000   (      84)
        85                  43             1.00000   (      85)
        86                  43             1.00000   (      86)
        87                  43             1.00000   (      87)
        88                  43             1.00000   (      88)
        89                  43             1.00000   (      89)
        90                  43             1.00000   (      90)
        91                  43             1.00000   (      91)
        92                  43             1.00000   (      92)
        93                  43             1.00000   (      93)
        94                  43             1.00000   (      94)
        95                  43             1.00000   (      95)
        96                  43             1.00000   (      96)
        97                  43             1.00000   (      97)
        98                  43             1.00000   (      98)
        99                  43             1.00000   (      99)
       100                  43             1.00000   (     100)
