      rank       #data_overlap        size_overlap          feature_ID
         1                  18             0.14649   (       2    1519)
         2                  18             0.14761   (       2    1516)
         3                  18             0.18015   (       2    1403)
         4                  19             0.10118   (      12    1150)
         5                  19             0.10118   (      10    1150)
         6                  19             0.10436   (       9    1150)
         7                  19             0.10436   (      11    1150)
         8                  19             0.13083   (       1    1160)
         9                  19             0.13242   (       5     623)
        10                  19             0.14020   (       2    1518)
        11                  19             0.14127   (       2    1515)
        12                  19             0.14868   (       2    1894)
        13                  19             0.14944   (       5     642)
        14                  19             0.15974   (       2    1568)
        15                  19             0.16112   (     926    1035)
        16                  19             0.16935   (     621    1035)
        17                  19             0.17552   (     932    1265)
        18                  19             0.17552   (     932    1277)
        19                  19             0.17552   (     920     932)
        20                  19             0.18015   (       2    1998)
        21                  19             0.18756   (     967    1265)
        22                  19             0.18756   (     967    1277)
        23                  20             0.08279   (     821     969)
        24                  20             0.08279   (     821     971)
        25                  20             0.08279   (     821     973)
        26                  20             0.08279   (     821     983)
        27                  20             0.08279   (     821     984)
        28                  20             0.09159   (     652     821)
        29                  20             0.09159   (     655     821)
        30                  20             0.09190   (     821     968)
        31                  20             0.09190   (     821     982)
        32                  20             0.12142   (       1    1161)
        33                  20             0.12602   (       1    1080)
        34                  20             0.12602   (      48    1150)
        35                  20             0.13907   (       3    1150)
        36                  20             0.14229   (       2    1898)
        37                  20             0.15705   (       2    1040)
        38                  20             0.15974   (       2    1567)
        39                  20             0.16112   (      52    1009)
        40                  20             0.16116   (     926    1048)
        41                  20             0.16577   (     622    1048)
        42                  20             0.17552   (      53    1096)
        43                  20             0.18015   (       2    1997)
        44                  20             0.18441   (      59    1040)
        45                  20             0.45860   (     967    1435)
        46                  21             0.07869   (     364     821)
        47                  21             0.08279   (     821     981)
        48                  21             0.08279   (     821     975)
        49                  21             0.08537   (     821     972)
        50                  21             0.08537   (     821     985)
        51                  21             0.08537   (     821     986)
        52                  21             0.09190   (     821     974)
        53                  21             0.09469   (     806     975)
        54                  21             0.09469   (     806     980)
        55                  21             0.09469   (     806     977)
        56                  21             0.09469   (     822     975)
        57                  21             0.09469   (     822     978)
        58                  21             0.09469   (     822     981)
        59                  21             0.09469   (     822     974)
        60                  21             0.10436   (     142    1150)
        61                  21             0.12343   (       2    1477)
        62                  21             0.12478   (       5    1314)
        63                  21             0.12888   (       1    1157)
        64                  21             0.12996   (     622    1035)
        65                  21             0.13083   (       1    1155)
        66                  21             0.13083   (       1    1422)
        67                  21             0.13083   (     141    1150)
        68                  21             0.13083   (     137    1150)
        69                  21             0.13083   (       1    1159)
        70                  21             0.13083   (      49    1150)
        71                  21             0.13083   (       8    1150)
        72                  21             0.13121   (       1    1158)
        73                  21             0.14068   (       2    1562)
        74                  21             0.14235   (       2    1157)
        75                  21             0.14403   (     622    1277)
        76                  21             0.14459   (       3    1116)
        77                  21             0.14797   (       2    1512)
        78                  21             0.15327   (     626     821)
        79                  21             0.15327   (     627     821)
        80                  21             0.15977   (       1    1024)
        81                  21             0.16116   (      52    1008)
        82                  21             0.16186   (      50    1516)
        83                  21             0.16216   (       2    1082)
        84                  21             0.16233   (      58    1277)
        85                  21             0.16233   (      58     920)
        86                  21             0.16251   (       2    1080)
        87                  21             0.16251   (       2    1160)
        88                  21             0.16251   (       2    1161)
        89                  21             0.16309   (       3    1035)
        90                  21             0.16550   (       1    1078)
        91                  21             0.16935   (     620    1035)
        92                  21             0.16956   (     964    1035)
        93                  21             0.17949   (      50    1403)
        94                  21             0.18455   (     961    1265)
        95                  21             0.18455   (     961    1277)
        96                  21             0.18455   (     962    1265)
        97                  21             0.18455   (      57    1096)
        98                  21             0.18455   (     962    1277)
        99                  21             0.18455   (     920     962)
       100                  21             0.18455   (     920     961)
