        Rank        RMSE       MaxAE  Feature_ID
           1    4.486894   10.383546  (       1)
           2    4.499075   10.453267  (       2)
           3    4.798836   10.590678  (       3)
           4    4.880780   10.724584  (       4)
           5    5.091503   11.362287  (       5)
           6    5.554928    9.099952  (       6)
           7    5.638208   11.417689  (       7)
           8    5.682435   11.500739  (       8)
           9    5.771951   12.078384  (       9)
          10    5.803690   13.921941  (      10)
          11    5.835072   12.426140  (      11)
          12    5.868092    9.686251  (      12)
          13    5.898510   13.411081  (      13)
          14    5.966616   11.701188  (      14)
          15    5.971155   10.504785  (      15)
          16    5.975232   11.986451  (      16)
          17    6.013478   13.611505  (      17)
          18    6.017521   13.866286  (      18)
          19    6.041568    9.867094  (      19)
          20    6.044015   13.978528  (      20)
          21    6.048385   11.882668  (      21)
          22    6.067037   15.155431  (      22)
          23    6.120511   10.496952  (      23)
          24    6.132109   10.911185  (      24)
          25    6.135635   14.776724  (      25)
          26    6.178207   13.273097  (      26)
          27    6.187533   11.928834  (      27)
          28    6.190641   13.812344  (      28)
          29    6.262637   11.236089  (      29)
          30    6.262967   10.484605  (      30)
          31    6.271596   17.265804  (      31)
          32    6.287528   12.075541  (      32)
          33    6.316985   11.909704  (      33)
          34    6.327932   12.204594  (      34)
          35    6.331045   10.113865  (      35)
          36    6.336866   13.432845  (      36)
          37    6.354852   11.978355  (      37)
          38    6.365348   13.359274  (      38)
          39    6.386935   10.950923  (      39)
          40    6.401999   13.829156  (      40)
          41    6.411477   12.072947  (      41)
          42    6.430323   12.510293  (      42)
          43    6.431980   10.311559  (      43)
          44    6.451890   10.154837  (      44)
          45    6.455794   11.195513  (      45)
          46    6.459952   14.639515  (      46)
          47    6.473201   12.574537  (      47)
          48    6.480666   10.979797  (      48)
          49    6.495233   17.005522  (      49)
          50    6.504476   10.579339  (      50)
          51    6.522780   11.348144  (      51)
          52    6.530278   11.949859  (      52)
          53    6.538194   12.812051  (      53)
          54    6.542150   11.086377  (      54)
          55    6.555917   13.261204  (      55)
          56    6.556036   12.870045  (      56)
          57    6.556719   14.596992  (      57)
          58    6.566290   10.345462  (      58)
          59    6.571321   15.726364  (      59)
          60    6.578193    9.456138  (      60)
          61    6.601652   14.299152  (      61)
          62    6.602757   11.543589  (      62)
          63    6.611932   16.121641  (      63)
          64    6.619234   13.745302  (      64)
          65    6.622716   11.517329  (      65)
          66    6.624347   12.221728  (      66)
          67    6.626275   10.594292  (      67)
          68    6.631141   16.409184  (      68)
          69    6.634247   11.141157  (      69)
          70    6.637128   15.667528  (      70)
          71    6.637994   15.931929  (      71)
          72    6.640892   13.627382  (      72)
          73    6.652064   10.194571  (      73)
          74    6.653569   13.205050  (      74)
          75    6.675186   12.323225  (      75)
          76    6.683938   12.904663  (      76)
          77    6.686721   14.705590  (      77)
          78    6.696893   14.393514  (      78)
          79    6.697350   16.178582  (      79)
          80    6.700729   15.796922  (      80)
          81    6.718405   13.355329  (      81)
          82    6.731320   11.908549  (      82)
          83    6.736756   16.242844  (      83)
          84    6.756062   14.406273  (      84)
          85    6.757458   14.241928  (      85)
          86    6.765468   11.340172  (      86)
          87    6.769423   14.368121  (      87)
          88    6.796560   17.138651  (      88)
          89    6.803843   11.410209  (      89)
          90    6.806873   11.623667  (      90)
          91    6.811813   15.042508  (      91)
          92    6.813929   14.603470  (      92)
          93    6.817884   12.892052  (      93)
          94    6.821668   13.932266  (      94)
          95    6.830948   12.036578  (      95)
          96    6.834095   13.107527  (      96)
          97    6.834985   12.608544  (      97)
          98    6.839474   14.383109  (      98)
          99    6.843506   10.879222  (      99)
         100    6.846736   11.887953  (     100)
