        Rank        RMSE       MaxAE  Feature_ID
           1    7.966043   22.676510  (     285   10154)
           2    8.055940   22.109674  (     474   10154)
           3    8.078797   22.587587  (    1000   10154)
           4    8.089810   20.953432  (      74   10154)
           5    8.116670   20.719386  (     315   10154)
           6    8.122583   22.483859  (     592   10154)
           7    8.145895   20.618592  (     176   10154)
           8    8.173912   21.622738  (    2259   10154)
           9    8.183631   20.598764  (     243   10154)
          10    8.196463   22.147022  (    2770   10154)
          11    8.207927   20.861617  (     215   10154)
          12    8.227941   21.693602  (    1811   10154)
          13    8.242525   21.427459  (    2764   10154)
          14    8.264841   16.127836  (     341   15678)
          15    8.268900   20.430025  (     267   10154)
          16    8.279079   20.569389  (     218   10154)
          17    8.281285   21.965535  (    2706   10154)
          18    8.287021   22.156887  (    2689   10154)
          19    8.287738   21.981610  (    2949   10154)
          20    8.288214   20.576420  (     226   10154)
          21    8.293895   21.686986  (    1630   10154)
          22    8.295836   22.164535  (    2739   10154)
          23    8.299455   22.229222  (    1927   10154)
          24    8.299474   14.508079  (     341   15562)
          25    8.300527   22.365431  (    7966   10229)
          26    8.301059   22.230396  (    2500   10154)
          27    8.301069   21.998639  (    3299   10154)
          28    8.302323   21.694510  (    1655   10154)
          29    8.305204   15.439312  (     341   15601)
          30    8.307434   22.236874  (    1960   10154)
          31    8.307973   21.497793  (    2275   10154)
          32    8.315644   21.522975  (    1917   10154)
          33    8.325225   21.110783  (     677   10154)
          34    8.327653   16.916193  (     341   16195)
          35    8.328837   22.054131  (    2282   10154)
          36    8.333009   21.717574  (    2329   10154)
          37    8.343406   17.596070  (     341   13393)
          38    8.374698   20.441462  (    2456   10154)
          39    8.383797   20.563377  (     874   10154)
          40    8.387890   22.056385  (    2034   10154)
          41    8.393200   31.190634  (    3968   10404)
          42    8.394146   21.327424  (    2379   10154)
          43    8.395788   21.495311  (    2167   10154)
          44    8.395793   22.063965  (    2063   10154)
          45    8.397067   17.320632  (     341   16217)
          46    8.397307   20.069522  (    5008   18343)
          47    8.406120   23.329506  (    2568   10005)
          48    8.406831   30.780594  (    4571   10404)
          49    8.409744   18.135503  (    2232   18343)
          50    8.412971   20.343863  (     347   10154)
          51    8.417725   21.885819  (    2415   10154)
          52    8.423396   17.802316  (     341   14378)
          53    8.429394   20.956195  (     744   10154)
          54    8.431152   21.766550  (       6   10154)
          55    8.438079   21.825389  (    3730   10154)
          56    8.438812   25.283897  (    1417   10616)
          57    8.442234   21.316384  (    1877   10154)
          58    8.445099   17.050951  (     341   18010)
          59    8.455869   21.690276  (    6607   10154)
          60    8.464856   21.363339  (    2348   10154)
          61    8.467813   21.865129  (    2823   10154)
          62    8.476407   21.206963  (    2989   10154)
          63    8.476460   22.885640  (    1643   10154)
          64    8.479732   17.050218  (     341   15217)
          65    8.480921   24.461964  (    9539   12249)
          66    8.492546   21.231671  (    4552   10154)
          67    8.497366   16.112551  (     341   18265)
          68    8.497805   24.062798  (    8376   10154)
          69    8.500528   27.894144  (     610   14972)
          70    8.502689   13.906827  (     341   16192)
          71    8.504053   20.822319  (     312   10154)
          72    8.510245   20.287631  (    4847   12249)
          73    8.511856   22.239507  (     352   10154)
          74    8.513291   23.936454  (    1566   19883)
          75    8.519936   15.831644  (     341   17931)
          76    8.520123   18.903068  (      54   13342)
          77    8.527420   22.371218  (      96   10154)
          78    8.527582   21.763589  (    5678   10154)
          79    8.528106   23.118111  (    1514   10154)
          80    8.529047   24.472348  (    9216   12249)
          81    8.530558   21.825599  (    9750   10154)
          82    8.531529   30.139876  (    3020   10616)
          83    8.531969   30.060041  (    1433   10039)
          84    8.534372   19.959132  (    6988   12249)
          85    8.537142   16.987882  (     341   16634)
          86    8.537908   29.517214  (    2629   10616)
          87    8.538306   31.008875  (    4571   10290)
          88    8.538381   22.574912  (     110   10154)
          89    8.539073   17.477367  (     341   18374)
          90    8.539716   21.893228  (    2503   10154)
          91    8.540755   21.168612  (    2976   10154)
          92    8.545243   17.065001  (     341   18833)
          93    8.545708   17.413501  (     341   15949)
          94    8.546111   22.131995  (    9010   10154)
          95    8.547548   21.900723  (    2559   10154)
          96    8.548389   17.048320  (     341   18979)
          97    8.548476   21.841271  (      68   10154)
          98    8.548499   31.405729  (    3968   10290)
          99    8.551626   17.056114  (     341   16266)
         100    8.552824   24.495812  (    9659   12249)
