Model_ID, [(c_i,i=0,n)_j,j=1,ntask]
           1    0.5607143917E+01    0.2001828306E+02
           2    0.4810738747E+01    0.2139816766E+02
           3    0.5049883200E+01    0.1530402569E+02
           4    0.6084089922E+01   -0.1997172205E+02
           5    0.7632647905E+01    0.2433775806E+02
           6    0.7451518180E+01    0.2463598670E+02
           7    0.5645854112E+01    0.2112553443E+02
           8    0.7569377113E+01    0.2445623492E+02
           9    0.5947625592E+01   -0.1926477260E+02
          10    0.5368091611E+01    0.1634990722E+03
          11    0.5947768416E+01   -0.1929264064E+02
          12    0.5889752489E+01    0.1938106425E+02
          13    0.7290875680E+01    0.2476571422E+02
          14    0.7154662188E+01    0.2483908247E+02
          15    0.6084684979E+01    0.1915612022E+02
          16    0.6355323879E+01    0.1887188192E+02
          17    0.7788113460E+01    0.2403349666E+02
          18    0.6394637843E+01   -0.1881941600E+02
          19    0.7157834011E+01    0.2488296305E+02
          20    0.6040457303E+01   -0.1919348414E+02
          21    0.5956595250E+01   -0.1926942591E+02
          22    0.5513806072E+01   -0.1129631865E+02
          23    0.1340393153E+00   -0.3454561457E+02
          24    0.6139662357E+01    0.1908193397E+02
          25    0.4655070090E+01    0.1243693938E+02
          26    0.5889017439E+01   -0.1930840334E+02
          27    0.7111202130E+01    0.2495956813E+02
          28    0.7256362171E+01    0.2476168575E+02
          29    0.7364923581E+01    0.2461084356E+02
          30    0.4130781274E+01   -0.1323848909E+02
          31    0.1203241148E+01    0.3304307822E+02
          32    0.6253060077E+01   -0.1893664168E+02
          33    0.6206997750E+01   -0.1896704968E+02
          34    0.6432931727E+00    0.3366032553E+02
          35    0.6147440735E+01    0.1906086059E+02
          36    0.7170307986E+01    0.2483439329E+02
          37    0.7454469653E+01    0.2445890921E+02
          38    0.7426439995E+01    0.2447376819E+02
          39    0.5650530391E+01   -0.1946749244E+02
          40   -0.6154055335E+00   -0.1924087435E+02
          41    0.6149558251E+01    0.1908431214E+02
          42    0.7606237340E+01   -0.2524425878E+02
          43    0.7123766041E+01    0.2483707808E+02
          44    0.7235610426E+01    0.2684259647E+02
          45    0.7375709972E+01    0.2456726005E+02
          46   -0.1726841560E+00    0.3493375396E+02
          47    0.6058888230E+01   -0.1909012053E+02
          48    0.7219165406E+01    0.2696728911E+02
          49    0.7440447140E+01    0.2669035173E+02
          50    0.7397938050E+01    0.2669955582E+02
          51    0.5033424109E+01    0.1144863519E+03
          52    0.2741635332E+01   -0.1388692105E+02
          53    0.6578794973E+01    0.1840966781E+02
          54    0.7157968145E+01    0.2709693953E+02
          55    0.7381546329E+01    0.2460227186E+02
          56    0.4755357758E+01   -0.9306038778E+01
          57    0.6246873534E+01    0.1966883624E+02
          58    0.4838578135E+01    0.2324159819E+02
          59    0.5559956684E+01   -0.1917912689E+02
          60    0.4243819882E+01    0.1335965749E+02
          61    0.2049934705E+01    0.1596849485E+02
          62    0.5299362047E+01    0.1553491890E+02
          63    0.7325918404E+01    0.2682364662E+02
          64    0.5722440902E+01   -0.1945741203E+02
          65    0.5218259072E+01    0.2278355362E+02
          66    0.7444617825E+01    0.2664068615E+02
          67    0.4808754342E+01    0.2327151746E+02
          68    0.7480656707E+01    0.2657524952E+02
          69    0.2615606638E+02    0.3671492774E+02
          70    0.3319596807E+01    0.1440379202E+02
          71    0.5014079405E+01    0.2301279108E+02
          72    0.1484175825E+01    0.3233666245E+02
          73    0.7233668418E+01    0.2690615957E+02
          74    0.4683651852E+01    0.2336673594E+02
          75    0.7779517301E+01    0.2602205008E+02
          76    0.7687310227E+01   -0.2746946332E+02
          77    0.7213674691E+01    0.2691067227E+02
          78    0.5133741807E+01    0.2255844286E+02
          79    0.2642717978E+02    0.3695732692E+02
          80    0.5123103242E+01    0.2193000598E+02
          81    0.3215495551E+01    0.7677113606E+01
          82    0.5352754417E+01    0.2649792699E+02
          83    0.7522123432E+01    0.2643729982E+02
          84    0.1125786316E+02    0.1463501913E+02
          85    0.1312001263E+02    0.1344672746E+02
          86    0.2343419747E+01   -0.1558856217E+02
          87    0.5246913305E+01    0.2268187158E+02
          88    0.2383244387E+01   -0.7687124863E+01
          89    0.7311611928E+01    0.2445539941E+02
          90    0.7457092093E+01    0.2658606506E+02
          91    0.3240704998E+01    0.1151630788E+02
          92    0.6675721280E+01   -0.1833246355E+02
          93    0.7246305196E+01    0.2682623506E+02
          94    0.1918696377E+01    0.7846677053E+01
          95    0.5290089618E+01   -0.2340013080E+02
          96    0.7444393016E+01    0.2669875879E+02
          97    0.2145046839E+01   -0.1548265249E+02
          98    0.1656894476E+02   -0.1016886459E+02
          99    0.2260841594E+01   -0.7718317520E+01
         100    0.2515343749E+01    0.1526567184E+02
