Materials	feature1	feature2	feature3	feature4	feature5	feature6	feature7	feature8	feature9	feature10	feature11	feature12	feature13	feature14	feature15	feature16	feature17	feature18	feature19	feature20	feature21	feature22	feature23	feature24	feature25	feature26	feature27
sample1_group1	0.0000	0.0000	0.0000	0.0000	0.0000	0.0000	0.0000	0.0000	0.0000	0.0000	0.0000	0.0000	0.0000	0.0000	0.0000	0.0000	0.0000	0.0000	0.0000	0.0000	0.0000	0.0000	0.0000	1.0000	1.0000	0.9964	1.0000
sample2_group1	0.0000	0.0000	0.0000	0.0000	0.0000	0.0000	0.0000	0.0000	0.0000	0.0000	0.0000	0.0000	0.0000	0.0000	0.0000	0.0000	0.0000	0.2414	0.0000	0.0000	0.1777	0.0000	0.4991	0.9425	0.5608	0.9584	1.0000
sample3_group1	0.0000	0.0000	0.0000	0.0000	0.0000	0.0000	0.0000	0.0000	0.0000	0.0000	0.0000	0.0000	0.0000	0.0000	0.0000	0.0000	0.0000	0.7816	0.0000	0.7326	0.3805	0.0000	0.6772	0.1967	0.3635	0.4029	0.4762
sample4_group1	0.0000	0.0000	0.0000	0.0000	0.0000	1.0000	0.0000	0.0000	0.0000	0.0000	0.0000	0.0000	0.0000	0.0000	0.0000	0.0000	0.0000	0.1207	0.0141	0.4535	0.2280	0.0000	0.0963	0.9682	0.9178	1.0000	0.9998
sample5_group1	0.0000	0.0000	0.0000	0.0000	0.0000	0.0000	0.0000	1.0000	0.0000	0.0000	0.0000	0.0000	0.0000	0.0000	0.0000	0.0000	0.0000	0.4885	0.0046	0.3372	1.0000	0.0000	0.6513	0.9036	0.6514	0.9704	0.9999
sample6_group1	0.0000	0.0000	0.0000	0.0000	0.0000	0.0000	0.0000	0.0000	1.0000	0.0000	0.0000	0.0000	0.0000	0.0000	0.0000	0.0000	0.0000	0.7356	0.0022	0.4535	0.4058	0.0000	0.5735	0.6513	0.5382	0.9010	0.5369
sample7_group1	0.0000	0.0000	0.0000	0.0000	0.0000	0.0000	0.0000	0.0000	0.0000	0.0000	0.0000	0.0000	0.0000	0.0000	0.0000	0.0000	0.0000	0.1897	0.3083	0.7326	0.0949	0.3807	0.1787	0.7253	0.7336	0.7949	0.0944
sample8_group1	0.0000	0.0000	0.0000	0.0000	0.0000	0.0000	0.0000	0.0000	0.0000	0.0000	0.0000	0.0000	0.0000	0.0000	0.0000	0.0000	0.0000	0.5575	0.2167	0.7326	0.2851	0.3807	0.5157	0.1806	0.5650	0.4899	0.2820
sample9_group1	0.0000	0.0000	0.0000	0.0000	0.0000	0.0000	0.0000	0.0000	0.0000	0.0000	0.0000	0.0000	0.0000	0.0000	0.0000	0.0000	0.0000	0.4080	0.9796	0.0000	0.2217	0.1777	0.6210	0.9098	0.3253	0.9469	0.5620
sample10_group1	0.0000	0.0000	0.0000	0.0000	0.0000	0.0000	0.0000	0.0000	0.0000	0.0000	0.0000	0.0000	0.0000	0.0000	0.0000	0.0000	0.0000	0.3851	1.0000	0.7326	0.2280	0.2030	0.5612	0.7075	0.4522	0.7545	0.5742
sample11_group1	0.0000	0.0000	0.0000	0.0000	0.0000	0.0000	0.0000	0.0000	0.0000	0.0000	0.0000	0.0000	0.0000	0.0000	0.0000	0.0000	0.0000	0.3851	0.3357	0.7326	0.2724	0.3807	0.5588	0.1051	0.8326	0.1528	0.4244
sample12_group1	0.0000	0.0000	0.0000	0.0000	0.3333	0.0000	0.0000	0.0000	0.0000	0.0000	0.0000	0.0000	0.0000	0.0000	0.0000	0.0000	0.0000	0.3621	0.3291	0.6395	0.2762	0.3934	0.5295	0.7416	0.5008	0.8845	0.4564
sample13_group1	0.0000	0.0000	0.0000	0.0000	1.0000	0.0000	0.0000	0.0000	0.0000	0.0000	0.0000	0.0000	0.0000	0.0000	0.0000	0.0000	0.0000	0.6034	0.2549	0.6395	0.4727	0.3934	0.5993	0.7952	0.4939	0.8792	0.5005
sample14_group1	0.0000	0.0000	0.0000	0.0000	0.0000	0.0000	0.3333	0.0000	0.0000	0.0000	0.0000	0.0000	0.0000	0.0000	0.0000	0.0000	0.0000	0.2989	0.2325	0.3605	0.2420	0.2589	0.4788	0.8432	0.6468	0.9012	0.6486
sample15_group1	0.0000	0.0000	0.0000	0.0000	0.0000	0.0000	0.6667	0.0000	0.0000	0.0000	0.0000	0.0000	0.0000	0.0000	0.0000	0.0000	0.0000	0.3391	0.2190	0.3605	0.3066	0.2995	0.4778	0.8468	0.6613	0.8987	0.4424
sample16_group1	0.0000	0.0000	0.0000	0.0000	0.0000	0.0000	1.0000	0.0000	0.0000	0.0000	0.0000	0.0000	0.0000	0.0000	0.0000	0.0000	0.0000	0.3563	0.1691	0.3605	0.3713	0.2589	0.4593	0.8784	0.6923	0.9592	0.4125
sample17_group1	0.0000	0.0000	0.0000	0.0000	0.0000	0.0000	0.0000	0.0000	0.0000	0.2500	0.0000	0.0000	0.0000	0.0000	0.0000	0.0000	0.0000	0.4368	0.4680	0.3605	0.2863	0.4365	0.5885	0.8098	0.4610	0.8918	0.3630
sample18_group1	0.0000	0.0000	0.0000	0.0000	0.0000	0.0000	0.0000	0.0000	0.0000	0.5000	0.0000	0.0000	0.0000	0.0000	0.0000	0.0000	0.0000	0.6207	0.4911	0.3605	0.3966	0.5051	0.7117	0.8193	0.4759	0.8909	0.2019
sample19_group1	0.0000	0.0000	0.0000	0.0000	0.0000	0.0000	0.0000	0.0000	0.0000	0.7500	0.0000	0.0000	0.0000	0.0000	0.0000	0.0000	0.0000	0.8046	0.2705	0.3605	0.5056	0.4365	0.8045	0.8137	0.4297	0.8918	0.1923
sample20_group1	0.0000	0.0000	0.0000	0.0000	0.0000	0.0000	0.0000	0.0000	0.0000	0.0000	0.0000	1.0000	0.0000	0.0000	0.0000	0.0000	0.0000	0.2989	0.2178	0.4070	0.2344	0.2284	0.5344	0.8617	0.6197	0.8765	0.6407
sample21_group1	1.0000	0.0000	0.0000	0.0000	0.0000	0.0000	0.0000	0.0000	0.0000	0.0000	0.0000	0.0000	0.0000	0.0000	0.0000	0.0000	0.0000	0.7874	0.1450	0.7326	0.4372	0.2284	0.6994	0.1220	0.3116	0.3419	0.4803
sample22_group1	0.0000	1.0000	0.0000	0.0000	0.0000	0.0000	0.0000	0.0000	0.0000	0.0000	0.0000	0.0000	0.0000	0.0000	0.0000	0.0000	0.0000	0.7874	0.2489	0.7326	0.4892	0.4365	0.7987	0.0463	0.4129	0.3809	0.5573
sample23_group1	0.0000	0.0000	0.0000	0.0000	0.0000	0.0000	0.0000	0.0000	0.0000	0.0000	0.0000	0.0000	0.0000	0.0000	0.0000	0.0000	0.0000	0.7874	0.2464	0.7326	0.4245	0.1777	0.6971	0.0000	0.3249	0.4491	0.7536
sample24_group1	0.0000	0.0000	1.0000	0.0000	0.0000	0.0000	0.0000	0.0000	0.0000	0.0000	0.0000	0.0000	0.0000	0.0000	0.0000	0.0000	0.0000	0.6264	0.1566	1.0000	0.3332	0.1904	0.5960	0.2647	0.0466	0.0000	0.2591
sample25_group1	0.0000	0.0000	0.0000	0.5000	0.0000	0.0000	0.0000	0.0000	0.0000	0.0000	0.0000	0.0000	0.0000	0.0000	0.0000	0.0000	0.0000	0.7931	0.0087	1.0000	0.3776	0.0127	0.7197	0.1419	0.3788	0.4308	0.2326
sample26_group1	0.0000	0.0000	0.0000	1.0000	0.0000	0.0000	0.0000	0.0000	0.0000	0.0000	0.0000	0.0000	0.0000	0.0000	0.0000	0.0000	0.0000	0.8103	0.0059	1.0000	0.3738	0.0152	0.7433	0.3782	0.0000	0.6034	0.3840
sample27_group1	0.0000	0.0000	0.0000	0.0000	0.3333	0.0000	0.0000	0.0000	0.0000	0.0000	0.0000	0.0000	0.0000	0.0000	0.0000	0.0000	0.0000	0.7701	0.2027	0.7326	0.4283	0.1904	0.6603	0.5504	0.4083	0.6342	0.5640
sample28_group1	0.0000	0.0000	0.0000	0.0000	0.0000	0.0000	0.0000	0.0000	0.5000	0.0000	0.0000	0.0000	0.0000	0.0000	0.0000	0.0000	0.0000	0.7586	0.0227	0.7326	0.3928	0.0279	0.6282	0.3458	0.2324	0.6705	0.7343
sample29_group1	0.0000	0.0000	0.0000	0.0000	0.0000	0.0000	0.0000	0.2500	0.0000	0.0000	0.0000	0.0000	0.0000	0.0000	0.0000	0.0000	0.0000	0.3161	0.5163	0.3372	0.3840	0.8223	0.5307	0.8761	0.6021	0.9289	0.4304
sample30_group1	0.0000	0.0000	0.0000	0.0000	0.6667	0.0000	0.0000	0.0000	0.0000	0.0000	0.0000	0.0000	0.0000	0.0000	0.0000	0.0000	0.0000	0.7471	0.0945	0.7326	0.4752	0.2208	0.6533	0.7992	0.4457	0.8738	0.6862
sample31_group1	0.0000	0.0000	0.0000	0.0000	0.0000	0.0000	0.0000	0.0000	0.0000	0.0000	0.0000	0.0000	0.0000	0.0000	0.0000	0.0000	0.0000	0.3966	0.3589	0.7326	0.2280	0.4112	0.4343	0.4288	0.8701	0.1776	0.0000
sample32_group1	0.0000	0.0000	0.0000	0.0000	0.0000	0.0000	0.0000	0.0000	0.0000	0.0000	0.0000	0.0000	0.0000	0.0000	0.0000	1.0000	0.0000	0.5747	0.2721	0.0000	0.3561	0.5025	0.9518	0.8623	0.0096	0.9290	0.4783
sample33_group1	0.0000	0.0000	0.0000	0.0000	0.0000	0.0000	0.0000	0.0000	0.0000	0.0000	0.0000	0.0000	0.0000	0.0000	0.0000	0.0000	0.0000	0.6494	0.2540	0.7326	0.3738	0.3122	0.6369	0.1494	0.1101	0.0138	0.7114
sample34_group1	0.0000	0.0000	1.0000	0.0000	0.0000	0.0000	0.0000	0.0000	0.0000	0.0000	0.0000	0.0000	0.0000	0.0000	0.0000	0.0000	0.0000	0.5000	0.2758	1.0000	0.2825	0.2284	0.5571	0.3112	0.1288	0.1651	0.3572
sample35_group1	0.0000	0.0000	0.0000	0.0000	0.3333	0.0000	0.0000	0.0000	0.0000	0.0000	0.0000	0.0000	0.0000	0.0000	0.0000	0.0000	0.0000	0.5000	0.3252	0.7326	0.3269	0.3782	0.5793	0.4400	0.5218	0.6258	0.3650
sample36_group1	0.0000	0.0000	1.0000	0.5000	0.0000	0.0000	0.0000	0.0000	0.0000	0.0000	0.0000	0.0000	0.0000	0.0000	0.0000	0.0000	0.0000	0.3908	0.2256	1.0000	0.2280	0.1878	0.5388	0.6464	0.3112	0.7405	0.5488
sample1_group2	0.0000	0.0000	0.0000	0.0000	0.0000	0.0000	0.0000	0.0000	0.0000	0.0000	0.0000	0.0000	0.0000	0.0000	0.0000	0.0000	0.0000	0.8678	0.0052	0.0000	0.3556	0.0000	0.9755	0.8642	0.0268	0.9300	0.2412
sample2_group2	0.0000	0.0000	0.0000	0.0000	0.0000	0.0000	0.0000	0.0000	0.0000	1.0000	0.0000	0.0000	0.0000	0.0000	0.0000	0.0000	0.0000	0.9885	0.0104	0.3605	0.6144	0.0000	0.9244	0.8467	0.5345	0.8830	0.7074
sample3_group2	0.0000	0.0000	0.0000	0.0000	0.0000	0.0000	0.0000	0.0000	0.0000	0.0000	0.0000	0.0000	0.0000	0.0000	0.0000	0.0000	0.0000	0.0920	0.3028	0.0000	0.0886	0.2056	0.2628	0.9476	0.6119	0.9668	0.1139
sample4_group2	0.0000	0.0000	0.0000	0.0000	0.0000	0.0000	0.0000	0.0000	0.0000	0.0000	0.0000	0.0000	0.0000	0.0000	0.0000	0.0000	0.0000	0.1552	0.6786	0.0000	0.0886	0.3553	0.2628	0.9476	0.6119	0.9668	0.1139
sample5_group2	0.0000	0.0000	0.0000	0.0000	0.0000	0.0000	0.0000	0.0000	0.0000	0.0000	0.0000	0.0000	0.0000	0.0000	0.0000	0.0000	0.0000	0.3908	0.1671	0.0000	0.1773	0.4112	0.5061	0.8819	0.1071	0.9348	0.0290
sample6_group2	0.0000	0.0000	0.0000	0.0000	0.0000	0.0000	0.0000	0.0000	0.0000	0.0000	0.0000	0.0000	0.0000	0.0000	0.0000	0.0000	0.0000	0.3621	0.5273	0.7326	0.1900	0.4396	0.3476	0.3470	0.4317	0.4267	0.0825
sample7_group2	0.0000	0.0000	0.0000	0.0000	0.0000	0.0000	0.0000	0.0000	0.0000	0.0000	0.0000	0.0000	0.0000	1.0000	0.0000	0.0000	0.0000	0.3908	0.3498	0.7326	0.2725	0.3815	0.6585	0.7037	0.5022	0.7865	0.4225
sample8_group2	0.0000	0.0000	0.0000	0.0000	0.0000	0.0000	0.0000	0.0000	0.0000	0.0000	0.0000	0.0000	0.0000	0.0000	0.0000	0.0000	0.0000	0.7989	0.0209	0.7326	0.3681	0.0279	0.8219	0.4575	0.1036	0.4746	0.3847
sample9_group2	0.0000	0.0000	0.0000	0.0000	0.0000	0.0000	0.0000	0.0000	0.0000	0.7500	0.0000	0.0000	0.0000	0.0000	0.0000	0.0000	0.0000	0.8908	0.1096	0.7326	0.6005	0.0571	0.8756	0.3929	0.7729	0.1285	0.2054
sample10_group2	0.0000	0.0000	0.0000	0.0000	0.0000	0.0000	0.0000	0.0000	0.0000	0.0000	0.3333	0.0000	0.0000	0.0000	0.0000	0.0000	0.0000	0.4598	0.7987	0.3372	0.4283	1.0000	0.6601	0.8437	0.4040	0.9136	0.2339
sample11_group2	0.0000	0.0000	0.0000	0.0000	0.0000	0.0000	1.0000	0.0000	0.0000	0.0000	0.0000	0.0000	0.0000	0.0000	0.0000	0.0000	0.0000	0.4943	0.0783	0.7326	0.4220	0.0558	0.5108	0.7414	0.6962	0.7668	0.6340
sample12_group2	0.0000	0.0000	0.0000	0.0000	0.0000	0.0000	0.0000	0.0000	0.0000	0.0000	0.0000	0.0000	0.0000	0.0000	0.0000	0.0000	0.0000	0.5632	0.2662	0.0000	0.2661	0.2056	0.7381	0.8890	0.2026	0.9397	0.4001
sample13_group2	0.0000	0.0000	0.0000	0.0000	0.0000	0.0000	0.0000	0.0000	0.0000	0.0000	0.0000	0.0000	0.0000	0.0000	0.0000	0.0000	0.0000	0.7126	0.1566	0.0000	0.3117	0.1777	0.8598	0.8772	0.1087	0.9313	0.2945
sample14_group2	0.0000	0.0000	0.0000	0.0000	0.0000	0.0000	0.0000	0.0000	0.0000	0.0000	0.0000	0.0000	0.0000	0.0000	0.0000	0.0000	0.0000	0.5115	0.2819	0.7326	0.3675	0.4391	0.6113	0.4671	0.2893	0.3468	0.5316
sample15_group2	0.0000	0.0000	0.0000	0.5000	0.0000	0.0000	0.0000	0.0000	0.0000	0.0000	0.0000	0.0000	0.0000	0.0000	0.0000	0.0000	0.0000	0.2989	0.2297	1.0000	0.2255	0.4772	0.5755	0.8228	0.5668	0.8883	0.5709
sample16_group2	0.0000	0.0000	0.0000	0.0000	0.0000	0.0000	0.0000	0.0000	0.0000	0.0000	0.0000	0.0000	0.0000	0.0000	1.0000	0.0000	0.0000	0.3851	0.3341	0.9651	0.2699	0.3680	0.5876	0.5269	0.8069	0.5434	0.4178
sample17_group2	0.0000	0.0000	0.0000	0.0000	0.0000	0.0000	0.0000	0.0000	0.0000	0.0000	1.0000	0.0000	0.0000	0.0000	0.0000	0.0000	0.0000	1.0000	0.2871	0.7326	0.9785	0.7970	1.0000	0.7814	0.3244	0.8943	0.2201
sample18_group2	0.0000	0.0000	0.0000	0.0000	0.0000	0.0000	0.0000	0.0000	0.0000	0.0000	0.3333	0.0000	0.0000	0.0000	0.0000	0.0000	0.0000	0.8621	0.5012	0.7326	0.5792	0.7995	0.7820	0.5854	0.3177	0.5049	0.2332
sample19_group2	0.0000	0.0000	0.0000	0.0000	0.0000	0.0000	0.0000	0.0000	0.0000	0.0000	0.0000	0.0000	0.0000	0.0000	0.0000	0.0000	0.0000	0.2586	0.5638	0.7326	0.1839	0.5266	0.3177	0.4284	0.8745	0.1763	0.0067
sample20_group2	0.0000	0.0000	1.0000	0.0000	0.0000	0.0000	0.0000	0.0000	0.0000	0.0000	0.0000	0.0000	0.0000	0.0000	0.0000	0.0000	0.0000	0.4368	0.3915	1.0000	0.2375	0.2198	0.4279	0.4496	0.3178	0.3226	0.3980
sample21_group2	0.0000	0.0000	0.0000	0.0000	0.0000	0.0000	0.0000	0.0000	0.0000	0.0000	0.0000	0.0000	0.0000	0.0000	0.0000	0.0000	0.0000	0.5402	0.3393	0.7326	0.3172	0.2066	0.6875	0.4128	0.8043	0.1490	0.6127
sample22_group2	0.0000	0.0000	0.0000	0.0000	0.0000	0.0000	0.0000	0.0000	0.0000	0.0000	0.0000	0.0000	0.0000	0.0000	0.0000	0.0000	0.0000	0.3161	0.3132	0.7326	0.1839	0.3112	0.4297	0.7110	0.4696	0.7742	0.0832
sample23_group2	0.0000	0.0000	0.0000	0.5000	0.0000	0.0000	0.0000	0.0000	0.0000	0.0000	0.0000	0.0000	0.0000	0.0000	0.0000	0.0000	0.0000	0.3276	0.3080	1.0000	0.1809	0.3010	0.4643	0.8158	0.6009	0.8801	0.0830
sample24_group2	0.0000	0.0000	0.0000	0.0000	0.0000	0.0000	0.0000	0.0000	0.0000	0.0000	0.0000	0.0000	0.0000	0.0000	0.0000	0.0000	0.0000	0.6724	0.1462	0.7326	0.3231	0.0279	0.7061	0.4376	0.0807	0.4277	0.5270
sample25_group2	0.0000	0.0000	1.0000	0.0000	0.0000	0.0000	0.0000	0.0000	0.0000	0.0000	0.0000	0.0000	0.0000	0.0000	0.0000	0.0000	0.0000	0.3793	0.2245	1.0000	0.2315	0.1980	0.5023	0.5817	0.3403	0.4557	0.5603
sample26_group2	0.0000	0.0000	0.0000	0.0000	0.0000	0.0000	0.0000	0.0000	0.0000	0.0000	0.3333	0.0000	0.0000	0.0000	0.0000	0.0000	0.0000	0.5920	0.7308	0.7326	0.4778	0.9518	0.7096	0.6161	0.3147	0.6817	0.1626
sample27_group2	0.0000	0.0000	0.0000	0.0000	0.0000	0.0000	0.0000	0.0000	0.0000	0.0000	0.0000	0.0000	1.0000	0.0000	0.0000	0.0000	0.0000	0.3678	0.2193	0.7326	0.2344	0.1954	0.4834	0.4358	0.2708	0.1967	0.5327
sample28_group2	0.0000	0.0000	1.0000	0.0000	0.0000	0.0000	0.0000	0.0000	0.0000	0.0000	0.0000	0.0000	0.0000	0.0000	0.0000	0.0000	0.0000	0.5115	0.1671	1.0000	0.3269	0.1832	0.6720	0.3658	0.1032	0.1747	0.4041
sample29_group2	0.0000	0.0000	1.0000	0.0000	0.0000	0.0000	0.0000	0.0000	0.0000	0.0000	0.0000	0.0000	0.0000	0.0000	0.0000	0.0000	0.0000	0.3103	0.3080	1.0000	0.1875	0.3122	0.3853	0.6138	0.3896	0.3305	0.0724
sample30_group2	0.0000	0.0000	0.0000	0.0000	0.0000	0.0000	0.0000	0.0000	0.0000	0.0000	0.0000	0.0000	1.0000	0.0000	0.0000	0.0000	0.0000	0.2989	0.3080	0.7326	0.1900	0.3122	0.3520	0.5076	0.4474	0.3703	0.0696
