        Rank        RMSE       MaxAE  Feature_ID
           1    2.870550    7.394102  (    4916   12584)
           2    2.875482    7.398499  (    4916   11135)
           3    2.911637    9.517434  (     341   10086)
           4    2.912614    7.321334  (    4916   15922)
           5    2.961775    6.811998  (       3   10001)
           6    2.967318    9.699066  (      41   10086)
           7    2.982271    7.305423  (    4916   16444)
           8    2.985737    6.743579  (       5   10001)
           9    2.986959    6.804782  (       1   10001)
          10    2.996101    6.961047  (       3   10008)
          11    2.997085    7.309173  (    4916   14793)
          12    3.000727    6.964011  (       3   10014)
          13    3.001191    7.748605  (       3   10032)
          14    3.001423    7.757110  (       3   10031)
          15    3.001894    7.070645  (       1   10008)
          16    3.004507    6.700092  (       1   10023)
          17    3.004534    7.784039  (       5   10032)
          18    3.004877    7.792653  (       5   10031)
          19    3.006264    7.073450  (       1   10014)
          20    3.006374    7.778670  (       3   10036)
          21    3.008035    6.894493  (       3   10023)
          22    3.008335    6.685515  (       1   10026)
          23    3.008831    8.638452  (    1386   10086)
          24    3.010459    7.831447  (       3   10041)
          25    3.010506    7.814468  (       5   10036)
          26    3.012092    6.894177  (       3   10026)
          27    3.015062    8.855210  (      52   10086)
          28    3.015328    7.867894  (       5   10041)
          29    3.015972    6.783563  (       5   10023)
          30    3.017116    8.330569  (     244   17666)
          31    3.017123    7.812805  (       1   10007)
          32    3.019561    8.497760  (    4268   15922)
          33    3.019823    6.783572  (       5   10026)
          34    3.021157    7.036563  (       3   10003)
          35    3.021745    7.042271  (       3   10004)
          36    3.022321    8.771035  (     258   10086)
          37    3.027606    7.188379  (       3   10010)
          38    3.029282    8.600225  (     258   17666)
          39    3.030215    6.826779  (       5   11135)
          40    3.031246    6.815337  (       3   11135)
          41    3.031479    7.791551  (    4916   11470)
          42    3.031616    7.067780  (       3   10033)
          43    3.032409    7.075706  (       3   10039)
          44    3.032705    7.193147  (       3   10015)
          45    3.033120    6.798087  (       6   10001)
          46    3.034768    7.070115  (       3   10045)
          47    3.035382    7.078263  (       3   10049)
          48    3.035534    7.067487  (       1   10084)
          49    3.036235    6.834360  (       8   10001)
          50    3.036850    7.242321  (       3   10002)
          51    3.037728    7.079121  (       1   10103)
          52    3.038707    6.918761  (       1   10033)
          53    3.039294    7.037762  (       1   10003)
          54    3.039535    6.926209  (       1   10039)
          55    3.039706    7.783943  (    4916   11365)
          56    3.039720    7.001240  (       5   10003)
          57    3.039740    7.007524  (       1   10004)
          58    3.039863    6.970231  (       5   10004)
          59    3.039868    7.093247  (       3   10011)
          60    3.039875    7.052071  (       3   10027)
          61    3.040482    7.217647  (       3   10005)
          62    3.041616    6.928975  (       1   10045)
          63    3.042270    6.936883  (       1   10049)
          64    3.043596    7.152643  (       1   10011)
          65    3.043725    6.950815  (       3   10084)
          66    3.044026    7.181702  (       3   10034)
          67    3.044224    7.051073  (       3   10035)
          68    3.044645    7.697977  (    4916   12451)
          69    3.044709    7.051365  (       3   10037)
          70    3.044908    6.820131  (      46   15143)
          71    3.045552    7.082374  (       3   10016)
          72    3.046152    6.962763  (       3   10103)
          73    3.046278    7.124500  (       3   10038)
          74    3.046315    8.530944  (     244   10086)
          75    3.048800    7.181294  (       3   10046)
          76    3.048841    6.785841  (       6   10023)
          77    3.048999    7.141892  (       1   10016)
          78    3.049666    8.234645  (    4916   13027)
          79    3.050202    6.826196  (      46   15382)
          80    3.050322    7.086857  (       1   10144)
          81    3.050520    7.692661  (    4916   12281)
          82    3.050659    7.545831  (       3   10006)
          83    3.051027    7.167028  (      31   10314)
          84    3.051033    7.124004  (       3   10048)
          85    3.051421    6.928957  (       3   11276)
          86    3.051752    7.100606  (       1   10151)
          87    3.052384    7.175845  (       1   10010)
          88    3.052688    6.785774  (       6   10026)
          89    3.052792    7.083634  (       3   10085)
          90    3.052845    7.074657  (       3   10080)
          91    3.052847    6.948078  (       5   10033)
          92    3.053089    7.302516  (       1   10002)
          93    3.053479    6.956385  (       5   10039)
          94    3.054021    8.396190  (     308   17666)
          95    3.054207    7.774877  (       6   10032)
          96    3.054348    7.882768  (      46   13370)
          97    3.054376    6.935307  (       5   10027)
          98    3.054443    7.058410  (       3   10047)
          99    3.054455    7.783385  (       6   10031)
         100    3.054608    7.828643  (      46   13498)
