        Rank        RMSE       MaxAE  Feature_ID
           1   21.146330   61.933442  (     494   10333)
           2   21.435242   63.057180  (     494   10455)
           3   21.617993   63.644359  (     494   10605)
           4   21.779700   70.259960  (     850   13775)
           5   22.745123   63.606065  (     850   14652)
           6   22.817421   59.471457  (    8304   11591)
           7   22.821148   67.714315  (     850   14741)
           8   22.995564   58.996956  (    8304   10593)
           9   23.018426   62.890055  (     494   10065)
          10   23.020959   62.960840  (     494   10068)
          11   23.116655   60.049703  (     494   17401)
          12   23.119144   47.770533  (     494   10129)
          13   23.122840   44.287475  (    6395   13775)
          14   23.186548   62.501612  (     850   14642)
          15   23.213754   58.773603  (    8304   13338)
          16   23.300553   59.531861  (    1085   11591)
          17   23.317908   59.651790  (    8304   10830)
          18   23.371065   54.386114  (       7   10605)
          19   23.372529   59.680751  (     494   10728)
          20   23.373401   59.718805  (     494   10734)
          21   23.375714   59.643320  (     494   10722)
          22   23.398642   59.433295  (    1085   10333)
          23   23.415960   54.511621  (       7   10455)
          24   23.448620   64.624043  (     494   10187)
          25   23.451680   58.431389  (    8304   11955)
          26   23.459299   58.487790  (     494   17515)
          27   23.463992   63.185159  (    1085   11319)
          28   23.473896   60.035526  (     494   11545)
          29   23.474955   60.073253  (     494   11570)
          30   23.476840   59.998331  (     494   11532)
          31   23.481318   54.424735  (    1085   16940)
          32   23.491440   62.077177  (     494   10801)
          33   23.504327   60.228837  (    1085   10955)
          34   23.505871   60.030712  (     494   11390)
          35   23.512300   57.000024  (    1085   11678)
          36   23.521101   55.535287  (    1085   15644)
          37   23.541040   59.379063  (     494   10523)
          38   23.546759   49.364525  (    6395   14652)
          39   23.581125   48.018244  (    9187   13775)
          40   23.590349   62.719493  (     494   10546)
          41   23.606845   52.534520  (      22   13775)
          42   23.607054   60.380561  (     494   13203)
          43   23.638746   59.731975  (     494   11014)
          44   23.641725   63.165676  (    1085   13715)
          45   23.646767   53.526272  (    9911   12700)
          46   23.654290   59.165032  (     494   13060)
          47   23.656875   55.592434  (    3944   13128)
          48   23.660640   60.812577  (     494   10992)
          49   23.661137   60.848386  (     494   11000)
          50   23.663816   60.777088  (     494   10988)
          51   23.666399   57.596472  (    7187   11407)
          52   23.674570   70.767189  (    1085   10778)
          53   23.690215   55.586324  (    3944   13723)
          54   23.700269   60.501651  (    1085   10455)
          55   23.701554   64.513250  (    1085   11321)
          56   23.702729   68.493450  (       6   10017)
          57   23.703348   60.666172  (     494   12398)
          58   23.704183   60.702569  (     494   12417)
          59   23.706278   60.630136  (     494   12378)
          60   23.761434   68.616063  (       6   10022)
          61   23.762548   45.648712  (    1085   10129)
          62   23.764878   64.715794  (    1085   10107)
          63   23.767010   65.679962  (    1085   10120)
          64   23.780734   61.136244  (     494   11938)
          65   23.785477   58.749993  (    1085   10315)
          66   23.790207   43.824154  (    9133   13775)
          67   23.791467   61.455149  (    1085   13117)
          68   23.794943   52.494250  (    3267   13818)
          69   23.808921   68.638743  (       6   10030)
          70   23.810162   70.360581  (     494   10778)
          71   23.814180   60.514254  (     494   10705)
          72   23.819588   64.624098  (    1085   16219)
          73   23.828305   60.995868  (     494   14991)
          74   23.854370   44.002736  (    6826   13775)
          75   23.858719   60.365118  (     494   11585)
          76   23.862794   69.934252  (     198   14652)
          77   23.863969   63.511502  (     494   11319)
          78   23.866013   65.413708  (     494   10120)
          79   23.887121   61.057568  (    1085   10605)
          80   23.889530   79.079769  (       1   10001)
          81   23.890345   56.288029  (    7187   11608)
          82   23.901209   59.090280  (    1085   10593)
          83   23.920420   62.233855  (     494   10285)
          84   23.967890   57.355938  (    1085   17402)
          85   23.974563   59.086689  (     494   16028)
          86   23.987092   61.398643  (     494   12672)
          87   23.995782   57.507742  (       2   16490)
          88   24.001720   56.812768  (    8440   12581)
          89   24.005465   61.314502  (     494   12627)
          90   24.021100   62.867875  (    3267   13358)
          91   24.028075   71.283587  (    1085   11314)
          92   24.031131   66.805247  (    1085   11967)
          93   24.042960   58.709126  (    1085   10167)
          94   24.046881   48.511934  (    2124   13775)
          95   24.051749   59.930190  (    8466   11407)
          96   24.057924   57.715073  (    1085   18339)
          97   24.088871   67.117467  (    2782   10001)
          98   24.091651   70.187793  (       6   10303)
          99   24.091708   65.925688  (     494   13265)
         100   24.094495   59.781512  (    3267   10532)
