Model_ID, [(c_i,i=0,n)_j,j=1,ntask]
           1    0.8243429853E+02   -0.1763162285E+02   -0.2588040508E+02
           2    0.8317457928E+02    0.3552967569E+02    0.3724364020E+03
           3    0.7010000720E+02    0.3429850171E+02    0.5787475157E+02
           4    0.8500498160E+02    0.8750727773E+02   -0.2435204988E+03
           5    0.8462738482E+02    0.8125952309E+02   -0.3376189499E+02
           6    0.7004907473E+02    0.3458055598E+02    0.5700125551E+02
           7    0.8241557940E+02    0.3496041944E+02   -0.2006378805E+03
           8    0.8248113374E+02    0.3520092284E+02   -0.1960696935E+03
           9    0.8252877638E+02    0.3444511174E+02   -0.2082547002E+03
          10    0.8189812914E+02    0.3421023544E+02    0.2049285681E+03
          11    0.8223964540E+02    0.3454571905E+02   -0.2049085975E+03
          12    0.8377527664E+02    0.8091323562E+02   -0.3797911126E+02
          13    0.8164072507E+02   -0.1704587533E+02   -0.2593960526E+02
          14    0.6433259228E+02   -0.3140786069E+02    0.4762662761E+02
          15    0.8294689992E+02   -0.2576293178E+02   -0.5082602282E+02
          16    0.8004489940E+02   -0.2506645359E+02   -0.2636038703E+02
          17    0.8297306889E+02   -0.2585440438E+02   -0.5087587703E+02
          18    0.8277983501E+02   -0.2576465806E+02    0.5518472884E+02
          19    0.9458975225E+02    0.2876431475E+02   -0.1147717756E+03
          20    0.6997268945E+02   -0.3564668845E+02    0.4930760367E+02
          21    0.8280893188E+02   -0.2585806314E+02    0.5525838421E+02
          22    0.6996833323E+02   -0.3551324221E+02    0.5076270953E+02
          23    0.8293295049E+02    0.7943186246E+02   -0.3172976883E+02
          24    0.9423313910E+02    0.2889684854E+02   -0.1023398617E+03
          25    0.9261845224E+02   -0.4724564211E+02    0.2158123172E+02
          26    0.8945956932E+02    0.3850365652E+02   -0.4294932045E+02
          27    0.8265003317E+02   -0.1816392449E+02   -0.2860713471E+02
          28    0.8686423493E+02   -0.4080505936E+02   -0.2092696229E+03
          29    0.8199438829E+02    0.3421598545E+02    0.2049247542E+03
          30    0.8178522710E+02    0.3407363987E+02   -0.2040897857E+03
          31    0.6433146660E+02    0.3115490818E+02    0.4855317247E+02
          32    0.8003477157E+02   -0.2512906937E+02   -0.2625067736E+02
          33    0.8213807075E+02    0.3423143216E+02    0.2055814267E+03
          34    0.8205846909E+02    0.3422789799E+02   -0.2051982498E+03
          35    0.8407169844E+02    0.3890443976E+02    0.6017011486E+02
          36    0.8206744144E+02    0.3416103150E+02    0.2057528852E+03
          37    0.8204906898E+02    0.3422420358E+02    0.2050738202E+03
          38    0.8204776180E+02    0.3422369142E+02    0.2050563619E+03
          39    0.8204645404E+02    0.3422317942E+02   -0.2050388582E+03
          40    0.8191690246E+02    0.3420865891E+02    0.2035177369E+03
          41    0.9359568650E+02   -0.4952083060E+02   -0.2067790570E+02
          42    0.8260858784E+02   -0.2543799357E+02    0.5420369691E+02
          43    0.8203701556E+02    0.3421949552E+02    0.2049114155E+03
          44    0.8229849310E+02    0.3490502306E+02   -0.1972184961E+03
          45    0.9066662495E+02    0.2836994955E+02    0.2243396312E+03
          46    0.8184805862E+02    0.3398920851E+02    0.2036816946E+03
          47    0.8202050829E+02    0.3428647571E+02   -0.2038978412E+03
          48    0.8213801540E+02    0.7474104201E+02    0.4969605041E+02
          49    0.8214477778E+02    0.7486354264E+02    0.4994398819E+02
          50    0.8804078866E+02    0.2730497088E+02    0.4252781279E+02
          51    0.8215031752E+02    0.7494436579E+02    0.5004252164E+02
          52    0.8217662648E+02    0.7510306684E+02    0.4991724883E+02
          53    0.8151433520E+02    0.3393697807E+02    0.2015320674E+03
          54    0.8423143360E+02    0.3948051510E+02    0.6185616564E+02
          55    0.8406046483E+02    0.3902561033E+02    0.6096843831E+02
          56    0.8209625400E+02    0.3423182958E+02    0.2048935474E+03
          57    0.7863052837E+02   -0.3565764847E+02   -0.4298133915E+02
          58    0.8535239764E+02   -0.1928061966E+02   -0.4409447827E+02
          59    0.8194037505E+02    0.3421763301E+02   -0.2034484226E+03
          60    0.5535596777E+02   -0.2743547269E+02   -0.4643652364E+02
          61    0.9960173665E+02    0.3348112490E+02    0.4490833651E+03
          62    0.8211397556E+02    0.7457052501E+02    0.4919318686E+02
          63    0.9678606892E+02   -0.4032817565E+02   -0.1225045110E+03
          64    0.7572800289E+02    0.2978963449E+02   -0.1618899684E+03
          65    0.8210694443E+02    0.7452920708E+02    0.4919759922E+02
          66    0.7569697781E+02    0.2961180273E+02   -0.1655121846E+03
          67    0.8213569280E+02    0.7476078099E+02    0.4916845819E+02
          68    0.8214661565E+02    0.3424171544E+02   -0.2046267549E+03
          69    0.8138522406E+02    0.3387708829E+02   -0.1998624820E+03
          70    0.8428876036E+02    0.4177714908E+02    0.4915317503E+02
          71    0.7030672370E+02    0.3435170556E+02   -0.5816312878E+02
          72    0.8093300344E+02    0.2510950216E+02   -0.1338067855E+03
          73    0.7413032547E+02    0.2083489481E+02   -0.2732296696E+02
          74    0.8227979452E+02    0.3437652706E+02    0.2041740800E+03
          75    0.8294468659E+02   -0.3813142472E+02    0.4884768038E+02
          76    0.8553562545E+02   -0.1936021199E+02   -0.4420375857E+02
          77    0.8173712409E+02    0.2578567453E+02    0.4158088151E+02
          78    0.8297462310E+02   -0.3839217192E+02    0.5017941485E+02
          79    0.9897240232E+02    0.3341513454E+02    0.3795411759E+03
          80    0.8293588960E+02   -0.3811335370E+02    0.4879483509E+02
          81    0.6989221932E+02   -0.3377233372E+02    0.5431888270E+02
          82    0.8204482017E+02    0.7443190870E+02    0.4997455849E+02
          83    0.8302904293E+02   -0.3859539673E+02    0.5019181886E+02
          84    0.8205615553E+02    0.7460451926E+02    0.5025309441E+02
          85    0.8216342301E+02    0.7528352695E+02    0.4988170860E+02
          86    0.8273614487E+02    0.2747641719E+02   -0.3625305567E+02
          87    0.5622470391E+02    0.2379257064E+02    0.3246618266E+02
          88    0.5405800897E+02   -0.2528681144E+02   -0.4658915655E+02
          89    0.8205801908E+02    0.7432264979E+02    0.4888642057E+02
          90    0.8200991345E+02   -0.3668151167E+02   -0.1298820680E+03
          91    0.6987967416E+02   -0.3508626682E+02   -0.5227870541E+02
          92    0.7586541301E+02    0.2924902875E+02   -0.1719569871E+03
          93    0.8201152168E+02    0.7410930263E+02    0.4923252235E+02
          94    0.8208525320E+02    0.7455031583E+02    0.4885634210E+02
          95    0.8238136096E+02    0.7345702690E+02    0.1810428555E+03
          96    0.8269114531E+02   -0.2589973669E+02    0.5585646613E+02
          97    0.9037611388E+02   -0.4317888832E+02    0.4068030227E+02
          98    0.7607044147E+02    0.2991006505E+02    0.2993576367E+03
          99    0.8301151247E+02   -0.3881245404E+02    0.5143197208E+02
         100    0.8295129504E+02   -0.3860329911E+02    0.5137316476E+02
