        Rank        RMSE       MaxAE  Feature_ID
           1    2.989840    6.687795  (    3551   13618)
           2    2.992320    6.672953  (    3551   13223)
           3    2.993574    6.643093  (    3551   15554)
           4    2.995118    6.475823  (    3551   14895)
           5    3.028285    6.624920  (    3551   15464)
           6    3.030651    6.648760  (    3551   15233)
           7    3.050583    6.576411  (    3551   14757)
           8    3.053773    6.600531  (    3551   16188)
           9    3.063633    6.601245  (    3551   15834)
          10    3.063870    6.627708  (    3551   16898)
          11    3.065718    6.593838  (    3551   16091)
          12    3.066117    6.599316  (    3551   16154)
          13    3.068194    6.601844  (    3551   16225)
          14    3.071093    6.570329  (    3551   15976)
          15    3.071779    6.565042  (    3551   15510)
          16    3.076798    6.675499  (    3551   19744)
          17    3.077645    6.581484  (    3551   16547)
          18    3.079154    6.596595  (    3551   16437)
          19    3.088223    6.580605  (    3551   16201)
          20    3.094822    6.507889  (    3551   15955)
          21    3.094922    6.300345  (    3551   14538)
          22    3.103329    6.524601  (    3551   15326)
          23    3.106382    6.435029  (    3551   14083)
          24    3.110245    6.571745  (    3551   18189)
          25    3.110740    6.561090  (    3551   16988)
          26    3.111711    6.531001  (    3551   17308)
          27    3.115657    6.551432  (    3551   17036)
          28    3.118996    6.359125  (    3551   12753)
          29    3.128335    6.334187  (    3551   12662)
          30    3.128903    6.366277  (    3551   13612)
          31    3.155761    6.448830  (    3551   18362)
          32    3.198279    6.028446  (    3551   13543)
          33    3.221310    7.458980  (    3551   18184)
          34    3.236542    6.368952  (    3551   17896)
          35    3.252534    7.229301  (    3551   19454)
          36    3.280287    9.235433  (    3551   10343)
          37    3.286864    7.762870  (    3551   16933)
          38    3.287885    7.499629  (    3551   15907)
          39    3.312052    8.454230  (    3551   12082)
          40    3.341344    8.182652  (       1   10007)
          41    3.344987    9.156394  (    3551   10509)
          42    3.345397    8.205723  (       1   10009)
          43    3.346048    8.429518  (       1   13542)
          44    3.348970    8.451883  (    3551   11942)
          45    3.354629    9.267934  (    3551   19758)
          46    3.355807    8.443542  (       1   13049)
          47    3.357592    8.494243  (       1   10180)
          48    3.364489    8.346396  (    3551   16713)
          49    3.365569    8.202531  (       1   10020)
          50    3.369936    9.083071  (    3551   10415)
          51    3.376361    8.673882  (       1   11970)
          52    3.382969    8.138678  (    3551   10651)
          53    3.383902    8.785321  (       1   12204)
          54    3.386125    8.294877  (       1   10001)
          55    3.386843    8.372656  (    3551   11927)
          56    3.392679    8.009059  (       1   10041)
          57    3.393048    8.323951  (       1   10003)
          58    3.393090    8.239342  (       1   10032)
          59    3.394007    8.336604  (       1   10002)
          60    3.394937    8.158342  (       1   10051)
          61    3.398584    8.742695  (    3551   12319)
          62    3.400062    8.295190  (       1   10004)
          63    3.401306    8.592014  (       1   14460)
          64    3.401346    8.739904  (    3551   12395)
          65    3.402133    8.774942  (       1   14945)
          66    3.402217    8.304247  (       1   10005)
          67    3.405965    8.052917  (    3551   12942)
          68    3.409849    9.911017  (    3551   10690)
          69    3.410536    8.034986  (       1   10063)
          70    3.411424    8.204615  (       1   10050)
          71    3.411564    9.318219  (    3551   10672)
          72    3.411988    9.803022  (    3551   15221)
          73    3.412704    8.173642  (       1   10060)
          74    3.414888    8.204927  (    3551   12796)
          75    3.415470    7.701702  (       1   10627)
          76    3.415536    8.021612  (       1   10057)
          77    3.416158    8.322884  (       1   10006)
          78    3.417790    8.071242  (       1   10071)
          79    3.417978    9.716006  (    3551   10658)
          80    3.418850    8.184565  (       1   10061)
          81    3.420748    8.643029  (       1   14431)
          82    3.421975    9.460488  (    3551   12507)
          83    3.421980    8.284158  (    3551   14605)
          84    3.423535    9.461580  (    3551   12300)
          85    3.423920    9.787514  (    3551   16992)
          86    3.424020   10.238476  (       1   13599)
          87    3.424799    8.292147  (    3551   12356)
          88    3.425834    9.470216  (       1   10169)
          89    3.426903    8.721605  (    3551   12948)
          90    3.427306    8.116079  (       1   10072)
          91    3.427566    8.652563  (       1   14766)
          92    3.428724    8.179437  (       1   10067)
          93    3.429067    9.890262  (    3551   10845)
          94    3.432037    7.955161  (    3551   12212)
          95    3.432126    9.817895  (    3551   17870)
          96    3.434639    8.124842  (    3551   17604)
          97    3.434719    8.229441  (       1   10062)
          98    3.434841    8.663941  (       1   15175)
          99    3.437056    8.866626  (       1   15661)
         100    3.437966    9.556532  (    3551   18958)
