      rank       #data_overlap        size_overlap          feature_ID
         1                  16             0.10322   (       5    1009)
         2                  17             0.11996   (       1    1113)
         3                  17             0.15223   (       1    1056)
         4                  17             0.15346   (       1    1057)
         5                  17             0.30357   (     168    1058)
         6                  17             0.34010   (      15    1007)
         7                  17             0.34010   (      27    1007)
         8                  17             0.34173   (      24     806)
         9                  17             0.34173   (      24    1122)
        10                  17             0.34173   (      20    1122)
        11                  18             0.09436   (       1    1295)
        12                  18             0.09505   (       1    1301)
        13                  18             0.10069   (       1    1302)
        14                  18             0.10684   (       1    1176)
        15                  18             0.10834   (       1    1275)
        16                  18             0.11996   (       1    1168)
        17                  18             0.11996   (       1    1173)
        18                  18             0.12998   (       1    1228)
        19                  18             0.14050   (       5    1038)
        20                  18             0.14554   (       1    1310)
        21                  18             0.14729   (       1    1297)
        22                  18             0.14729   (       1    1283)
        23                  18             0.14848   (       1    1305)
        24                  18             0.15223   (       1    1232)
        25                  18             0.15223   (       1    1252)
        26                  18             0.15223   (       1    1257)
        27                  18             0.15223   (       1    1258)
        28                  18             0.15223   (       1    1260)
        29                  18             0.15223   (       1    1261)
        30                  18             0.15223   (       1    1274)
        31                  18             0.15223   (       1    1285)
        32                  18             0.15223   (       1    1298)
        33                  18             0.15318   (       1    1229)
        34                  18             0.15346   (       1    1233)
        35                  18             0.15346   (       1    1294)
        36                  18             0.15346   (       1    1277)
        37                  18             0.15346   (       1    1278)
        38                  18             0.15346   (       1    1279)
        39                  18             0.15346   (       1    1280)
        40                  18             0.15346   (       1    1281)
        41                  18             0.15346   (       1    1288)
        42                  18             0.15346   (       1    1289)
        43                  18             0.15346   (       1    1290)
        44                  18             0.15346   (       1    1304)
        45                  18             0.16465   (       1    1311)
        46                  18             0.16555   (       1    1159)
        47                  18             0.16650   (       1    1312)
        48                  18             0.17015   (       1    1921)
        49                  18             0.17913   (     168    1403)
        50                  18             0.20658   (      31    1404)
        51                  18             0.23442   (      20    1007)
        52                  18             0.23442   (      24    1007)
        53                  18             0.24113   (      24     792)
        54                  18             0.24113   (      24    1088)
        55                  18             0.24113   (      20     792)
        56                  18             0.24113   (      20    1088)
        57                  18             0.25798   (      49    1033)
        58                  18             0.29174   (      31    1183)
        59                  18             0.30853   (      20    1127)
        60                  18             0.30853   (      24    1127)
        61                  18             0.33733   (      28    1007)
        62                  18             0.34010   (      17    1007)
        63                  18             0.34010   (      21    1007)
        64                  18             0.34010   (      18    1007)
        65                  18             0.34010   (      19    1007)
        66                  18             0.34010   (      25    1007)
        67                  18             0.34010   (      22    1007)
        68                  18             0.34010   (      23    1007)
        69                  18             0.34010   (      34    1007)
        70                  18             0.34010   (      29    1007)
        71                  18             0.34010   (      26    1007)
        72                  19             0.09207   (       1    1801)
        73                  19             0.09207   (       1    1870)
        74                  19             0.10338   (       1    1881)
        75                  19             0.10684   (       1    1856)
        76                  19             0.10684   (       1    1868)
        77                  19             0.10684   (       1    1879)
        78                  19             0.10684   (       1    1812)
        79                  19             0.10684   (       1    1823)
        80                  19             0.11607   (       1    1873)
        81                  19             0.11996   (       1    1724)
        82                  19             0.11996   (       1    1731)
        83                  19             0.11996   (       1    1732)
        84                  19             0.11996   (       1    1795)
        85                  19             0.11996   (       1    1797)
        86                  19             0.11996   (       1    1799)
        87                  19             0.11996   (       1    1872)
        88                  19             0.16018   (       1    1676)
        89                  19             0.16465   (       1    1890)
        90                  19             0.16555   (       1    1659)
        91                  19             0.16555   (       1    1665)
        92                  19             0.16615   (     781    1058)
        93                  19             0.17184   (       1    1547)
        94                  19             0.24260   (     371    1058)
        95                  19             0.25174   (     789    1058)
        96                  19             0.25812   (     168    1185)
        97                  19             0.27595   (     373    1058)
        98                  19             0.27751   (     160    1283)
        99                  19             0.28793   (     163    1058)
       100                  19             0.29715   (     543    1058)
