Model_ID, [(c_i,i=0,n)_j,j=1,ntask]
           1    0.5751664934E+02   -0.5055637325E+02    0.1339040994E+04
           2    0.4874232022E+02   -0.4189372977E+02    0.1047166146E+04
           3    0.3824656915E+02   -0.2688696125E+02    0.1136741807E+04
           4    0.5753219298E+02   -0.5050007071E+02    0.1341869273E+04
           5    0.4891002300E+02   -0.4155304720E+02    0.1053642175E+04
           6    0.4989254731E+02   -0.3920937800E+02    0.1051136001E+04
           7    0.8027593636E+02   -0.7289843165E+02    0.3713144831E+03
           8    0.5316572762E+02   -0.2127526869E+02    0.1095289683E+04
           9    0.5760525443E+02   -0.4993022868E+02    0.9925988898E+03
          10    0.5757019461E+02   -0.5025779096E+02   -0.1326590203E+04
          11    0.5013224698E+02    0.3990608543E+02    0.1047050604E+04
          12    0.8330818982E+02   -0.8277028590E+02    0.9669413332E+03
          13    0.5010532505E+02   -0.2041467209E+02    0.1110709060E+04
          14    0.5201219964E+02   -0.3811754749E+02    0.1074529865E+04
          15    0.8085075471E+02   -0.7823568020E+02    0.3333773645E+03
          16    0.3684211758E+02   -0.2817134348E+02    0.1358184755E+04
          17    0.4676847000E+02   -0.2934697897E+02    0.1117737617E+04
          18    0.5271896983E+02   -0.3898008084E+02    0.1070391453E+04
          19    0.3044215569E+02   -0.2764610780E+02    0.1121845990E+04
          20    0.5771096211E+02   -0.4992347721E+02    0.2889854390E+03
          21    0.4892693159E+02   -0.4198080520E+02    0.4509790689E+03
          22    0.5213890240E+02   -0.3818608067E+02    0.3153092857E+03
          23    0.4839670602E+02    0.3720258963E+02    0.1114834168E+04
          24    0.4890185005E+02   -0.4056078281E+02    0.1049505944E+04
          25    0.8083696036E+02   -0.7835627183E+02    0.3324871712E+03
          26    0.7506794485E+02    0.6540048869E+02   -0.2320286885E+04
          27    0.5711499693E+02   -0.5096768900E+02    0.1340354061E+04
          28    0.4850039788E+02   -0.4172299265E+02    0.4067175115E+03
          29    0.5188803576E+02   -0.3829897619E+02    0.4190558036E+03
          30    0.5174283886E+02   -0.3886877205E+02    0.1335229712E+04
          31    0.4921644389E+02   -0.4029848968E+02    0.1047873270E+04
          32    0.4828609403E+02   -0.4041200320E+02    0.1035206963E+04
          33    0.5749154199E+02   -0.5003502433E+02    0.3830085088E+03
          34    0.4975101038E+02   -0.3925447963E+02    0.4045349084E+03
          35    0.4923433043E+02   -0.4026306025E+02    0.1042849224E+04
          36    0.4909386663E+02   -0.4161919287E+02    0.4530194737E+03
          37    0.8035237507E+02   -0.7671268557E+02    0.2595546754E+03
          38    0.4999237436E+02    0.3996151165E+02    0.4032863999E+03
          39    0.5722975462E+02   -0.4923991339E+02    0.2697461859E+03
          40    0.4839953308E+02   -0.4044307436E+02    0.3026049789E+03
          41    0.3687933154E+02   -0.2814333124E+02    0.1361893623E+04
          42    0.4911046156E+02    0.3774490404E+02    0.1117719441E+04
          43    0.4926815958E+02   -0.4077580610E+02    0.1042618128E+04
          44    0.6583177201E+02   -0.5004893477E+02    0.3329084720E+03
          45    0.7775074479E+02    0.6363713087E+02   -0.2376839146E+04
          46    0.4983974993E+02   -0.3933508904E+02   -0.1045151759E+04
          47    0.4866476547E+02   -0.4136776302E+02    0.4087752341E+03
          48    0.5723635857E+02   -0.4921902700E+02    0.2753980480E+03
          49    0.3816086310E+02   -0.2693667740E+02   -0.1127531401E+04
          50    0.5829263768E+02   -0.5066412660E+02    0.9630021498E+03
          51    0.5301380535E+02   -0.2053733018E+02    0.3001977760E+03
          52    0.3686795873E+02   -0.2790925560E+02    0.5825588434E+03
          53    0.4860870759E+02   -0.4014109975E+02    0.3046517785E+03
          54    0.7972678811E+02   -0.7583690374E+02    0.1360218395E+04
          55    0.5292782016E+02   -0.3911675929E+02    0.4634414910E+03
          56    0.5733702217E+02   -0.4825712849E+02    0.2865098101E+03
          57    0.5691265374E+02   -0.4987924291E+02    0.2714264780E+03
          58    0.4995366054E+02   -0.2043059154E+02    0.4274453685E+03
          59    0.5300610906E+02   -0.2124895803E+02    0.4184177256E+03
          60    0.4811923433E+02   -0.4056648288E+02    0.1010719628E+04
          61    0.5728579563E+02   -0.4992909446E+02    0.9990995852E+03
          62    0.5736625507E+02   -0.4813598107E+02    0.2860460493E+03
          63    0.4807172129E+02   -0.4151169898E+02    0.3033630561E+03
          64    0.5176550456E+02   -0.3883468066E+02    0.1339056840E+04
          65    0.5311465337E+02   -0.2132638920E+02   -0.1087148779E+04
          66    0.5361961153E+02   -0.2099522520E+02    0.4525474437E+03
          67    0.5008071220E+02    0.4003585365E+02   -0.1041137243E+04
          68    0.4866151067E+02   -0.4001464375E+02    0.3035527147E+03
          69    0.5713005077E+02   -0.5090573980E+02    0.1342823671E+04
          70    0.2189034209E+02   -0.2328501148E+02    0.6662701643E+03
          71    0.4869447181E+02   -0.4169746813E+02    0.1038638878E+04
          72    0.5362949333E+02   -0.2036795388E+02    0.1089241836E+04
          73    0.5246826285E+02   -0.3889236404E+02    0.4188491078E+03
          74    0.5114439879E+02   -0.4000557357E+02   -0.4754958237E+03
          75    0.7684002456E+02   -0.7441033492E+02    0.3605447368E+03
          76    0.5334124702E+02   -0.2091835327E+02    0.4013316016E+03
          77    0.5048365099E+02    0.3887230129E+02   -0.5204622200E+03
          78    0.8356179912E+02   -0.8251857126E+02   -0.7912790202E+03
          79    0.3893615097E+02   -0.3187463569E+02    0.1063574136E+04
          80    0.5290854910E+02   -0.2058051884E+02    0.7064412010E+03
          81    0.4935725118E+02   -0.3873935545E+02    0.1043747839E+04
          82    0.4972132114E+02    0.3816443289E+02   -0.5129103858E+03
          83    0.4902354962E+02    0.3787002562E+02    0.1092144817E+04
          84    0.5014826032E+02    0.3824620549E+02   -0.6966618846E+03
          85    0.4907682418E+02   -0.4038362535E+02    0.4046957996E+03
          86    0.7440442809E+02   -0.6526503178E+02    0.9659886002E+03
          87    0.4803428327E+02   -0.4153927550E+02    0.2998037929E+03
          88    0.3701710583E+02   -0.2800857077E+02   -0.1347026168E+04
          89    0.5029134639E+02    0.3761570626E+02    0.8249674871E+03
          90    0.4829712774E+02    0.3724963994E+02    0.1103283313E+04
          91    0.4293254689E+02   -0.2858238152E+02    0.9840622283E+03
          92    0.7971327478E+02   -0.7605466787E+02    0.1354037257E+04
          93    0.4814614141E+02   -0.4048853200E+02    0.3993911009E+03
          94    0.4822981477E+02   -0.4059449981E+02    0.2953082700E+03
          95    0.5175505520E+02   -0.3804430991E+02    0.1078687639E+04
          96    0.5007109599E+02    0.3871674024E+02    0.1051971587E+04
          97    0.4824306857E+02    0.3723142841E+02    0.4290613049E+03
          98    0.5698667046E+02   -0.4910559881E+02    0.2146758831E+03
          99    0.5004761361E+02   -0.2047488262E+02   -0.1104939275E+04
         100    0.5287714648E+02   -0.1987137907E+02    0.1086471575E+04
