        Rank        RMSE       MaxAE  Feature_ID
           1   21.420195   48.809123  (       1   10001)
           2   21.481674   53.687253  (      39   10009)
           3   21.609469   45.052265  (      39   10001)
           4   21.630521   50.362787  (      64   10169)
           5   21.632396   50.829197  (       1   10002)
           6   21.643594   49.959759  (       1   10003)
           7   21.666643   50.670516  (      52   10169)
           8   21.671477   48.921569  (       1   10005)
           9   21.671552   47.471310  (    1739   19854)
          10   21.678436   52.335696  (       1   10004)
          11   21.697152   50.841518  (      47   10169)
          12   21.706454   47.220882  (    2800   19854)
          13   21.715743   49.608823  (       1   10007)
          14   21.770700   49.226369  (      64   10202)
          15   21.801772   49.541431  (      52   10202)
          16   21.804896   60.826732  (     376   18129)
          17   21.828902   49.716682  (      47   10202)
          18   21.841078   50.721868  (       1   10006)
          19   21.844542   60.738976  (     218   12734)
          20   21.883069   61.129545  (     376   16934)
          21   21.900817   46.346041  (      39   10003)
          22   21.906189   51.923535  (      39   10091)
          23   21.925940   50.752000  (       1   10008)
          24   21.928341   60.513982  (     376   12734)
          25   21.929192   49.507629  (       1   10015)
          26   21.932502   50.722339  (       1   10013)
          27   21.946211   61.060731  (     218   12935)
          28   21.962891   50.511295  (       1   10010)
          29   21.976047   56.138272  (       1   10009)
          30   21.978446   52.046550  (       1   10017)
          31   21.978478   47.352239  (      39   10002)
          32   21.980934   51.116857  (      64   10242)
          33   21.990403   45.663192  (     201   10169)
          34   21.991247   50.323871  (      64   10261)
          35   21.999863   49.529170  (       1   10021)
          36   22.000426   51.412828  (      52   10242)
          37   22.012144   51.770389  (      31   10169)
          38   22.016404   50.628424  (      52   10261)
          39   22.021262   51.577124  (      47   10242)
          40   22.026728   50.796670  (       1   10012)
          41   22.032340   60.837151  (     128   12734)
          42   22.035196   53.248292  (       1   10011)
          43   22.036766   46.058778  (      39   10007)
          44   22.038175   45.907814  (     164   10169)
          45   22.040265   50.797658  (      47   10261)
          46   22.041351   60.845796  (     376   12935)
          47   22.043555   48.734800  (       1   10019)
          48   22.046642   50.629810  (       1   10016)
          49   22.053513   46.838137  (    5364   19854)
          50   22.059486   47.592010  (     436   10169)
          51   22.066204   51.243171  (       1   10023)
          52   22.069779   53.317522  (      39   10061)
          53   22.085725   49.566805  (       1   10028)
          54   22.094915   47.709546  (     367   10169)
          55   22.095668   46.152577  (     141   10169)
          56   22.102951   49.495268  (       1   10031)
          57   22.108476   60.779550  (     218   18129)
          58   22.110842   53.377196  (      39   10063)
          59   22.113429   42.136329  (     141   10493)
          60   22.114281   42.114706  (     164   10493)
          61   22.114667   61.240072  (     218   12535)
          62   22.118002   50.670988  (      31   10202)
          63   22.121987   48.354032  (       1   10055)
          64   22.124677   61.148861  (     128   12935)
          65   22.125626   42.089509  (     201   10493)
          66   22.128836   53.699628  (      39   10076)
          67   22.129929   42.091943  (     141   10412)
          68   22.133064   51.466367  (       1   10018)
          69   22.138114   52.561005  (       1   10014)
          70   22.140366   47.823501  (     309   10169)
          71   22.145055   50.627070  (       1   10022)
          72   22.148992   50.870664  (       1   10020)
          73   22.149465   47.194838  (      39   10006)
          74   22.154936   42.066547  (     164   10412)
          75   22.156423   50.083407  (       1   10034)
          76   22.158762   55.503261  (       1   10036)
          77   22.175372   48.283849  (     572   14415)
          78   22.180006   47.710196  (    1001   19854)
          79   22.183667   61.059043  (     376   12535)
          80   22.187765   44.543178  (     201   10242)
          81   22.190153   51.069081  (       1   10024)
          82   22.190688   42.037440  (     201   10412)
          83   22.192677   46.395474  (     436   10202)
          84   22.200501   53.575562  (       1   10029)
          85   22.201523   46.948512  (      39   10010)
          86   22.203834   48.675542  (     351   10451)
          87   22.204744   51.486565  (       1   10025)
          88   22.211195   51.721970  (       1   10037)
          89   22.215850   50.647786  (       1   10035)
          90   22.215947   49.216207  (     211   10451)
          91   22.217917   50.628886  (      39   10033)
          92   22.218520   52.668878  (       1   10032)
          93   22.218887   46.024587  (      39   10015)
          94   22.225900   61.032391  (     218   16934)
          95   22.231032   46.524498  (     367   10202)
          96   22.232402   52.416244  (      39   10078)
          97   22.233596   71.469825  (    1475   16535)
          98   22.235021   44.801154  (     164   10242)
          99   22.239660   47.225087  (      39   10008)
         100   22.241269   54.246009  (      39   10179)
