        Rank        RMSE       MaxAE  Feature_ID
           1   24.596179   71.634507  (       1)
           2   25.557759   70.484271  (       2)
           3   25.712686   74.104441  (       3)
           4   26.103045   73.894622  (       4)
           5   26.583330   63.383126  (       5)
           6   26.731468   72.323357  (       6)
           7   27.218916   74.046087  (       7)
           8   27.572771   71.696094  (       8)
           9   27.660765   92.643773  (       9)
          10   27.719632   69.279833  (      10)
          11   27.808097   72.637749  (      11)
          12   27.994063   77.592890  (      12)
          13   28.077817   68.743841  (      13)
          14   28.090920   65.202225  (      14)
          15   28.251889   72.957436  (      15)
          16   28.263513   76.013050  (      16)
          17   28.308796   72.881793  (      17)
          18   28.356907   72.355911  (      18)
          19   28.383222   71.769361  (      19)
          20   28.458947   68.712644  (      20)
          21   28.459520   71.295168  (      21)
          22   28.465876   85.158691  (      22)
          23   28.469412   71.041253  (      23)
          24   28.515457   71.551437  (      24)
          25   28.541949   62.420297  (      25)
          26   28.551220   62.502348  (      26)
          27   28.558162   76.910588  (      27)
          28   28.589643   72.773376  (      28)
          29   28.599718   71.606484  (      29)
          30   28.611293   67.420566  (      30)
          31   28.611583   72.022013  (      31)
          32   28.640154   72.127311  (      32)
          33   28.673056   73.792517  (      33)
          34   28.676130   73.589279  (      34)
          35   28.739602   71.192231  (      35)
          36   28.745876   76.129522  (      36)
          37   28.776026   73.113054  (      37)
          38   28.777500   71.203036  (      38)
          39   28.790281   53.903623  (      39)
          40   28.797416   59.774757  (      40)
          41   28.808122   72.169325  (      41)
          42   28.816219   65.636011  (      42)
          43   28.820244   71.217240  (      43)
          44   28.825505   72.521534  (      44)
          45   28.861507   91.810785  (      45)
          46   28.868647   72.442461  (      46)
          47   28.880313   65.554343  (      47)
          48   28.889994   71.506029  (      48)
          49   28.892783   73.475208  (      49)
          50   28.895598   71.844203  (      50)
          51   28.897724   50.645576  (      51)
          52   28.906204   75.843514  (      52)
          53   28.912157   58.758231  (      53)
          54   28.921975   59.095413  (      54)
          55   28.925787   68.720492  (      55)
          56   28.930895   73.902596  (      56)
          57   28.963212   86.106092  (      57)
          58   28.966145   73.764957  (      58)
          59   28.971394   73.822434  (      59)
          60   28.971826   83.718909  (      60)
          61   28.977434   72.646547  (      61)
          62   28.983557   73.374406  (      62)
          63   28.986787   75.291950  (      63)
          64   28.995699   73.459275  (      64)
          65   29.005011   72.842544  (      65)
          66   29.008068   71.875145  (      66)
          67   29.009586   64.359718  (      67)
          68   29.026647   71.307247  (      68)
          69   29.032600   71.782861  (      69)
          70   29.045069   73.113864  (      70)
          71   29.045321   75.722866  (      71)
          72   29.057369   87.125441  (      72)
          73   29.060567   76.907884  (      73)
          74   29.070634   70.676025  (      74)
          75   29.087261   74.518759  (      75)
          76   29.088860   74.379051  (      76)
          77   29.089368   71.569948  (      77)
          78   29.100255   71.530555  (      78)
          79   29.136254   71.414041  (      79)
          80   29.138292   71.245181  (      80)
          81   29.139174   71.536867  (      81)
          82   29.153627   73.038187  (      82)
          83   29.165973   71.454148  (      83)
          84   29.170419   71.738950  (      84)
          85   29.175086   58.301975  (      85)
          86   29.182184   68.198424  (      86)
          87   29.205186   87.155058  (      87)
          88   29.216332   91.641018  (      88)
          89   29.220281   71.651289  (      89)
          90   29.227286   93.368886  (      90)
          91   29.230973   91.641059  (      91)
          92   29.231041   84.459246  (      92)
          93   29.236853   61.014754  (      93)
          94   29.242227   93.158251  (      94)
          95   29.246913   69.380878  (      95)
          96   29.247520   67.870245  (      96)
          97   29.249271   72.219860  (      97)
          98   29.249433   73.328787  (      98)
          99   29.259514   58.518220  (      99)
         100   29.268619   72.287908  (     100)
