     Index              y_true              y_pred        descriptor_1        descriptor_2
         1    0.3200000000E+01    0.1201840104E+02   -0.9570708900E+00    0.0000000000E+00
         2    0.1850000000E+02    0.1811891067E+02   -0.7967365900E+00    0.0000000000E+00
         3    0.8872000000E+02    0.7787427807E+02    0.7737608900E+00    0.0000000000E+00
         4    0.2045000000E+02    0.1825893707E+02   -0.7930564000E+00    0.0000000000E+00
         5    0.2067000000E+02    0.1923563507E+02   -0.7673867100E+00    0.0000000000E+00
         6    0.2078000000E+02    0.2771770374E+02   -0.5444600000E+00    0.0000000000E+00
         7    0.5301000000E+02    0.4635415670E+02    0.4140675000E-01   -0.2142207000E-01
         8    0.2817000000E+02    0.3253325126E+02   -0.5542681600E+00    0.3041127530E-01
         9    0.6524000000E+02    0.6789443356E+02    0.2418454100E+00    0.6012726350E-01
        10    0.4537000000E+02    0.4153333113E+02   -0.6108298400E+00    0.9577440000E-01
        11    0.4263000000E+02    0.6016381761E+02    0.2257469200E+00    0.1840800528E-01
        12    0.5090000000E+02    0.6142605470E+02   -0.5222581000E-01    0.8779505364E-01
        13    0.1790000000E+02    0.2637238398E+02   -0.5544883200E+00   -0.5648588400E-02
        14    0.4216000000E+02    0.3531594819E+02   -0.3515423500E+00    0.1512032275E-02
        15    0.1464000000E+02    0.4280557482E+02   -0.1905361500E+00    0.9503836992E-02
        16    0.3187000000E+02    0.2517821485E+02   -0.6035712000E+00   -0.1701953946E-02
        17    0.2551000000E+02    0.1521419935E+02   -0.7679918400E+00   -0.2343476482E-01
        18    0.1790000000E+02    0.2188847278E+02   -0.7615065800E+00    0.1423703930E-01
        19    0.3007000000E+02    0.2597716999E+02   -0.6564249500E+00    0.1476733920E-01
        20    0.2681000000E+02    0.2512113480E+02   -0.6046189200E+00   -0.1802855328E-02
        21    0.2622000000E+02    0.3023686892E+02   -0.5597126500E+00    0.1816627824E-01
        22    0.6900000000E+02    0.6975147295E+02    0.4301305600E+00    0.2902305008E-01
        23    0.7520000000E+02    0.7955917462E+02    0.7495255600E+00    0.1527978816E-01
        24    0.8285000000E+02    0.8908360843E+02    0.5975290000E+00    0.1049985288E+00
        25    0.7737000000E+02    0.7508250688E+02    0.6490622400E+00    0.1144568360E-01
        26    0.6383000000E+02    0.7187733018E+02    0.5155048700E+00    0.2244392037E-01
        27    0.5774000000E+02    0.4897339254E+02   -0.8554000000E-01    0.2223896416E-01
        28    0.4307000000E+02    0.4674947055E+02    0.4429798800E+00   -0.1086575742E+00
        29    0.2720000000E+02    0.2830071721E+02   -0.6795659900E+00    0.3354624000E-01
        30    0.6276000000E+02    0.5913757659E+02    0.1140915900E+00    0.3729278124E-01
        31    0.9080000000E+02    0.7783623048E+02    0.6420597100E+00    0.2914690272E-01
        32    0.5100000000E+02    0.5073466727E+02    0.3078750000E-02    0.1279948610E-01
        33    0.7420000000E+02    0.6863470205E+02    0.1927785600E+00    0.7540809890E-01
        34    0.6511000000E+02    0.5340197250E+02   -0.2959157100E+00    0.9510959712E-01
        35    0.6029000000E+02    0.5420759376E+02    0.1068895700E+00    0.1000413797E-01
        36    0.4460000000E+02    0.3117070571E+02   -0.4797374400E+00    0.5804715322E-02
