     Index              y_true              y_pred        descriptor_1        descriptor_2
         1    0.1000000000E+00   -0.5007234617E+01    0.9560000000E+00    0.0000000000E+00
         2    0.2600000000E+01    0.2980953558E+01    0.3421000000E+00    0.0000000000E+00
         3    0.4090000000E+02    0.3498984398E+02   -0.1351100000E+01    0.8310218418E-02
         4    0.1560000000E+01   -0.8337474093E+00    0.6972000000E+00    0.6713141725E-03
         5    0.4660000000E+01    0.6295160316E+01    0.8740000000E-01    0.0000000000E+00
         6    0.1316000000E+02    0.1500625371E+02   -0.7007000000E+00   -0.1285952161E-02
         7    0.2280000000E+01    0.1407933752E+01    0.7924000000E+00    0.3570410898E-02
         8    0.3140000000E+01    0.1072208472E+01    0.3615000000E+00   -0.1379651745E-02
         9    0.2309000000E+02    0.2380081400E+02   -0.6086000000E+00    0.7037882322E-02
        10    0.4360000000E+01    0.9716840589E+01   -0.1833000000E+00   -0.8389789762E-04
        11    0.1337000000E+02    0.1783244767E+02   -0.7051000000E+00    0.1020486172E-02
        12    0.2141000000E+02    0.2056782129E+02   -0.8314000000E+00    0.1930031334E-02
        13    0.1012000000E+02    0.1745305989E+02   -0.7787000000E+00   -0.9326313554E-04
        14    0.1470000000E+02    0.1336008856E+02   -0.4850000000E+00   -0.3192380482E-03
        15    0.7530000000E+01    0.7130209594E+01   -0.5618000000E+00   -0.6340942587E-02
        16    0.5980000000E+01    0.7479831852E+01    0.7800000000E-01    0.8849091600E-03
        17    0.7350000000E+01    0.8630428127E+01   -0.5170000000E-01    0.4375339645E-03
        18    0.4060000000E+01    0.6585895944E+01    0.1181000000E+00    0.5749228448E-03
        19    0.4810000000E+01    0.6736989192E+01    0.1110223025E-15   -0.5792768555E-03
        20    0.1925000000E+02    0.2000688601E+02   -0.4120000000E+00    0.6008558979E-02
        21    0.2305000000E+02    0.2478968030E+02   -0.1258700000E+01    0.8153094994E-03
        22    0.2977000000E+02    0.3026431325E+02   -0.1076600000E+01    0.7349237980E-02
        23    0.2492000000E+02    0.2807560346E+02   -0.1269100000E+01    0.3439655032E-02
        24    0.2638000000E+02    0.2916843714E+02   -0.1204600000E+01    0.5049049301E-02
        25    0.2218000000E+02    0.2530593287E+02   -0.1216200000E+01    0.1705977884E-02
        26    0.1799000000E+02    0.1505354459E+02   -0.7984000000E+00   -0.2305505548E-02
        27    0.1262000000E+02    0.1416613148E+02   -0.9108000000E+00   -0.4262966860E-02
        28    0.5650000000E+01    0.9117656381E+01    0.1653000000E+00    0.3195386637E-02
        29    0.2455000000E+02    0.2137802684E+02   -0.9312000000E+00    0.1523200000E-02
        30    0.7980000000E+01    0.9388341935E+01    0.1108000000E+00    0.2830147528E-02
        31    0.3850000000E+02    0.3032095255E+02   -0.1752200000E+01    0.7376207121E-04
        32    0.2347000000E+02    0.2525229208E+02   -0.1244000000E+01    0.1359979776E-02
        33    0.1576000000E+02    0.1310341933E+02   -0.4556000000E+00   -0.2143762303E-03
        34    0.2613000000E+02    0.1998194903E+02   -0.7359000000E+00    0.2477118486E-02
        35    0.1546000000E+02    0.8751333463E+01   -0.1644000000E+00   -0.6832820860E-03
        36    0.9540000000E+01    0.9049700835E+01   -0.1900000000E-02    0.1326544055E-02
