Model_ID, [(c_i,i=0,n)_j,j=1,ntask]
           1    0.2880406005E+03   -0.2852092230E+03   -0.2111182200E+04
           2    0.2706463689E+03   -0.2274781511E+03   -0.3194852594E+04
           3    0.2882340604E+03   -0.2745603938E+03   -0.1737089203E+04
           4    0.2722036464E+03   -0.2291148531E+03   -0.3017424023E+04
           5    0.2321086262E+03    0.2264520716E+03    0.1567435954E+03
           6    0.2425358550E+03    0.9883399187E+02   -0.2805420176E+04
           7    0.2414559561E+03    0.9809386878E+02   -0.2933141450E+04
           8    0.2437775418E+03    0.9950103510E+02   -0.2630311482E+04
           9    0.7178534402E+02    0.1186103691E+03   -0.1398884577E+04
          10    0.2429110845E+03    0.1023750407E+03   -0.8025456119E+03
          11    0.2914383209E+03    0.2641669416E+03   -0.2203229047E+04
          12    0.4352981055E+02    0.1045534328E+03   -0.2224023024E+03
          13    0.2738663213E+03   -0.2305268001E+03   -0.2794813125E+04
          14    0.2738341123E+03   -0.2377113227E+03   -0.8576069368E+03
          15    0.2777967484E+03   -0.2319174930E+03   -0.8723648134E+03
          16    0.2912705258E+03   -0.2786364908E+03   -0.1596063925E+04
          17    0.2726363092E+03   -0.2314301376E+03   -0.7074249605E+03
          18    0.2748911787E+03   -0.2335124662E+03   -0.3000517813E+04
          19    0.2703377850E+03   -0.2208294616E+03   -0.1570805609E+04
          20    0.2725434256E+03   -0.2360498728E+03   -0.8861530807E+03
          21    0.2447890620E+03    0.2366569018E+03   -0.8953991254E+02
          22    0.2763112515E+03   -0.2352330402E+03   -0.2854200449E+04
          23    0.2224629150E+03   -0.1439376664E+03    0.1092108432E+04
          24    0.2271443115E+03    0.1020472890E+03    0.1566351288E+03
          25    0.2217306975E+03   -0.1417838327E+03    0.1083210842E+04
          26    0.2702730923E+03   -0.2235254629E+03   -0.8656017959E+03
          27    0.2424421907E+03    0.2409593617E+03   -0.1262258075E+03
          28    0.2424533912E+03    0.2409674117E+03    0.1261688562E+03
          29    0.2661092073E+03   -0.2242074495E+03   -0.3384236424E+04
          30    0.1718915485E+03    0.1020408966E+03   -0.8057701352E+02
          31    0.1709503747E+03    0.1023309686E+03   -0.7950059857E+02
          32    0.2672079111E+03    0.1892897592E+03    0.1070112685E+04
          33    0.2421154327E+03    0.1015684890E+03   -0.8158130984E+03
          34    0.2351220784E+03    0.1680486713E+03   -0.7291157502E+02
          35    0.2466860034E+03    0.2314569240E+03    0.8186020285E+02
          36    0.2071875584E+03    0.9674754557E+02   -0.5489709111E+03
          37    0.3417595719E+03    0.2180550310E+03   -0.1181499653E+03
          38    0.2681723498E+03   -0.2173792164E+03   -0.1649570655E+04
          39    0.2487322435E+03    0.8987705582E+02    0.9350966783E+03
          40    0.2070990002E+03    0.8622676018E+02   -0.3036259665E+03
          41    0.2585625000E+03    0.2068324053E+03   -0.2839376983E+03
          42    0.2734793183E+03   -0.2446448181E+03    0.9693794624E+03
          43    0.2586852965E+03    0.2064451236E+03   -0.2828056692E+03
          44    0.2441650136E+03    0.1831629974E+03    0.6964008970E+03
          45    0.2071988958E+03    0.8638741894E+02   -0.3017234689E+03
          46    0.2778520410E+03   -0.2367607510E+03   -0.2662103241E+04
          47    0.2690512738E+03   -0.2218315972E+03   -0.8896975177E+03
          48    0.2229340565E+03   -0.1849345990E+03    0.5696518719E+02
          49    0.2779502585E+03   -0.2437757494E+03   -0.8149319292E+03
          50    0.6426349632E+02    0.9326952482E+02   -0.2343370747E+03
          51    0.2335358129E+03   -0.1665866274E+03   -0.6915529836E+02
          52    0.2736095627E+03   -0.2440067330E+03   -0.9611776545E+03
          53    0.2337827615E+03    0.1710099232E+03    0.7556893117E+02
          54    0.2719292715E+03   -0.2431085560E+03   -0.1011507189E+04
          55    0.2384338747E+03    0.2092437197E+03   -0.1816291453E+04
          56    0.2766908447E+03   -0.2376631085E+03   -0.6741286171E+03
          57    0.2333965981E+03    0.1029464611E+03    0.1010334705E+03
          58    0.2227101342E+03    0.1424937523E+03    0.1029312991E+04
          59    0.2162388141E+03    0.1092290386E+03    0.1659941976E+03
          60    0.2316792439E+03    0.2153409392E+03    0.1517604422E+03
          61    0.2729637959E+03    0.2218728932E+03   -0.8829802217E+02
          62    0.2358913284E+03    0.8539995488E+02   -0.5372059909E+02
          63    0.7674991275E+02    0.1169382443E+03    0.7482939208E+03
          64    0.2360421643E+03    0.8518828305E+02    0.5501633856E+02
          65    0.2554251378E+03    0.9597027141E+02   -0.1378029355E+03
          66    0.2267875615E+03    0.1918143931E+03   -0.9062137120E+02
          67    0.2821434940E+03   -0.2214527848E+03   -0.1951184495E+04
          68    0.2330423074E+03    0.1012657515E+03    0.1035979808E+03
          69    0.2720795695E+03   -0.2424556306E+03   -0.1002521342E+04
          70    0.1315548419E+03    0.1008898778E+03   -0.1213272371E+03
          71    0.2327475394E+03    0.1046612579E+03    0.1037010843E+03
          72    0.2742886656E+03   -0.2379393990E+03   -0.8691684758E+03
          73    0.2936394991E+03    0.2798997401E+03   -0.1954719482E+04
          74    0.2632251655E+03   -0.2138187131E+03   -0.1796423689E+04
          75    0.2451011811E+03    0.2336535391E+03   -0.1683715219E+03
          76    0.2677914916E+03   -0.2257833681E+03   -0.3178110986E+04
          77    0.2253427662E+03   -0.1847371868E+03   -0.1102987325E+03
          78    0.2729078187E+03    0.2204835789E+03   -0.9216283918E+02
          79    0.2754555843E+03    0.1060410226E+03   -0.2697734795E+04
          80    0.2456491782E+03    0.8120752930E+02    0.9312142798E+03
          81    0.2252043688E+03   -0.1854574867E+03   -0.1109137686E+03
          82    0.2767180448E+03    0.1067590754E+03   -0.2569500857E+04
          83    0.2656654016E+03   -0.2174002956E+03   -0.1692402708E+04
          84    0.2125072770E+03    0.9670473732E+02    0.4329719755E+03
          85    0.3106981411E+03   -0.7433272359E+02    0.1442852111E+03
          86    0.1874221941E+03    0.1332978729E+03   -0.6934255639E+03
          87    0.2678624809E+03   -0.2130160275E+03   -0.3053456565E+04
          88    0.2342328250E+03    0.8934191637E+02    0.6708980642E+02
          89    0.1874965052E+03    0.1327458634E+03    0.7346880652E+03
          90    0.2717086787E+03    0.1971482124E+03    0.1028732746E+04
          91    0.2439436467E+03    0.2227722231E+03   -0.1677039172E+03
          92    0.2597431515E+03    0.2100000518E+03   -0.2752158259E+03
          93    0.2776940788E+03   -0.2506884181E+03    0.9239301416E+03
          94    0.1574393494E+03    0.1301637875E+03   -0.1202908153E+03
          95    0.2337252023E+03    0.8791071917E+02   -0.7253311315E+02
          96    0.2361613732E+03    0.2360393104E+03    0.1429724742E+03
          97    0.2744319078E+03   -0.2271646228E+03   -0.1485229589E+04
          98    0.2679101354E+03    0.1955219419E+03    0.1019681275E+04
          99    0.2598629532E+03    0.2096122464E+03   -0.2740806908E+03
         100    0.2729748490E+03   -0.2362783273E+03   -0.9000276057E+03
