      rank       #data_overlap        size_overlap          feature_ID
         1                  20             0.11510   (     706     711)
         2                  20             0.11510   (     706    1876)
         3                  20             0.12323   (     711     865)
         4                  20             0.12323   (     865    1876)
         5                  20             0.16092   (      38     711)
         6                  20             0.16092   (      38    1876)
         7                  22             0.12493   (     704     706)
         8                  22             0.12574   (       4     706)
         9                  22             0.20267   (     705     745)
        10                  22             0.22183   (       4     865)
        11                  22             0.22183   (     704     865)
        12                  22             0.22261   (      38     704)
        13                  22             0.22382   (       4      38)
        14                  22             0.23615   (      18      22)
        15                  23             0.11671   (      31     706)
        16                  23             0.14611   (     185     706)
        17                  23             0.14683   (      38    1336)
        18                  23             0.15520   (      20    1005)
        19                  23             0.18074   (      38    1306)
        20                  23             0.18289   (       7     492)
        21                  23             0.19302   (      72     706)
        22                  23             0.19317   (      76     706)
        23                  23             0.19746   (       1    1005)
        24                  23             0.19993   (      38      84)
        25                  23             0.20266   (      20     745)
        26                  23             0.20968   (      60     464)
        27                  23             0.20989   (       5    1028)
        28                  23             0.23302   (      12    1028)
        29                  23             0.23452   (      38    1969)
        30                  24             0.09838   (      30     706)
        31                  24             0.10487   (      32     706)
        32                  24             0.11230   (      84     706)
        33                  24             0.11275   (      81     706)
        34                  24             0.11686   (      64     706)
        35                  24             0.12533   (       3     706)
        36                  24             0.12906   (      38    1879)
        37                  24             0.14641   (     865    1316)
        38                  24             0.15416   (     706     837)
        39                  24             0.15522   (     186     706)
        40                  24             0.15829   (       6    1847)
        41                  24             0.15872   (      38    1335)
        42                  24             0.16552   (      38      82)
        43                  24             0.16638   (      60    1005)
        44                  24             0.17528   (      38    1305)
        45                  24             0.17528   (      38    1870)
        46                  24             0.17528   (      38    1868)
        47                  24             0.17528   (      38    1878)
        48                  24             0.17528   (      38    1872)
        49                  24             0.17815   (      38      56)
        50                  24             0.17815   (      38    1871)
        51                  24             0.17832   (       1    1028)
        52                  24             0.17974   (      38    1304)
        53                  24             0.18095   (      38    1822)
        54                  24             0.19226   (      74     706)
        55                  24             0.19261   (     199     706)
        56                  24             0.19291   (      28     706)
        57                  24             0.19291   (     205     706)
        58                  24             0.19302   (      71     706)
        59                  24             0.19302   (      73     706)
        60                  24             0.19302   (     198     706)
        61                  24             0.19302   (      75     706)
        62                  24             0.19302   (     203     706)
        63                  24             0.19302   (     200     706)
        64                  24             0.19302   (     202     706)
        65                  24             0.19312   (     447     706)
        66                  24             0.19358   (     448     706)
        67                  24             0.19901   (     865    1908)
        68                  24             0.19993   (      38    1908)
        69                  24             0.20021   (      38    1884)
        70                  24             0.20120   (     705     743)
        71                  24             0.20152   (      38     185)
        72                  24             0.20195   (     106     706)
        73                  24             0.20268   (      22    1028)
        74                  24             0.20451   (     705     734)
        75                  24             0.20467   (      12    1005)
        76                  24             0.20504   (      29     798)
        77                  24             0.20895   (      11    1028)
        78                  24             0.21193   (      38    1827)
        79                  24             0.21441   (       5    1026)
        80                  24             0.21895   (      13    1028)
        81                  24             0.21982   (       2    1007)
        82                  24             0.22048   (      12     464)
        83                  24             0.22048   (       5     464)
        84                  24             0.22293   (       7     552)
        85                  24             0.22493   (     865    1882)
        86                  24             0.22510   (      21    1028)
        87                  24             0.23267   (      33     868)
        88                  24             0.23275   (      15     868)
        89                  24             0.23275   (      35     868)
        90                  24             0.42128   (    1119    1876)
        91                  25             0.10776   (      20    1847)
        92                  25             0.16581   (     865    1847)
        93                  25             0.19263   (      20    1403)
        94                  25             0.19977   (     865    1884)
        95                  25             0.20302   (     865    1941)
        96                  25             0.20302   (     865    1929)
        97                  25             0.20451   (      20     462)
        98                  25             0.22372   (      21     464)
        99                  25             0.22467   (      31     865)
       100                  25             0.23873   (     865    1969)
