     Index              y_true              y_pred        descriptor_1        descriptor_2
         1    0.4660000000E+01    0.4349141215E+01    0.2010604501E-01    0.0000000000E+00
         2    0.6650000000E+01    0.7415555115E+01    0.6522052262E-01    0.0000000000E+00
         3    0.1316000000E+02    0.6971278236E+01    0.5868411887E-01    0.0000000000E+00
         4    0.2280000000E+01    0.2982540976E+01    0.0000000000E+00    0.0000000000E+00
         5    0.6070000000E+01    0.5266099223E+01    0.0000000000E+00   -0.1340232446E-01
         6    0.4360000000E+01    0.3468044533E+01   -0.9978460876E-02   -0.6830026840E-02
         7    0.1337000000E+02    0.1304872669E+02    0.1412709380E+00   -0.2723556000E-02
         8    0.1470000000E+02    0.2311071095E+02    0.2963851958E+00    0.9988633200E-04
         9    0.4660000000E+01    0.7987196924E+01    0.1982507678E-01   -0.2146402499E-01
        10    0.1128000000E+02    0.6543649683E+01    0.8994556946E-01    0.1498050826E-01
        11    0.7530000000E+01    0.1138933505E+02    0.2013006087E+00    0.3096237593E-01
        12    0.5980000000E+01    0.5444002869E+01    0.5828736353E-02   -0.1212126660E-01
        13    0.6970000000E+01    0.4421946806E+01    0.1769065032E-01   -0.1390842610E-02
        14    0.7350000000E+01    0.6331246145E+01    0.6767629174E-01    0.7343515648E-02
        15    0.4060000000E+01    0.7898451687E+01    0.9264967439E-02   -0.2515578484E-01
        16    0.4810000000E+01    0.7086052334E+01    0.5533799020E-01   -0.2008443903E-02
        17    0.1002000000E+02    0.1526981461E+02    0.1709357648E+00   -0.3925426080E-02
        18    0.1925000000E+02    0.1684506816E+02    0.3586129501E+00    0.6169700417E-01
        19    0.2305000000E+02    0.2197080492E+02    0.4504311962E+00    0.6824167052E-01
        20    0.2977000000E+02    0.2713254924E+02    0.3008413122E+00   -0.2172687394E-01
        21    0.3366000000E+02    0.3590234487E+02    0.3951063060E+00   -0.3559333237E-01
        22    0.2492000000E+02    0.2360613592E+02    0.2991466849E+00   -0.1706183332E-02
        23    0.2218000000E+02    0.2438667365E+02    0.3091667968E+00   -0.2290004640E-02
        24    0.1799000000E+02    0.2199118217E+02    0.3437505685E+00    0.2556532692E-01
        25    0.1262000000E+02    0.1471604880E+02    0.1746902698E+00    0.8223918300E-03
        26    0.2455000000E+02    0.2358232829E+02    0.3628809024E+00    0.2385822718E-01
        27    0.1040000000E+01    0.7986630802E+01    0.4626388412E-01   -0.1091380463E-01
        28    0.7980000000E+01    0.8226224501E+01    0.6435837348E-02   -0.2820808982E-01
        29    0.4200000000E+00   -0.1011209763E+01    0.0000000000E+00    0.2343953490E-01
        30    0.3850000000E+02    0.3050781443E+02    0.2644866290E+00   -0.5603899661E-01
        31    0.2347000000E+02    0.2309479357E+02    0.2716419635E+00   -0.9677197257E-02
        32    0.1576000000E+02    0.1229484038E+02    0.1416214942E+00    0.1840885650E-02
        33    0.2613000000E+02    0.2337329420E+02    0.3086731524E+00    0.3460649808E-02
        34    0.1546000000E+02    0.1452675824E+02    0.1595255219E+00   -0.4116132198E-02
        35    0.2213000000E+02    0.2096351459E+02    0.3425781138E+00    0.3112905000E-01
        36    0.9540000000E+01    0.7250409966E+01    0.5942165973E-01   -0.1344021120E-02
