Model_ID, [(c_i,i=0,n)_j,j=1,ntask]
           1    0.6926236446E+02    0.6356200230E+02
           2    0.4225086925E+02    0.4380037740E+02
           3    0.5228370778E+02   -0.4026774469E+02
           4    0.4233400615E+02    0.3120456646E+02
           5    0.7008707100E+02   -0.6367614137E+02
           6    0.6810556881E+02    0.2924980046E+02
           7    0.7041335356E+02    0.5881898207E+02
           8    0.7035609462E+02   -0.5906377967E+02
           9    0.5001833959E+02    0.5658325336E+02
          10    0.3223675224E+02    0.3767135043E+02
          11    0.6792201443E+02   -0.6111828064E+02
          12    0.5036026177E+02    0.3715032055E+02
          13    0.6885998286E+02    0.6267006905E+02
          14    0.6744322134E+02   -0.5736333805E+02
          15    0.6886701626E+02   -0.6267214541E+02
          16    0.5533805039E+02   -0.4296711550E+02
          17    0.5458559436E+02    0.6014619548E+02
          18    0.7419486892E+02   -0.2754927251E+02
          19    0.5714935312E+02    0.6208265312E+02
          20    0.4210511548E+02    0.4197336031E+02
          21    0.7457350493E+02    0.3460317937E+02
          22    0.7225149680E+02   -0.6853951507E+02
          23    0.6752294308E+02   -0.5710040637E+02
          24    0.4207634850E+02    0.3114739595E+02
          25    0.7055935707E+02   -0.5651650065E+02
          26    0.7694496253E+02    0.3365212453E+02
          27    0.4203921504E+02    0.3459666663E+02
          28    0.5260182174E+02    0.4006154231E+02
          29    0.7228284179E+02   -0.6628707109E+02
          30    0.7415195892E+02   -0.1730512693E+02
          31    0.6177417256E+02   -0.4823115342E+02
          32    0.7223653908E+02   -0.3355639674E+02
          33    0.4279291333E+02    0.4015090770E+02
          34    0.7585266243E+02    0.3347039424E+02
          35    0.4890279706E+02    0.3608170762E+02
          36    0.7489664651E+02   -0.2840511474E+02
          37    0.4193130735E+02    0.4163477006E+02
          38    0.5359340416E+02    0.6452719065E+02
          39    0.5461833395E+02   -0.4141164868E+02
          40    0.4561093469E+02    0.4995396286E+02
          41    0.4202189015E+02    0.4149099754E+02
          42    0.7080095427E+02    0.6485807880E+02
          43    0.7401673126E+02   -0.1664912718E+02
          44    0.6754884233E+02    0.3525005638E+02
          45    0.5297536259E+02    0.4028859588E+02
          46    0.5138317252E+02    0.3906792500E+02
          47    0.7475764900E+02    0.6089520977E+02
          48    0.7431821893E+02    0.3687314799E+02
          49    0.6823539755E+02    0.3544163272E+02
          50    0.7037103592E+02   -0.5560867116E+02
          51    0.5492428454E+02   -0.4249046622E+02
          52    0.7668869288E+02   -0.3323416269E+02
          53    0.4256080964E+02   -0.4267824669E+02
          54    0.5220944156E+02   -0.3918043866E+02
          55    0.7714551226E+02    0.3356158685E+02
          56    0.5377609974E+02   -0.4197379990E+02
          57    0.7557437979E+02   -0.3295433383E+02
          58    0.6909424771E+02   -0.5900112068E+02
          59    0.5035734999E+02   -0.3855801299E+02
          60    0.5678325917E+02    0.2033659919E+02
          61    0.7563504047E+02   -0.6428879656E+02
          62    0.7613899106E+02    0.3104094717E+02
          63    0.7562413971E+02   -0.3307116429E+02
          64    0.7549986764E+02   -0.3282180189E+02
          65    0.6766351824E+02   -0.6081010422E+02
          66    0.4436006496E+02    0.5289271000E+02
          67    0.7452157760E+02   -0.6069465002E+02
          68    0.4189155147E+02    0.4157690428E+02
          69    0.4321873913E+02    0.3856426477E+02
          70    0.5614210056E+02    0.6766288765E+02
          71    0.6764639802E+02   -0.6080759502E+02
          72    0.6729483961E+02   -0.5594775752E+02
          73    0.6327563795E+02    0.5269584140E+02
          74    0.4188180355E+02    0.4156245636E+02
          75    0.7365777509E+02   -0.1617465039E+02
          76    0.7359281526E+02    0.5354926457E+02
          77    0.7000678002E+02    0.3606425180E+02
          78    0.4221607428E+02    0.4092148761E+02
          79    0.8409536038E+02   -0.6541843464E+02
          80    0.6762816826E+02   -0.6080200075E+02
          81    0.7696766103E+02   -0.3328029171E+02
          82    0.4187215537E+02    0.4154701841E+02
          83    0.4160168990E+02    0.3494668961E+02
          84    0.5004963664E+02   -0.4307870860E+02
          85    0.4335723400E+02    0.4303912612E+02
          86    0.4205578279E+02   -0.4152227175E+02
          87    0.7351828942E+02   -0.2660873845E+02
          88    0.6823101304E+02    0.2910803227E+02
          89    0.7488665673E+02   -0.3032038364E+02
          90    0.8036952059E+02    0.3052634911E+02
          91    0.7793299352E+02    0.7175387486E+02
          92    0.5224224687E+02   -0.3879436087E+02
          93    0.7402663927E+02    0.3522335106E+02
          94    0.7172788603E+02    0.6092122181E+02
          95    0.6796579873E+02    0.3494130766E+02
          96    0.7173774739E+02   -0.6093005376E+02
          97    0.7537446429E+02   -0.3597162314E+02
          98    0.7017161748E+02   -0.6026234691E+02
          99    0.7356993411E+02    0.3486564060E+02
         100    0.6860462032E+02    0.3603486893E+02
