Model_ID, [(c_i,i=0,n)_j,j=1,ntask]
           1    0.9985369656E+01    0.1336179907E+02    0.4793443140E+02
           2    0.1681296839E+02   -0.1859022094E+02   -0.6422339707E+02
           3    0.1655185819E+02   -0.1738206416E+02    0.4845102954E+02
           4    0.1627344355E+02    0.1847975125E+02   -0.6576773426E+02
           5    0.9836151558E+01    0.1421009049E+02   -0.6265132573E+02
           6    0.6510749306E+01    0.1954067322E+02   -0.2622114516E+02
           7    0.1645834377E+02    0.1775176667E+02    0.4978294513E+02
           8    0.5142279543E+01   -0.2011201437E+02   -0.2412630400E+02
           9    0.1667843464E+02    0.1883072717E+02   -0.6322692586E+02
          10    0.5059549029E+01   -0.2018819235E+02   -0.1917188940E+02
          11    0.5035251262E+01   -0.1989982473E+02    0.2012495802E+02
          12    0.1604839556E+02    0.1719473953E+02    0.4914216172E+02
          13    0.5276406560E+01   -0.1995970873E+02   -0.1894153434E+02
          14    0.8267021613E+01    0.1763740110E+02    0.4534581488E+02
          15    0.5446103215E+01   -0.1988787664E+02   -0.1824373196E+02
          16    0.4866463899E+01   -0.2042175764E+02    0.1898960313E+02
          17    0.8438221367E+01    0.1926226852E+02    0.4737849002E+02
          18    0.4957897081E+01    0.2009756767E+02    0.3930846321E+02
          19    0.5033138213E+01   -0.1946306961E+02   -0.2099135235E+02
          20    0.5617909579E+01   -0.1969285887E+02   -0.1855748166E+02
          21    0.5313180930E+01    0.1954203131E+02   -0.2877260325E+02
          22   -0.1828296620E+01   -0.2574635444E+02    0.1947160748E+02
          23    0.5286574357E+01   -0.2021220291E+02   -0.2853758446E+02
          24    0.6661322908E+01    0.1753023183E+02    0.3415482222E+02
          25    0.1652962969E+02   -0.1612366644E+02    0.4675894691E+02
          26    0.5245493768E+01   -0.2000607091E+02   -0.1917057764E+02
          27   -0.8251591242E+00   -0.2461176774E+02    0.1739018630E+02
          28    0.1684034166E+02    0.1801213448E+02    0.4764998617E+02
          29    0.1644031030E+02    0.1752701261E+02    0.4704926394E+02
          30    0.1679215942E+02   -0.1718217088E+02   -0.6140481240E+02
          31    0.5105830006E+01   -0.1840878149E+02    0.2930112597E+02
          32    0.6633274784E+01    0.1965839260E+02   -0.2954315135E+02
          33    0.1674411890E+02    0.1883266037E+02   -0.6430599673E+02
          34    0.1802947436E+02    0.1532979578E+02    0.4674376149E+02
          35    0.1510276464E+02    0.2235946952E+02    0.4648238310E+02
          36    0.5720793802E+01   -0.8240884835E+01    0.4077477847E+02
          37    0.9866173794E+01    0.1549280746E+02    0.4818146482E+02
          38    0.1788196693E+02   -0.1945711835E+02    0.5384777889E+02
          39    0.1203991638E+02    0.2102735241E+02    0.3745789307E+02
          40    0.5154146918E+01    0.1831288315E+02    0.3474671308E+02
          41   -0.1147381326E+01    0.2515254856E+02   -0.1543003551E+02
          42    0.5152640075E+01    0.2092660184E+02    0.3276681822E+02
          43    0.5017901919E+01   -0.2037327245E+02    0.1706801824E+02
          44    0.5157737475E+01    0.2272339192E+02    0.2206580048E+02
          45    0.4350184465E+01    0.7772986566E+02    0.5573740311E+02
          46    0.3440817511E+01    0.8141207771E+02    0.5651458299E+02
          47    0.1651389006E+02    0.2166164611E+02    0.4839231892E+02
          48    0.3429929915E+01    0.8150869030E+02    0.5625349108E+02
          49    0.4480851351E+01   -0.2061285029E+02    0.4045727750E+02
          50    0.6297055104E+01    0.1947328979E+02   -0.1184715241E+02
          51   -0.2522968922E+00    0.2400240530E+02    0.1849773314E+02
          52    0.4233572332E+01    0.7854389436E+02    0.5481230822E+02
          53    0.1206643554E+02    0.2269741163E+02    0.5834681896E+02
          54    0.4218442498E+01    0.7862846101E+02    0.5482426447E+02
          55    0.1055923993E+02    0.1486651279E+02    0.5248816328E+02
          56    0.5117775876E+01    0.2221857711E+02   -0.2327245590E+02
          57    0.4313886258E+01    0.7806967802E+02    0.5476227706E+02
          58    0.4182838988E+01    0.7882036383E+02    0.5485616871E+02
          59    0.4170548901E+01    0.7888406455E+02    0.5486853174E+02
          60    0.5272850218E+01   -0.1889832568E+02   -0.2099463315E+02
          61    0.4419554331E+01    0.2083917300E+02    0.2641313200E+02
          62    0.4595736349E+01    0.2972421724E+02    0.4729938761E+02
          63    0.9456726325E+00    0.2276537682E+02    0.1562090085E+02
          64    0.4152626436E+01    0.7897436007E+02    0.5488793998E+02
          65    0.4246624956E+01    0.7827683638E+02    0.5567467519E+02
          66    0.4162461129E+01    0.7880908825E+02    0.5545115276E+02
          67    0.4161466829E+01    0.7881502126E+02    0.5544845620E+02
          68    0.3371785817E+01    0.8175110207E+02    0.5634170444E+02
          69    0.3374366061E+01    0.8173824519E+02    0.5633994664E+02
          70    0.3375410299E+01    0.8173302394E+02    0.5633924330E+02
          71    0.3376456400E+01    0.8172778307E+02    0.5633854334E+02
          72    0.3379057318E+01    0.8171470834E+02    0.5633682287E+02
          73    0.4309414221E+01    0.7785671626E+02    0.5582626059E+02
          74    0.4307316785E+01    0.7786596899E+02    0.5582828221E+02
          75    0.4306473243E+01    0.7786967187E+02    0.5582910337E+02
          76    0.4305631234E+01    0.7787335743E+02    0.5582992772E+02
          77    0.4303550821E+01    0.7788241785E+02    0.5583198472E+02
          78    0.3165298014E+02    0.3732505556E+02    0.4795669696E+02
          79    0.4993099185E+01    0.4336815008E+02   -0.3404047249E+02
          80    0.4338402210E+01    0.7764487828E+02    0.5591029818E+02
          81    0.2065428445E+02    0.3346687367E+02   -0.4280936159E+02
          82   -0.5621258738E+00   -0.2362786149E+02   -0.1687204500E+02
          83    0.7305589041E+01    0.1887638977E+02    0.3905578744E+02
          84    0.4352037629E+01    0.7754746960E+02    0.5594475085E+02
          85    0.4090891248E+01    0.7920862619E+02    0.5524097773E+02
          86    0.4087775909E+01    0.7922296865E+02    0.5524360261E+02
          87    0.4084680270E+01    0.7923709116E+02    0.5524626902E+02
          88    0.5036384754E+01    0.2329680853E+02   -0.2110506369E+02
          89    0.4364468478E+01    0.7745797763E+02    0.5597605152E+02
          90    0.4693345805E+01    0.2088873197E+02   -0.1746499629E+02
          91    0.4081436917E+01    0.7929615784E+02    0.5498460092E+02
          92    0.4081678874E+01    0.7929326859E+02    0.5498673835E+02
          93    0.4078553586E+01    0.7930769523E+02    0.5498931015E+02
          94   -0.1255924002E+01   -0.2396058630E+02   -0.1787149841E+02
          95    0.4075448069E+01    0.7932190115E+02    0.5499192429E+02
          96    0.7569356704E+01    0.2333877467E+02   -0.1300839891E+02
          97    0.5620811759E+01    0.2268222295E+02   -0.1991466821E+02
          98   -0.8345900678E-01   -0.2336452189E+02    0.1565162585E+02
          99    0.1059266034E+02    0.1327105044E+02    0.4604901546E+02
         100   -0.2479128383E+01   -0.2597566630E+02    0.1940573463E+02
