Model_ID, [(c_i,i=0,n)_j,j=1,ntask]
           1    0.6578971638E+01    0.1998543272E+02
           2    0.5987805137E+01    0.5929176264E+02
           3    0.5676404912E+01    0.3913397721E+02
           4    0.3095681605E+02    0.3835515520E+02
           5    0.6272715591E+01    0.2184335798E+02
           6    0.6188018147E+01   -0.2039705807E+02
           7    0.5543304352E+01    0.3225036793E+02
           8    0.5616158184E+01    0.3242886419E+02
           9    0.6012772660E+01    0.3168283694E+02
          10    0.6266095173E+01    0.3122743427E+02
          11    0.6103906199E+01    0.2484162197E+02
          12    0.5049480335E+01    0.3372876546E+02
          13    0.5759405841E+01    0.3214475052E+02
          14    0.5652692235E+01    0.5271332830E+02
          15    0.3002788547E+02    0.3794449346E+02
          16    0.3003229082E+02    0.3794911818E+02
          17    0.6102681554E+01   -0.3350530304E+02
          18    0.6141055107E+01    0.3137769953E+02
          19    0.6073295415E+01    0.3194538432E+02
          20    0.2148745121E+02    0.2902739650E+02
          21    0.3013111989E+02    0.3800141812E+02
          22    0.3013169352E+02    0.3800103411E+02
          23    0.3013177487E+02    0.3800097785E+02
          24    0.6050453187E+01    0.5189686738E+02
          25    0.5920757004E+01    0.3178225616E+02
          26    0.4058451469E+01    0.3136055535E+02
          27    0.5822833143E+01    0.4453875628E+02
          28    0.2965705575E+02    0.3739519159E+02
          29    0.6433706539E+01    0.3078112141E+02
          30    0.5450390429E+01   -0.5888080877E+02
          31   -0.1794343640E+01    0.4146488524E+02
          32    0.5982553246E+01   -0.7991470332E+02
          33    0.3044554627E+02    0.3917042505E+02
          34    0.6215594615E+01    0.5130995874E+02
          35    0.5733605029E+01    0.5269884251E+02
          36    0.5962614153E+01    0.5204888687E+02
          37    0.5914334609E+01    0.5218837262E+02
          38    0.2958474371E+02    0.3727099455E+02
          39    0.5864092434E+01    0.5231122888E+02
          40    0.5714695065E+01    0.5267451335E+02
          41    0.2985885643E+02    0.3679506165E+02
          42    0.5820155909E+01    0.5239157804E+02
          43    0.5591650237E+01    0.5289308918E+02
          44    0.6032285774E+01    0.5181345966E+02
          45    0.6076237958E+01    0.3899929743E+02
          46    0.1513893838E+02   -0.2350536590E+02
          47    0.5787450172E+01    0.5242608763E+02
          48    0.2880571015E+02   -0.3403503740E+02
          49    0.6423752524E+01    0.3081011518E+02
          50    0.6066521162E+01    0.3166025725E+02
          51    0.6021671901E+01    0.5173580358E+02
          52    0.3208041392E+02    0.3135740111E+02
          53    0.5630012133E+01    0.3210221545E+02
          54    0.2933301868E+02    0.3681906854E+02
          55    0.6399707495E+01    0.2790258020E+02
          56    0.4126587590E+01    0.1578685212E+03
          57    0.4485214505E+01    0.3958143609E+02
          58    0.4153609383E+01    0.1576649858E+03
          59    0.6206424212E+01    0.5122890027E+02
          60    0.6519134650E+01    0.3060527918E+02
          61    0.2956247904E+02   -0.3817706773E+02
          62    0.2870890415E+02   -0.3364623138E+02
          63    0.2956467616E+02   -0.3819315674E+02
          64    0.2968948503E+02    0.3631456560E+02
          65    0.2955403733E+02   -0.3639221858E+02
          66    0.2956910216E+02   -0.3823109372E+02
          67    0.5132525193E+01    0.3985954678E+02
          68    0.5357275996E+01    0.3236101936E+02
          69    0.4300559833E+01    0.1563540166E+03
          70    0.4865487447E+01    0.2365098325E+03
          71    0.2881124492E+02   -0.3722902640E+02
          72    0.5634386330E+01    0.4143923385E+02
          73    0.4157999843E+01    0.1561645255E+02
          74    0.2899696659E+02   -0.3669743928E+02
          75    0.1530244817E+02    0.2357722259E+02
          76    0.5452261274E+01    0.2392633671E+02
          77    0.5297876607E+01    0.3240010996E+02
          78    0.4732808117E+01   -0.2158470975E+02
          79    0.4155263240E+01    0.1570025358E+03
          80    0.2957160173E+02    0.3833509853E+02
          81    0.5671596760E+01    0.3145386410E+02
          82    0.4494114715E+01    0.1545361411E+03
          83    0.4515502032E+01    0.1543427531E+03
          84    0.4571339693E+01    0.1539079878E+03
          85    0.2874354320E+02   -0.3396455191E+02
          86    0.4120420862E+01    0.1571072059E+03
          87    0.4423428119E+01    0.1551304147E+03
          88    0.4537442283E+01    0.5226556876E+02
          89    0.4562012697E+01    0.1539048245E+03
          90    0.5524409264E+01    0.5193785642E+02
          91    0.4361665834E+01    0.1555727800E+03
          92    0.4654726117E+01    0.1530977626E+03
          93    0.4345987558E+01    0.1556689945E+03
          94    0.2898747733E+02   -0.3591886713E+02
          95    0.4685284272E+01    0.1527861714E+03
          96    0.4441391917E+01   -0.3080488284E+02
          97    0.4285751649E+01    0.5230969305E+02
          98    0.2905765777E+02   -0.3628760827E+02
          99    0.4315805326E+01    0.1558290180E+03
         100    0.2904358485E+02   -0.3626244321E+02
