Materials	feature1	feature2	feature3	feature4	feature5	feature6	feature7	feature8	feature9	feature10	feature11	feature12	feature13	feature14	feature15	feature16	feature17	feature18	feature19	feature20	feature21	feature22	feature23	feature24	feature25	feature26
sample1_group1	0.0000	0.0000	0.0000	0.0000	0.0000	0.0000	0.0000	0.0000	0.0000	0.0000	0.0000	0.0000	0.0000	0.0000	0.0000	0.0000	0.0000	0.0000	0.0000	0.0000	0.0000	0.0000	0.0000	1.0000	1.0000	0.9780
sample2_group1	0.0000	0.0000	0.0000	0.0000	0.0000	0.0000	0.0000	0.0000	0.0000	0.0000	0.0000	0.0000	0.0000	0.0000	0.0000	0.0000	0.0000	0.2414	0.0000	0.0000	0.1777	0.0000	0.4991	0.9425	0.5608	0.9402
sample3_group1	0.0000	0.0000	0.0000	0.0000	0.0000	1.0000	0.0000	0.0000	0.0000	0.0000	0.0000	0.0000	0.0000	0.0000	0.0000	0.0000	0.0000	0.3908	0.0131	0.3605	0.4366	0.0000	0.4503	0.9480	0.8039	1.0000
sample4_group1	0.0000	0.0000	0.0000	0.0000	0.0000	0.0000	1.0000	0.0000	0.0000	0.0000	0.0000	0.0000	0.0000	0.0000	0.0000	0.0000	0.0000	0.4885	0.0046	0.3372	1.0000	0.0000	0.6513	0.9036	0.6514	0.9521
sample5_group1	0.0000	0.0000	0.0000	0.0000	0.0000	0.0000	0.0000	1.0000	0.0000	0.0000	0.0000	0.0000	0.0000	0.0000	0.0000	0.0000	0.0000	0.7356	0.0022	0.4535	0.4058	0.0000	0.5735	0.6513	0.5382	0.8831
sample6_group1	0.0000	0.0000	0.0000	0.0000	0.0000	0.0000	0.0000	0.0000	0.0000	0.0000	0.0000	0.0000	0.0000	0.0000	0.0000	0.0000	0.0000	0.0632	0.3947	0.0000	0.1330	0.1777	0.1295	0.9682	0.7795	0.9583
sample7_group1	0.0000	0.0000	0.0000	0.0000	0.0000	0.0000	0.0000	0.0000	0.0000	0.0000	0.0000	0.0000	0.0000	0.0000	0.0000	0.0000	0.0000	0.1897	0.3083	0.7326	0.0949	0.3807	0.1787	0.7253	0.7336	0.7774
sample8_group1	0.0000	0.0000	0.0000	0.0000	0.0000	0.0000	0.0000	0.0000	0.0000	0.0000	0.0000	0.0000	0.0000	0.0000	0.0000	0.0000	0.0000	0.4080	0.9796	0.0000	0.2217	0.1777	0.6210	0.9098	0.3253	0.9288
sample9_group1	0.0000	0.0000	0.0000	0.0000	0.0000	0.0000	0.0000	0.0000	0.0000	0.0000	0.0000	0.0000	0.0000	0.0000	0.0000	0.0000	0.0000	0.3851	1.0000	0.7326	0.2280	0.2030	0.5612	0.7075	0.4522	0.7373
sample10_group1	0.0000	0.0000	0.0000	0.0000	0.0000	0.0000	0.0000	0.0000	0.0000	0.0000	0.0000	0.0000	0.0000	0.0000	0.0000	0.0000	0.0000	0.3851	0.3357	0.7326	0.2724	0.3807	0.5588	0.1051	0.8326	0.1384
sample11_group1	0.0000	0.0000	0.0000	1.0000	0.0000	0.0000	0.0000	0.0000	0.0000	0.0000	0.0000	0.0000	0.0000	0.0000	0.0000	0.0000	0.0000	0.5460	0.2697	1.0000	0.2724	0.2208	0.6616	0.5524	0.3850	0.7075
sample12_group1	0.0000	0.0000	0.0000	0.0000	0.3333	0.0000	0.0000	0.0000	0.0000	0.0000	0.0000	0.0000	0.0000	0.0000	0.0000	0.0000	0.0000	0.3621	0.3291	0.6395	0.2762	0.3934	0.5295	0.7416	0.5008	0.8666
sample13_group1	0.0000	0.0000	0.0000	0.0000	0.6667	0.0000	0.0000	0.0000	0.0000	0.0000	0.0000	0.0000	0.0000	0.0000	0.0000	0.0000	0.0000	0.4943	0.3081	0.6395	0.3738	0.4543	0.5593	0.7365	0.4973	0.8485
sample14_group1	0.0000	0.0000	0.0000	0.0000	1.0000	0.0000	0.0000	0.0000	0.0000	0.0000	0.0000	0.0000	0.0000	0.0000	0.0000	0.0000	0.0000	0.6034	0.2549	0.6395	0.4727	0.3934	0.5993	0.7952	0.4939	0.8614
sample15_group1	0.0000	0.0000	0.0000	0.0000	0.0000	0.2500	0.0000	0.0000	0.0000	0.0000	0.0000	0.0000	0.0000	0.0000	0.0000	0.0000	0.0000	0.2989	0.2325	0.3605	0.2420	0.2589	0.4788	0.8432	0.6468	0.8832
sample16_group1	0.0000	0.0000	0.0000	0.0000	0.0000	0.5000	0.0000	0.0000	0.0000	0.0000	0.0000	0.0000	0.0000	0.0000	0.0000	0.0000	0.0000	0.3391	0.2190	0.3605	0.3066	0.2995	0.4778	0.8468	0.6613	0.8808
sample17_group1	0.0000	0.0000	0.0000	0.0000	0.0000	0.0000	0.0000	0.0000	0.5000	0.0000	0.0000	0.0000	0.0000	0.0000	0.0000	0.0000	0.0000	0.6207	0.4911	0.3605	0.3966	0.5051	0.7117	0.8193	0.4759	0.8730
sample18_group1	0.0000	0.0000	0.0000	0.0000	0.0000	0.0000	0.0000	0.0000	0.0000	0.0000	1.0000	0.0000	0.0000	0.0000	0.0000	0.0000	0.0000	0.2989	0.2178	0.4070	0.2344	0.2284	0.5344	0.8617	0.6197	0.8587
sample19_group1	0.0000	0.0000	0.0000	0.0000	0.0000	0.0000	0.0000	0.0000	0.0000	0.0000	0.0000	0.0000	0.0000	1.0000	0.0000	0.0000	0.0000	0.3851	0.2146	0.6395	0.2217	0.1777	0.4989	0.8190	0.5910	0.8847
sample20_group1	0.0000	0.0000	0.0000	0.0000	0.0000	0.0000	0.0000	0.0000	0.0000	0.0000	0.0000	0.0000	0.0000	0.0000	0.0000	0.0000	0.0000	0.7989	0.0180	0.7326	0.3738	0.0254	0.7533	0.1619	0.0688	0.3637
sample21_group1	1.0000	0.0000	0.0000	0.0000	0.0000	0.0000	0.0000	0.0000	0.0000	0.0000	0.0000	0.0000	0.0000	0.0000	0.0000	0.0000	0.0000	0.7874	0.1450	0.7326	0.4372	0.2284	0.6994	0.1220	0.3116	0.3266
sample22_group1	0.0000	1.0000	0.0000	0.0000	0.0000	0.0000	0.0000	0.0000	0.0000	0.0000	0.0000	0.0000	0.0000	0.0000	0.0000	0.0000	0.0000	0.7874	0.2489	0.7326	0.4892	0.4365	0.7987	0.0463	0.4129	0.3654
sample23_group1	0.0000	0.0000	0.0000	0.0000	0.0000	0.0000	0.0000	0.0000	0.0000	0.0000	0.0000	0.0000	0.0000	0.0000	0.0000	0.0000	0.0000	0.7874	0.2464	0.7326	0.4245	0.1777	0.6971	0.0000	0.3249	0.4333
sample24_group1	0.0000	0.0000	0.0000	0.5000	0.0000	0.0000	0.0000	0.0000	0.0000	0.0000	0.0000	0.0000	0.0000	0.0000	0.0000	0.0000	0.0000	0.7931	0.0087	1.0000	0.3776	0.0127	0.7197	0.1419	0.3788	0.4151
sample25_group1	0.0000	0.0000	0.0000	1.0000	0.0000	0.0000	0.0000	0.0000	0.0000	0.0000	0.0000	0.0000	0.0000	0.0000	0.0000	0.0000	0.0000	0.8103	0.0059	1.0000	0.3738	0.0152	0.7433	0.3782	0.0000	0.5868
sample26_group1	0.0000	0.0000	0.0000	0.0000	0.3333	0.0000	0.0000	0.0000	0.0000	0.0000	0.0000	0.0000	0.0000	0.0000	0.0000	0.0000	0.0000	0.7701	0.2027	0.7326	0.4283	0.1904	0.6603	0.5504	0.4083	0.6175
sample27_group1	0.0000	0.0000	0.0000	0.0000	1.0000	0.0000	0.0000	0.0000	0.0000	0.0000	0.0000	0.0000	0.0000	0.0000	0.0000	0.0000	0.0000	0.7184	0.1339	0.7326	0.5234	0.1904	0.6455	0.8906	0.5887	0.9326
sample28_group1	0.0000	0.0000	0.0000	0.0000	0.0000	0.0000	0.0000	0.5000	0.0000	0.0000	0.0000	0.0000	0.0000	0.0000	0.0000	0.0000	0.0000	0.7586	0.0227	0.7326	0.3928	0.0279	0.6282	0.3458	0.2324	0.6537
sample29_group1	0.0000	0.0000	0.0000	0.0000	0.0000	0.0000	0.2500	0.0000	0.0000	0.0000	0.0000	0.0000	0.0000	0.0000	0.0000	0.0000	0.0000	0.3161	0.5163	0.3372	0.3840	0.8223	0.5307	0.8761	0.6021	0.9108
sample30_group1	0.0000	0.0000	0.0000	0.0000	0.6667	0.0000	0.0000	0.0000	0.0000	0.0000	0.0000	0.0000	0.0000	0.0000	0.0000	0.0000	0.0000	0.7471	0.0945	0.7326	0.4752	0.2208	0.6533	0.7992	0.4457	0.8560
sample31_group1	0.0000	0.0000	0.0000	0.0000	0.0000	0.0000	0.0000	0.0000	0.0000	0.0000	0.0000	0.0000	0.0000	0.0000	0.0000	0.0000	0.0000	0.3966	0.3589	0.7326	0.2280	0.4112	0.4343	0.4288	0.8701	0.1630
sample32_group1	0.0000	0.0000	0.0000	0.0000	0.0000	0.0000	0.0000	0.0000	0.0000	0.0000	0.0000	0.0000	0.0000	0.0000	0.0000	1.0000	0.0000	0.5747	0.2721	0.0000	0.3561	0.5025	0.9518	0.8623	0.0096	0.9110
sample33_group1	0.0000	0.0000	0.0000	0.0000	0.0000	0.0000	0.0000	0.0000	0.0000	0.0000	0.0000	0.0000	0.0000	0.0000	0.0000	0.0000	0.0000	0.6494	0.2540	0.7326	0.3738	0.3122	0.6369	0.1494	0.1101	0.0000
sample34_group1	0.0000	0.0000	0.0000	0.0000	0.3333	0.0000	0.0000	0.0000	0.0000	0.0000	0.0000	0.0000	0.0000	0.0000	0.0000	0.0000	0.0000	0.5000	0.3252	0.7326	0.3269	0.3782	0.5793	0.4400	0.5218	0.6092
sample35_group1	0.0000	0.0000	0.0000	0.0000	0.3333	0.0000	0.0000	0.0000	0.0000	0.0000	0.0000	0.0000	0.0000	0.0000	0.0000	0.0000	0.0000	0.6264	0.0913	0.7326	0.3776	0.3198	0.6207	0.4523	0.6101	0.6312
sample36_group1	0.0000	0.0000	0.0000	0.0000	0.3333	0.0000	0.2500	0.0000	0.0000	0.0000	0.0000	0.0000	0.0000	0.0000	0.0000	0.0000	0.0000	0.6897	0.3127	0.7326	0.5830	0.5838	0.6529	0.3856	0.4415	0.7828
sample1_group2	0.0000	0.0000	0.0000	0.0000	0.0000	0.0000	0.0000	0.0000	1.0000	0.0000	0.0000	0.0000	0.0000	0.0000	0.0000	0.0000	0.0000	0.9885	0.0104	0.3605	0.6144	0.0000	0.9244	0.8467	0.5345	0.8652
sample2_group2	0.0000	0.0000	0.0000	0.0000	0.0000	0.0000	0.0000	0.0000	0.0000	0.0000	0.0000	0.0000	0.0000	0.0000	0.0000	0.0000	0.0000	0.1897	0.1932	0.0000	0.1330	0.1777	0.3863	0.9453	0.5986	0.9418
sample3_group2	0.0000	0.0000	0.0000	0.0000	0.0000	0.0000	0.0000	0.0000	0.0000	0.0000	0.0000	0.0000	0.0000	0.0000	0.0000	0.0000	0.0000	0.1552	0.6786	0.0000	0.0886	0.3553	0.2628	0.9476	0.6119	0.9485
sample4_group2	0.0000	0.0000	0.0000	0.0000	0.0000	0.0000	0.0000	0.0000	0.0000	0.0000	0.0000	0.0000	0.0000	0.0000	0.0000	0.0000	0.0000	0.3908	0.1671	0.0000	0.1773	0.4112	0.5061	0.8819	0.1071	0.9167
sample5_group2	0.0000	0.0000	0.0000	0.0000	0.0000	0.0000	0.0000	0.0000	0.0000	0.0000	0.0000	0.0000	1.0000	0.0000	0.0000	0.0000	0.0000	0.3908	0.3498	0.7326	0.2725	0.3815	0.6585	0.7037	0.5022	0.7691
sample6_group2	0.0000	0.0000	0.0000	0.0000	0.0000	0.0000	0.0000	0.0000	0.0000	0.0000	0.0000	0.0000	0.0000	0.0000	0.0000	0.0000	0.0000	0.7989	0.0209	0.7326	0.3681	0.0279	0.8219	0.4575	0.1036	0.4586
sample7_group2	0.0000	0.0000	0.0000	0.0000	0.0000	0.0000	0.0000	0.0000	0.7500	0.0000	0.0000	0.0000	0.0000	0.0000	0.0000	0.0000	0.0000	0.8908	0.1096	0.7326	0.6005	0.0571	0.8756	0.3929	0.7729	0.1142
sample8_group2	0.0000	0.0000	0.0000	0.0000	0.0000	0.0000	0.0000	0.0000	0.0000	0.3333	0.0000	0.0000	0.0000	0.0000	0.0000	0.0000	0.0000	0.4598	0.7987	0.3372	0.4283	1.0000	0.6601	0.8437	0.4040	0.8957
sample9_group2	0.0000	0.0000	0.0000	0.0000	0.0000	0.7500	0.0000	0.0000	0.0000	0.0000	0.0000	0.0000	0.0000	0.0000	0.0000	0.0000	0.0000	0.4943	0.0783	0.7326	0.4220	0.0558	0.5108	0.7414	0.6962	0.7495
sample10_group2	0.0000	0.0000	0.0000	0.0000	0.0000	0.0000	0.0000	0.0000	0.0000	0.0000	0.0000	0.0000	0.0000	0.0000	0.0000	0.0000	0.0000	0.5632	0.2662	0.0000	0.2661	0.2056	0.7381	0.8890	0.2026	0.9216
sample11_group2	0.0000	0.0000	0.0000	0.0000	0.0000	0.0000	0.0000	0.0000	0.0000	0.0000	0.0000	0.0000	0.0000	0.0000	0.0000	0.0000	0.0000	0.7126	0.1566	0.0000	0.3117	0.1777	0.8598	0.8772	0.1087	0.9132
sample12_group2	0.0000	0.0000	0.0000	0.0000	0.0000	0.0000	0.0000	0.0000	0.0000	0.0000	0.0000	0.0000	0.0000	0.0000	0.0000	0.0000	0.0000	0.5115	0.2819	0.7326	0.3675	0.4391	0.6113	0.4671	0.2893	0.3314
sample13_group2	0.0000	0.0000	0.0000	0.5000	0.0000	0.0000	0.0000	0.0000	0.0000	0.0000	0.0000	0.0000	0.0000	0.0000	0.0000	0.0000	0.0000	0.2989	0.2297	1.0000	0.2255	0.4772	0.5755	0.8228	0.5668	0.8704
sample14_group2	0.0000	0.0000	0.0000	0.0000	0.0000	0.0000	0.0000	0.0000	0.0000	0.0000	0.0000	0.0000	0.0000	0.0000	1.0000	0.0000	0.0000	0.3851	0.3341	0.9651	0.2699	0.3680	0.5876	0.5269	0.8069	0.5271
sample15_group2	0.0000	0.0000	0.0000	0.0000	0.0000	0.0000	0.0000	0.0000	0.0000	1.0000	0.0000	0.0000	0.0000	0.0000	0.0000	0.0000	0.0000	1.0000	0.2871	0.7326	0.9785	0.7970	1.0000	0.7814	0.3244	0.8764
sample16_group2	0.0000	0.0000	0.0000	0.0000	0.0000	0.0000	0.0000	0.0000	0.0000	0.6667	0.0000	0.0000	0.0000	0.0000	0.0000	0.0000	0.0000	0.9310	0.5168	0.7326	0.7794	0.9213	0.8845	0.5229	0.0718	0.6489
sample17_group2	0.0000	0.0000	0.0000	0.0000	0.0000	0.0000	0.0000	0.0000	0.0000	0.3333	0.0000	0.0000	0.0000	0.0000	0.0000	0.0000	0.0000	0.8621	0.5012	0.7326	0.5792	0.7995	0.7820	0.5854	0.3177	0.4888
sample18_group2	0.0000	0.0000	0.0000	0.0000	0.0000	0.0000	0.0000	0.0000	0.0000	0.0000	0.0000	0.0000	0.0000	0.0000	0.0000	0.0000	0.0000	0.2586	0.5638	0.7326	0.1839	0.5266	0.3177	0.4284	0.8745	0.1618
sample19_group2	0.0000	0.0000	1.0000	0.0000	0.0000	0.0000	0.0000	0.0000	0.0000	0.0000	0.0000	0.0000	0.0000	0.0000	0.0000	0.0000	0.0000	0.4368	0.3915	1.0000	0.2375	0.2198	0.4279	0.4496	0.3178	0.3073
sample20_group2	0.0000	0.0000	0.0000	0.0000	0.0000	0.0000	0.0000	0.0000	0.0000	0.0000	0.0000	0.0000	0.0000	0.0000	0.0000	0.0000	0.0000	0.5402	0.3393	0.7326	0.3172	0.2066	0.6875	0.4128	0.8043	0.1346
sample21_group2	0.0000	0.0000	0.0000	0.0000	0.0000	0.0000	0.0000	0.0000	0.0000	0.0000	0.0000	0.0000	0.0000	0.0000	0.0000	0.0000	0.0000	0.3161	0.3132	0.7326	0.1839	0.3112	0.4297	0.7110	0.4696	0.7569
sample22_group2	0.0000	0.0000	0.0000	0.0000	0.0000	0.0000	0.0000	0.0000	0.0000	0.0000	0.0000	0.0000	0.0000	0.0000	0.0000	0.0000	0.0000	0.3218	0.4333	0.7326	0.2283	0.4708	0.4358	0.4224	0.8543	0.1496
sample23_group2	0.0000	0.0000	0.0000	0.0000	0.0000	0.0000	0.0000	0.0000	0.0000	0.0000	0.0000	0.0000	0.0000	0.0000	0.0000	0.0000	0.0000	0.6724	0.1462	0.7326	0.3231	0.0279	0.7061	0.4376	0.0807	0.4120
sample24_group2	0.0000	0.0000	0.0000	0.0000	0.0000	0.0000	0.0000	0.0000	0.0000	0.0000	0.0000	0.0000	0.0000	0.0000	0.0000	0.0000	0.0000	0.5460	0.2715	0.7326	0.2724	0.2208	0.6759	0.6840	0.1742	0.7308
sample25_group2	0.0000	0.0000	1.0000	0.0000	0.0000	0.0000	0.0000	0.0000	0.0000	0.0000	0.0000	0.0000	0.0000	0.0000	0.0000	0.0000	0.0000	0.3793	0.2245	1.0000	0.2315	0.1980	0.5023	0.5817	0.3403	0.4399
sample26_group2	0.0000	0.0000	0.0000	0.0000	0.0000	0.0000	0.0000	0.0000	0.0000	0.3333	0.0000	0.0000	0.0000	0.0000	0.0000	0.0000	0.0000	0.5920	0.7308	0.7326	0.4778	0.9518	0.7096	0.6161	0.3147	0.6647
sample27_group2	0.0000	0.0000	0.0000	0.0000	0.0000	0.0000	0.0000	0.0000	0.0000	0.0000	0.0000	1.0000	0.0000	0.0000	0.0000	0.0000	0.0000	0.3678	0.2193	0.7326	0.2344	0.1954	0.4834	0.4358	0.2708	0.1820
sample28_group2	0.0000	0.0000	1.0000	0.0000	0.0000	0.0000	0.0000	0.0000	0.0000	0.0000	0.0000	0.0000	0.0000	0.0000	0.0000	0.0000	0.0000	0.5115	0.1671	1.0000	0.3269	0.1832	0.6720	0.3658	0.1032	0.1602
sample29_group2	0.0000	0.0000	0.0000	0.0000	0.0000	0.0000	0.0000	0.0000	0.0000	0.0000	0.0000	1.0000	0.0000	0.0000	0.0000	0.0000	0.0000	0.2989	0.3080	0.7326	0.1900	0.3122	0.3520	0.5076	0.4474	0.3549
sample30_group2	0.0000	0.0000	1.0000	0.5000	0.0000	0.0000	0.0000	0.0000	0.0000	0.0000	0.0000	0.0000	0.0000	0.0000	0.0000	0.0000	0.0000	0.3218	0.3080	1.0000	0.1837	0.3020	0.4220	0.7182	0.3537	0.7639
