     Index              y_true              y_pred        descriptor_1        descriptor_2
         1    0.4460000000E+02    0.2733345553E+02   -0.1849324900E+00    0.4474362332E-02
         2    0.5015000000E+02    0.5180526396E+02   -0.4497156900E+00   -0.8489361922E-03
         3    0.1464000000E+02    0.3714444290E+02   -0.3576808400E+00    0.1165338511E-01
         4    0.4216000000E+02    0.3260217412E+02   -0.2226196000E+00    0.6263643011E-03
         5    0.5774000000E+02    0.5935915180E+02   -0.6231406900E+00    0.1033106244E-01
         6    0.6276000000E+02    0.6017913013E+02   -0.6549191100E+00    0.1335613884E-01
         7    0.9080000000E+02    0.9421604884E+02   -0.4948630600E+00   -0.6793513371E-01
         8    0.2067000000E+02    0.3033044590E+02   -0.1750948500E+00   -0.2088300493E-02
         9    0.2796000000E+02    0.2119479695E+02   -0.6069870000E-01   -0.2275580513E-02
        10    0.8285000000E+02    0.7851707227E+02   -0.7423471000E+00   -0.6154418997E-02
        11    0.6511000000E+02    0.5060765675E+02   -0.4341729600E+00   -0.9498941410E-03
        12    0.2680000000E+02    0.2173507482E+02   -0.1058196900E+00    0.3099527892E-02
        13    0.3682000000E+02    0.4996217640E+02   -0.7268423400E+00    0.4109700230E-01
        14    0.6029000000E+02    0.6239760495E+02   -0.5834007300E+00   -0.4851946225E-03
        15    0.5060000000E+01    0.3652321141E+02   -0.1816485400E+00   -0.1188954413E-01
        16    0.2548000000E+02    0.2210882214E+02    0.8525520000E-01   -0.2426910817E-01
        17    0.1850000000E+02    0.1497515882E+02    0.0000000000E+00    0.0000000000E+00
        18    0.2622000000E+02    0.3720921916E+02   -0.2597111000E+00   -0.2159775878E-02
        19    0.5301000000E+02    0.4494706977E+02   -0.4146350500E+00    0.6114470633E-02
        20    0.2045000000E+02    0.1905277208E+02   -0.6802500000E-01    0.2456188952E-02
        21    0.8872000000E+02    0.6124205565E+02   -0.7116476400E+00    0.1945001729E-01
        22    0.6383000000E+02    0.6778913605E+02   -0.6542464100E+00    0.9147753224E-04
        23    0.7520000000E+02    0.6892233027E+02   -0.6636999600E+00   -0.5476562835E-03
        24    0.6900000000E+02    0.6961970572E+02   -0.5847813500E+00   -0.1279135469E-01
        25    0.5646000000E+02    0.6268421643E+02   -0.6766413600E+00    0.1205845674E-01
        26    0.3007000000E+02    0.3206686730E+02   -0.2168915500E+00    0.7517491705E-03
        27    0.5090000000E+02    0.6393141713E+02   -0.6061855500E+00    0.4670090519E-04
        28    0.3200000000E+01    0.1497515882E+02    0.0000000000E+00    0.0000000000E+00
        29    0.3187000000E+02    0.2522247626E+02   -0.7215490000E-01   -0.7644109265E-02
        30    0.1790000000E+02    0.1831739861E+02    0.2354392000E-01   -0.9077004770E-02
        31    0.2720000000E+02    0.2128070467E+02    0.1338141200E+00   -0.2962684857E-01
        32    0.6660000000E+02    0.5878093573E+02   -0.5447827600E+00    0.3734324365E-03
        33    0.6056000000E+02    0.5864477686E+02   -0.3612111000E+00   -0.2506338696E-01
        34    0.1845000000E+02    0.2374651054E+02   -0.1037223600E+00   -0.6749612055E-03
        35    0.2551000000E+02    0.2332489313E+02    0.5274575000E-01   -0.2182731217E-01
        36    0.2078000000E+02    0.2405384573E+02   -0.2047141200E+00    0.1291681814E-01
        37    0.2817000000E+02    0.1766638695E+02   -0.2993092000E-01   -0.4718552066E-03
        38    0.4263000000E+02    0.4891438468E+02   -0.3941708000E+00   -0.3613655911E-02
        39    0.5100000000E+02    0.3969179203E+02   -0.3056781600E+00   -0.2786116209E-04
        40    0.1790000000E+02    0.2494425876E+02   -0.1303335600E+00    0.9736765389E-03
