        Rank        RMSE       MaxAE  Feature_ID
           1   22.127222   49.834401  (      31   10174)
           2   22.259492   42.442875  (      31   10106)
           3   22.503814   49.291079  (      31   11525)
           4   22.529075   48.635569  (      31   14603)
           5   22.558744   55.938591  (      31   12690)
           6   22.585263   52.245542  (      31   10122)
           7   22.620662   49.775079  (      31   10512)
           8   22.637705   50.693261  (      31   10022)
           9   22.653231   48.150146  (      31   10132)
          10   22.664022   61.655626  (     127   19136)
          11   22.664483   48.368751  (       1   10001)
          12   22.705870   52.344754  (      31   11049)
          13   22.749086   52.809001  (      31   18148)
          14   22.760840   62.382160  (      31   10008)
          15   22.762461   62.425193  (      31   10007)
          16   22.791785   52.548470  (      31   10017)
          17   22.801458   51.204821  (      31   15750)
          18   22.824113   48.695909  (      31   11333)
          19   22.827977   57.485742  (    1041   10333)
          20   22.867043   50.381549  (      31   10332)
          21   22.868231   58.347998  (      31   10050)
          22   22.872628   46.333967  (      31   13434)
          23   22.913773   53.790347  (      31   10064)
          24   22.946272   45.706380  (      31   10370)
          25   22.965862   52.298205  (      31   10010)
          26   22.971584   58.850458  (      31   10046)
          27   22.977615   45.553593  (      31   10611)
          28   22.987559   49.443714  (      31   18635)
          29   22.997872   55.946901  (      31   10019)
          30   23.002921   63.368048  (    1041   10077)
          31   23.007921   52.324607  (      31   10012)
          32   23.028272   49.734867  (      31   17810)
          33   23.030783   45.752380  (      31   10471)
          34   23.035270   56.564023  (      31   10006)
          35   23.049008   49.605464  (      31   19159)
          36   23.057622   49.792336  (      31   18214)
          37   23.085517   47.822009  (      31   10487)
          38   23.089541   45.858047  (      31   10422)
          39   23.091160   54.470827  (      31   10025)
          40   23.102350   47.106997  (      31   11515)
          41   23.110339   49.643704  (      31   19425)
          42   23.112118   63.173809  (    1041   10179)
          43   23.112971   53.963597  (      31   10038)
          44   23.114914   45.631037  (      31   10360)
          45   23.124380   53.791577  (      31   10020)
          46   23.125979   54.541493  (      31   10027)
          47   23.133482   51.862771  (      31   10083)
          48   23.138256   53.060777  (      31   10030)
          49   23.147959   54.033879  (      31   10039)
          50   23.149047   53.658301  (      31   10031)
          51   23.150830   48.838242  (      31   10119)
          52   23.151093   62.026598  (    1041   10005)
          53   23.152553   49.753893  (      31   10057)
          54   23.167234   49.166461  (      31   11013)
          55   23.167959   59.537534  (      31   10047)
          56   23.168787   48.791266  (      31   11244)
          57   23.175289   57.337985  (    1041   10988)
          58   23.193532   52.314147  (      31   10593)
          59   23.198932   50.060246  (      31   10156)
          60   23.199052   50.463873  (      31   10606)
          61   23.199935   50.710923  (      31   10679)
          62   23.200092   59.594590  (      31   15768)
          63   23.202742   54.138439  (      31   10054)
          64   23.204336   51.294814  (      31   10930)
          65   23.213715   62.543457  (      31   10061)
          66   23.223405   50.602207  (      31   14365)
          67   23.223539   49.001806  (     501   10077)
          68   23.225789   48.013562  (      31   13391)
          69   23.229731   51.990550  (      31   11204)
          70   23.231067   50.521845  (      31   10313)
          71   23.234170   58.621569  (    1041   10688)
          72   23.245206   48.122027  (      31   12604)
          73   23.253206   63.887405  (    7900   18602)
          74   23.255468   51.785988  (      31   11175)
          75   23.257195   53.348706  (      31   10035)
          76   23.261656   51.782201  (      31   10648)
          77   23.263246   42.587792  (      31   10171)
          78   23.264071   50.076031  (      31   11079)
          79   23.268675   50.635460  (      31   12652)
          80   23.269720   48.347678  (      31   16525)
          81   23.270588   53.959593  (      31   10072)
          82   23.271418   53.968221  (      31   10520)
          83   23.276352   54.293526  (      31   10600)
          84   23.276793   49.918574  (      31   14617)
          85   23.279888   55.665271  (      31   13282)
          86   23.280372   48.072501  (     501   10179)
          87   23.284241   54.019336  (      31   10265)
          88   23.289995   50.544063  (      31   10508)
          89   23.293358   53.415209  (      31   10037)
          90   23.299332   46.754127  (     432   10023)
          91   23.311793   67.934813  (    6383   10209)
          92   23.316353   50.619607  (      31   17567)
          93   23.332996   51.325672  (      31   15341)
          94   23.335093   44.489329  (      31   10193)
          95   23.345090   51.745700  (     276   10008)
          96   23.345113   48.796534  (     501   10005)
          97   23.346602   51.716960  (     276   10007)
          98   23.348973   50.549888  (      31   14576)
          99   23.350288   54.220510  (      31   10079)
         100   23.351555   52.482281  (      31   10224)
