Model_ID, [(c_i,i=0,n)_j,j=1,ntask]
           1    0.3428250048E+03   -0.3520587432E+03   -0.3671933310E+03
           2    0.3458426834E+03   -0.3536014166E+03   -0.3465842848E+03
           3    0.3485503009E+03   -0.3609142462E+03   -0.3384296206E+03
           4    0.3456065892E+03   -0.3594585017E+03   -0.3568735914E+03
           5    0.3468879686E+03   -0.3544549739E+03   -0.3310560593E+03
           6    0.3439091084E+03   -0.3527829898E+03   -0.3497194444E+03
           7    0.3446345886E+03   -0.3545263349E+03   -0.3582511130E+03
           8    0.3469320383E+03   -0.3591916924E+03    0.3428837784E+03
           9    0.3474085176E+03   -0.3620629101E+03   -0.3496675919E+03
          10    0.3439174892E+03   -0.3580019560E+03    0.3643011578E+03
          11    0.3433603232E+03   -0.3574778873E+03   -0.3658353028E+03
          12    0.3464016758E+03   -0.3586061233E+03   -0.3436706520E+03
          13    0.3434027191E+03   -0.3571209941E+03   -0.3645365691E+03
          14    0.3464395508E+03   -0.3582892709E+03   -0.3426053705E+03
          15    0.3472918846E+03   -0.3593411622E+03   -0.3383370286E+03
          16    0.3464810799E+03   -0.3579446564E+03   -0.3411902361E+03
          17    0.3434488726E+03   -0.3567336828E+03   -0.3628642529E+03
          18    0.3442934384E+03   -0.3580848648E+03   -0.3590019250E+03
          19    0.3470269316E+03   -0.3626573509E+03    0.3716675475E+03
          20    0.3463546298E+03   -0.3570546901E+03   -0.3565818423E+03
          21    0.3491703972E+03   -0.3648265788E+03   -0.3493938402E+03
          22    0.3415546990E+03    0.3357689620E+03    0.3401059601E+03
          23    0.3429200103E+03   -0.3560107084E+03   -0.3620641204E+03
          24    0.3459791326E+03   -0.3571833290E+03   -0.3398116409E+03
          25    0.3459748855E+03    0.3555763465E+03   -0.3295837987E+03
          26    0.3425831535E+03   -0.3554965167E+03    0.3626224850E+03
          27    0.3457048517E+03   -0.3553385930E+03   -0.3418072059E+03
          28    0.3456596887E+03   -0.3566472175E+03    0.3399306608E+03
          29    0.3485750722E+03   -0.3548086833E+03   -0.3193235362E+03
          30    0.3429890389E+03    0.3464121468E+03   -0.3149293479E+03
          31    0.3457414920E+03   -0.3604462120E+03    0.3556319868E+03
          32    0.3452143506E+03   -0.3590352478E+03   -0.3503468014E+03
          33    0.3451934845E+03   -0.3598806223E+03   -0.3567779947E+03
          34    0.3465386522E+03   -0.3565069254E+03   -0.3500565347E+03
          35    0.3452331688E+03   -0.3595345362E+03   -0.3555517088E+03
          36    0.3474281350E+03   -0.3579366379E+03   -0.3406886112E+03
          37    0.3493108029E+03   -0.3641558826E+03   -0.3430126882E+03
          38    0.3452764976E+03   -0.3591589804E+03   -0.3539619080E+03
          39    0.3461116650E+03   -0.3605668405E+03   -0.3507036887E+03
          40    0.2767409444E+03    0.2731333079E+03    0.4377250934E+03
          41    0.3465164676E+03   -0.3617092092E+03   -0.3567362405E+03
          42    0.3453900964E+03    0.3527033866E+03   -0.3051295831E+03
          43    0.3364721134E+03   -0.3293928860E+03    0.3452258558E+03
          44    0.3482259104E+03   -0.1773929150E+03   -0.3558523535E+03
          45    0.3447567069E+03   -0.3584032010E+03   -0.3528434969E+03
          46    0.3456570656E+03   -0.3529060996E+03   -0.3359446144E+03
          47    0.3463846096E+03   -0.3611694139E+03    0.3550407918E+03
          48    0.3439453033E+03    0.3471914716E+03   -0.3005212057E+03
          49    0.2296530661E+03    0.1915707626E+03   -0.1066598777E+03
          50    0.3353171548E+03   -0.3437201735E+03   -0.2046848589E+03
          51    0.3455257061E+03   -0.3593721996E+03   -0.3471161091E+03
          52    0.3444257128E+03   -0.3578670263E+03    0.3531556232E+03
          53    0.3397329555E+03   -0.3318726902E+03    0.3229939853E+03
          54    0.3430214548E+03   -0.3551750432E+03   -0.3646915827E+03
          55    0.3430567492E+03   -0.3522006723E+03   -0.3353159156E+03
          56    0.3469401650E+03   -0.3624435096E+03   -0.3551711337E+03
          57    0.3469780510E+03   -0.3621002440E+03   -0.3539807895E+03
          58    0.3369824117E+03   -0.3323565858E+03    0.3315321214E+03
          59    0.3478615396E+03   -0.3632073415E+03   -0.3496442494E+03
          60    0.3507092968E+03    0.3623970167E+03   -0.3277068471E+03
          61    0.3122860774E+03   -0.1593778293E+03   -0.3554345904E+03
          62    0.3470194440E+03   -0.3617273995E+03   -0.3524282825E+03
          63    0.3480263226E+03    0.3550470094E+03   -0.3342372503E+03
          64    0.2819989896E+03   -0.2434577805E+03   -0.1224872577E+03
          65    0.3457516433E+03   -0.3547824352E+03   -0.2918965447E+03
          66    0.2991465865E+03    0.2938720998E+03   -0.1995706571E+03
          67    0.3475970818E+03   -0.3574017304E+03   -0.3345831377E+03
          68    0.3456265457E+03   -0.3592047795E+03   -0.3266251077E+03
          69    0.3423964235E+03   -0.3498203090E+03   -0.3573690992E+03
          70    0.3458146006E+03   -0.3628365680E+03   -0.3557448792E+03
          71    0.3481089258E+03   -0.3588149509E+03   -0.5161436609E+03
          72    0.3420557424E+03   -0.3497174237E+03   -0.3630525374E+03
          73    0.3779310286E+03    0.3563711677E+03   -0.1246647737E+03
          74    0.3086847576E+03    0.2806429860E+03   -0.1156185260E+03
          75    0.3426808346E+03   -0.3532956800E+03   -0.3101719715E+03
          76    0.2466913227E+03    0.2209520828E+03   -0.1370808294E+03
          77    0.3435699858E+03   -0.3571006438E+03   -0.3648107597E+03
          78    0.3088510457E+03    0.2785462347E+03   -0.1205209679E+03
          79    0.3470814613E+03   -0.3569420208E+03   -0.2567314644E+03
          80    0.3429271910E+03    0.3489107783E+03   -0.2746043070E+03
          81    0.3494734625E+03   -0.2959295221E+03   -0.4403331584E+03
          82    0.2977767294E+03    0.2681725210E+03   -0.1001296466E+03
          83    0.3474290866E+03   -0.3555805502E+03   -0.3290282885E+03
          84    0.3439612112E+03    0.3512215617E+03    0.3090914056E+03
          85    0.3461648811E+03   -0.3603607891E+03    0.3511025294E+03
          86    0.3434890125E+03    0.3507520154E+03   -0.3101775469E+03
          87    0.3558146762E+03   -0.3528121033E+03   -0.3546700165E+03
          88    0.3476615100E+03   -0.3623691669E+03    0.3474544640E+03
          89    0.3435254778E+03    0.3504763754E+03   -0.3092768726E+03
          90    0.2547115219E+03    0.2532929032E+03    0.3824075187E+03
          91    0.3474566588E+03   -0.3622485846E+03    0.3485947031E+03
          92    0.2714327304E+03    0.2455796462E+03   -0.1262517773E+03
          93    0.3435658776E+03    0.3501778116E+03   -0.3080641695E+03
          94    0.3440707872E+03   -0.3555618226E+03   -0.2728665549E+03
          95    0.3490503223E+03    0.3559898389E+03   -0.3199600520E+03
          96    0.3442872601E+03    0.3513527331E+03   -0.3048933237E+03
          97    0.3440661585E+03   -0.3529999997E+03   -0.3199150764E+03
          98    0.3093652334E+03   -0.1567366358E+03   -0.1901407877E+03
          99    0.3454754753E+03   -0.3575242008E+03   -0.3576682957E+03
         100    0.3087251698E+03    0.2832814308E+03   -0.1121886337E+03
