     Index              y_true              y_pred        descriptor_1        descriptor_2
         1    0.3200000000E+01    0.3758834049E+01    0.1000000000E+01    0.0000000000E+00
         2    0.1850000000E+02    0.2578187728E+02    0.5181762500E+00   -0.2450740740E-01
         3    0.8872000000E+02    0.7698986256E+02   -0.1322042260E+01    0.9390637146E-02
         4    0.2045000000E+02    0.2157496697E+02    0.4183951900E+00    0.4390775400E-02
         5    0.2067000000E+02    0.2676718331E+02    0.2292890700E+00    0.8145718317E-02
         6    0.5301000000E+02    0.5342731748E+02   -0.6094766500E+00    0.1073299831E-01
         7    0.2817000000E+02    0.1814738587E+02    0.6151156200E+00   -0.7163150176E-02
         8    0.6524000000E+02    0.6053470138E+02   -0.6646992100E+00   -0.9835402896E-02
         9    0.4537000000E+02    0.5578128325E+02    0.3015820300E+00   -0.1134063867E+00
        10    0.1845000000E+02    0.2469230952E+02    0.5095046700E+00   -0.1919073492E-01
        11    0.4263000000E+02    0.5115080936E+02   -0.3826008300E+00   -0.9088182612E-02
        12    0.6056000000E+02    0.5350576402E+02   -0.3574330700E+00   -0.2139063040E-01
        13    0.3615000000E+02    0.4587712278E+02   -0.5469833700E+00    0.3209932200E-01
        14    0.1790000000E+02    0.3084402118E+02    0.1778240500E+00   -0.1154140608E-02
        15    0.1464000000E+02    0.4175543778E+02   -0.1036664400E+00   -0.7897037568E-02
        16    0.3187000000E+02    0.2480321806E+02    0.3622206200E+00   -0.1026369900E-02
        17    0.3120000000E+02    0.2479684652E+02    0.3900413500E+00   -0.4513955362E-02
        18    0.2551000000E+02    0.2582506656E+02    0.2879911800E+00    0.4385336580E-02
        19    0.1790000000E+02    0.2066025109E+02    0.1608983500E+00    0.4044328038E-01
        20    0.3007000000E+02    0.3112906723E+02   -0.2250092300E+00    0.4859770375E-01
        21    0.2681000000E+02    0.2733372500E+02    0.2907229000E+00   -0.1805363007E-02
        22    0.5646000000E+02    0.7357466757E+02   -0.1277843780E+01    0.1704410388E-01
        23    0.7520000000E+02    0.6739765830E+02   -0.1565466720E+01    0.7729053951E-01
        24    0.6942000000E+02    0.8073527411E+02   -0.1310461260E+01   -0.6584343044E-02
        25    0.5774000000E+02    0.5228896904E+02   -0.3939129300E+00   -0.1207026878E-01
        26    0.4307000000E+02    0.4543696814E+02   -0.1166425000E+01    0.1120072927E+00
        27    0.2720000000E+02    0.1941603386E+02    0.4859760400E+00    0.4224466400E-02
        28    0.5060000000E+01    0.1151259311E+01    0.1765938500E+00    0.1140562433E+00
        29    0.5015000000E+02    0.3996484403E+02    0.2364166400E+00   -0.4389310341E-01
        30    0.9080000000E+02    0.8627069216E+02   -0.8659209100E+00   -0.8415500609E-01
        31    0.6660000000E+02    0.6238969002E+02   -0.2806724800E+00   -0.6550530214E-01
        32    0.5100000000E+02    0.4384301599E+02   -0.2257950800E+00   -0.5677626240E-03
        33    0.7420000000E+02    0.5953087314E+02   -0.6885404300E+00   -0.2935842048E-02
        34    0.6511000000E+02    0.5868301032E+02   -0.2088298100E+00   -0.6021236174E-01
        35    0.6029000000E+02    0.5988385181E+02   -0.7167787100E+00   -0.7385938560E-03
        36    0.4460000000E+02    0.3821614094E+02    0.5497080000E-02   -0.7964313714E-02
