        Rank        RMSE       MaxAE  Feature_ID
           1    0.132801    0.246101  (       1)
           2    0.217065    0.331084  (       2)
           3    0.235395    0.460345  (       3)
           4    0.253428    0.388364  (       4)
           5    0.278675    0.535874  (       5)
           6    0.281827    0.481763  (       6)
           7    0.283543    0.512539  (       7)
           8    0.312409    0.513647  (       8)
           9    0.322193    0.593099  (       9)
          10    0.327510    0.531600  (      10)
          11    0.327857    0.471890  (      11)
          12    0.331126    0.594195  (      12)
          13    0.332124    0.529123  (      13)
          14    0.342602    0.556997  (      14)
          15    0.343424    0.574364  (      15)
          16    0.343800    0.558326  (      16)
          17    0.357214    0.693492  (      17)
          18    0.370853    0.579001  (      18)
          19    0.371541    0.635712  (      19)
          20    0.373008    0.590907  (      20)
          21    0.381017    0.750503  (      21)
          22    0.381142    0.584796  (      22)
          23    0.390974    0.633088  (      23)
          24    0.394555    0.579294  (      24)
          25    0.412895    0.572310  (      25)
          26    0.417093    0.613465  (      26)
          27    0.419988    0.594069  (      27)
          28    0.424490    0.757472  (      28)
          29    0.424970    0.763481  (      29)
          30    0.426737    0.605916  (      30)
          31    0.430360    0.730924  (      31)
          32    0.431335    0.618593  (      32)
          33    0.432938    0.780216  (      33)
          34    0.434925    0.810769  (      34)
          35    0.437081    0.875884  (      35)
          36    0.439248    0.611488  (      36)
          37    0.439468    0.695713  (      37)
          38    0.442720    0.842771  (      38)
          39    0.448084    0.632508  (      39)
          40    0.456421    0.805542  (      40)
          41    0.461118    0.638015  (      41)
          42    0.461506    0.795596  (      42)
          43    0.462345    0.951112  (      43)
          44    0.462946    0.780554  (      44)
          45    0.465905    0.697284  (      45)
          46    0.466767    0.739671  (      46)
          47    0.466986    0.937339  (      47)
          48    0.480614    0.702926  (      48)
          49    0.485332    0.861200  (      49)
          50    0.485794    1.016479  (      50)
          51    0.490043    0.850691  (      51)
          52    0.492663    0.977382  (      52)
          53    0.495293    1.015890  (      53)
          54    0.495601    0.869971  (      54)
          55    0.497512    0.838920  (      55)
          56    0.499113    0.825178  (      56)
          57    0.503242    0.788695  (      57)
          58    0.509034    0.801149  (      58)
          59    0.510675    0.911303  (      59)
          60    0.510754    0.960424  (      60)
          61    0.511562    0.664070  (      61)
          62    0.512639    0.955269  (      62)
          63    0.513481    0.611843  (      63)
          64    0.513646    0.764041  (      64)
          65    0.514679    0.857241  (      65)
          66    0.520178    1.004813  (      66)
          67    0.525086    1.094137  (      67)
          68    0.526015    0.962001  (      68)
          69    0.529699    0.881361  (      69)
          70    0.530747    0.852612  (      70)
          71    0.534589    0.845169  (      71)
          72    0.536047    1.135248  (      72)
          73    0.537905    0.990874  (      73)
          74    0.538190    0.963951  (      74)
          75    0.538450    0.876470  (      75)
          76    0.542081    0.850716  (      76)
          77    0.542433    1.083461  (      77)
          78    0.543087    0.873930  (      78)
          79    0.543595    0.841262  (      79)
          80    0.547633    0.870005  (      80)
          81    0.547732    0.985140  (      81)
          82    0.548582    0.847244  (      82)
          83    0.552145    1.043058  (      83)
          84    0.553438    1.060643  (      84)
          85    0.554972    0.725918  (      85)
          86    0.554986    0.880669  (      86)
          87    0.560174    0.957304  (      87)
          88    0.560732    0.771595  (      88)
          89    0.561448    1.022324  (      89)
          90    0.562931    1.080782  (      90)
          91    0.563944    0.917494  (      91)
          92    0.565961    0.988158  (      92)
          93    0.567080    0.935679  (      93)
          94    0.567587    0.929116  (      94)
          95    0.568356    1.118954  (      95)
          96    0.568521    1.038784  (      96)
          97    0.570450    1.035716  (      97)
          98    0.573406    1.174555  (      98)
          99    0.573670    0.958711  (      99)
         100    0.573834    0.938873  (     100)
