        Rank        RMSE       MaxAE  Feature_ID
           1    0.001160    0.002175  (      42   13188)
           2    0.001176    0.002159  (       1   10216)
           3    0.001229    0.002083  (       1   12505)
           4    0.001424    0.002654  (       1   10032)
           5    0.001695    0.002851  (       1   12754)
           6    0.001855    0.003342  (     117   14912)
           7    0.002126    0.003785  (       1   10652)
           8    0.002307    0.003894  (       1   10003)
           9    0.002314    0.003955  (       1   10001)
          10    0.002355    0.004603  (     117   15623)
          11    0.002671    0.005259  (       1   10096)
          12    0.003090    0.006286  (       1   10638)
          13    0.003154    0.005815  (     292    2001)
          14    0.003280    0.006843  (     853    1712)
          15    0.003342    0.004501  (       1   16765)
          16    0.003492    0.006145  (       1   17443)
          17    0.003560    0.007341  (     284    2924)
          18    0.003641    0.007029  (       1   12440)
          19    0.003755    0.007227  (       1   10002)
          20    0.003757    0.007448  (       1   11314)
          21    0.003799    0.007348  (       1   12299)
          22    0.003914    0.006660  (       1   10016)
          23    0.004274    0.008945  (       1   10010)
          24    0.004309    0.008074  (       1   10004)
          25    0.004342    0.007669  (       1   10158)
          26    0.004432    0.008245  (       1   10528)
          27    0.004438    0.006911  (       1   18852)
          28    0.004451    0.008871  (       1   12961)
          29    0.004529    0.006612  (       1   17029)
          30    0.004542    0.008307  (       1   11490)
          31    0.004602    0.007837  (      49      91)
          32    0.004623    0.008003  (       1   12353)
          33    0.004629    0.007588  (       1   10014)
          34    0.004637    0.008782  (       1   10006)
          35    0.004681    0.008705  (       1   12614)
          36    0.004709    0.006872  (       1   19296)
          37    0.004709    0.009802  (       1   10008)
          38    0.004731    0.009412  (     440    1497)
          39    0.004884    0.009364  (       1   10058)
          40    0.004936    0.007703  (       1   18157)
          41    0.004949    0.007653  (       1   13565)
          42    0.005021    0.007660  (       1   10090)
          43    0.005058    0.008891  (       1   15033)
          44    0.005075    0.010049  (       1   10459)
          45    0.005077    0.008478  (       1   14730)
          46    0.005081    0.009420  (       1   10024)
          47    0.005153    0.010403  (       1   12276)
          48    0.005166    0.008370  (       1   10005)
          49    0.005225    0.007550  (       1   12977)
          50    0.005229    0.008005  (       1   10116)
          51    0.005242    0.009374  (       1   10094)
          52    0.005248    0.007146  (       1   13206)
          53    0.005265    0.007926  (       1   11262)
          54    0.005357    0.008891  (       1   10206)
          55    0.005384    0.009684  (       1   10743)
          56    0.005464    0.007989  (       1   18848)
          57    0.005537    0.009597  (       1   19033)
          58    0.005537    0.008335  (       1   10007)
          59    0.005565    0.008810  (       1   14718)
          60    0.005589    0.009460  (       1   16013)
          61    0.005608    0.009662  (       1   10693)
          62    0.005628    0.008318  (       1   16078)
          63    0.005674    0.009941  (       1   15225)
          64    0.005679    0.009711  (       1   11612)
          65    0.005716    0.009189  (       1   10670)
          66    0.005719    0.010159  (       1   19351)
          67    0.005739    0.009219  (     207    8174)
          68    0.005740    0.010157  (       1   11889)
          69    0.005753    0.012217  (       1   10892)
          70    0.005760    0.012248  (       1   13444)
          71    0.005761    0.008107  (       1   11088)
          72    0.005780    0.012303  (       1   13406)
          73    0.005781    0.010816  (       1   10887)
          74    0.005799    0.008114  (       1   16924)
          75    0.005855    0.009535  (       1   10027)
          76    0.005862    0.008421  (       1   10217)
          77    0.005878    0.010255  (       1   11993)
          78    0.005901    0.011438  (       1   10035)
          79    0.005919    0.008893  (       1   10022)
          80    0.005933    0.010995  (    2344   13022)
          81    0.005933    0.010834  (       1   10129)
          82    0.005935    0.009710  (       1   18841)
          83    0.005984    0.010602  (       1   13766)
          84    0.006003    0.011843  (       1   10046)
          85    0.006051    0.011355  (       1   12705)
          86    0.006084    0.011418  (       1   13955)
          87    0.006130    0.010530  (       1   10015)
          88    0.006182    0.011764  (       1   16530)
          89    0.006215    0.009429  (       1   10554)
          90    0.006238    0.012196  (       1   17664)
          91    0.006302    0.011213  (       1   10113)
          92    0.006342    0.009519  (       1   10013)
          93    0.006368    0.012505  (       1   10054)
          94    0.006385    0.010285  (       1   11869)
          95    0.006411    0.011207  (       1   14657)
          96    0.006462    0.008567  (       1   12263)
          97    0.006466    0.008893  (       1   10011)
          98    0.006472    0.009319  (       1   13734)
          99    0.006493    0.011509  (       1   19487)
         100    0.006516    0.012986  (     117   13834)
