Model_ID, [(c_i,i=0,n)_j,j=1,ntask]
           1    0.4608958524E+02   -0.4773837412E+02   -0.2616266075E+03
           2    0.5055232964E+02    0.5665910917E+02    0.3562614791E+03
           3    0.7091736859E+02   -0.6629396534E+02    0.1535193652E+03
           4    0.5061420868E+02    0.5574248860E+02    0.3486070084E+03
           5    0.7090020596E+02   -0.6602518808E+02    0.1538721707E+03
           6    0.7092404994E+02    0.3352107031E+02    0.1522254125E+03
           7    0.7090278962E+02    0.3338274061E+02    0.1525175418E+03
           8    0.7093791789E+02    0.3386194723E+02    0.1509137007E+03
           9    0.5045037542E+02    0.5602437742E+02    0.3508928955E+03
          10    0.7090439111E+02    0.3463500395E+02    0.1488134255E+03
          11    0.5771508549E+02   -0.4424030127E+02   -0.2006223855E+03
          12    0.7130833547E+02   -0.6689242762E+02    0.8783825271E+02
          13    0.7092404781E+02    0.3397049588E+02    0.1500933249E+03
          14    0.7093111585E+02   -0.6597160455E+02    0.1518562369E+03
          15    0.5117059895E+02    0.5776085061E+02    0.2672852846E+03
          16    0.7083107449E+02   -0.6630483157E+02    0.1538734237E+03
          17    0.7088232814E+02   -0.6641980346E+02    0.1543201342E+03
          18    0.4682943655E+02   -0.4135388582E+02    0.7507219556E+03
          19    0.7082826217E+02    0.3411656784E+02    0.1498343187E+03
          20    0.7093129787E+02    0.3335439451E+02    0.1504802361E+03
          21    0.7135415588E+02   -0.6641735096E+02    0.8869363469E+02
          22    0.7089101573E+02    0.3402146419E+02    0.1511912608E+03
          23    0.7097093846E+02    0.3383796370E+02    0.1489597937E+03
          24    0.7079797684E+02   -0.6743996336E+02    0.1508037642E+03
          25    0.7084038843E+02    0.3352855458E+02    0.1525922624E+03
          26    0.7087792388E+02   -0.6633546934E+02    0.1535218098E+03
          27    0.7087661608E+02   -0.6632922282E+02    0.1535171646E+03
          28    0.7087530461E+02   -0.6632297569E+02    0.1535123764E+03
          29    0.7093538710E+02    0.3403559195E+02    0.1508144447E+03
          30    0.7093392519E+02    0.3403230187E+02    0.1508073023E+03
          31    0.7093245985E+02    0.3402901173E+02    0.1508000198E+03
          32    0.7102251048E+02   -0.6579377218E+02    0.1138496413E+03
          33    0.7088606507E+02    0.3354331139E+02    0.1522289315E+03
          34    0.7088468934E+02    0.3354011504E+02    0.1522231787E+03
          35    0.7088331006E+02    0.3353691851E+02    0.1522172844E+03
          36    0.6480754362E+02   -0.5825034766E+02    0.1418548976E+03
          37    0.7125738883E+02   -0.6512036376E+02    0.9131411035E+02
          38    0.7086906410E+02   -0.6585663538E+02    0.1527468108E+03
          39    0.7091590262E+02    0.3428129988E+02    0.1501033778E+03
          40    0.7086909594E+02    0.3329645089E+02    0.1513467858E+03
          41    0.7083843781E+02   -0.6678898645E+02    0.1525347935E+03
          42    0.7090847270E+02    0.3377938986E+02    0.1497984497E+03
          43    0.7085562163E+02    0.3377851732E+02    0.1513657454E+03
          44    0.7086695078E+02    0.3313961885E+02    0.1505966426E+03
          45    0.7089980335E+02    0.3361665144E+02    0.1489674053E+03
          46    0.7088930504E+02   -0.6634471561E+02    0.1519287801E+03
          47    0.4810437552E+02    0.4832627327E+02    0.2580520126E+03
          48    0.7089024906E+02   -0.6751949269E+02    0.1483253427E+03
          49    0.7113054491E+02   -0.6546833979E+02    0.8980147434E+02
          50    0.7094544823E+02    0.3403986136E+02    0.1492139420E+03
          51    0.7089684204E+02    0.3354778502E+02    0.1506328419E+03
          52    0.4628040601E+02   -0.4190626813E+02    0.7441240787E+03
          53    0.4645380666E+02   -0.4207245664E+02    0.7463590083E+03
          54    0.7091213504E+02   -0.6541046600E+02    0.1480049452E+03
          55    0.6465762635E+02   -0.5840850451E+02    0.1410681626E+03
          56    0.5548269343E+02   -0.4071017505E+02   -0.3518881399E+03
          57    0.6463726450E+02   -0.5860493985E+02    0.1404555928E+03
          58    0.7122242888E+02    0.3420009648E+02    0.8513407717E+02
          59    0.7118112071E+02    0.3371115289E+02    0.8599151942E+02
          60    0.7090258658E+02    0.3306567568E+02    0.1465191099E+03
          61    0.6600021412E+02   -0.6092239769E+02    0.1477043605E+03
          62    0.6460664007E+02   -0.5870519544E+02    0.1416077729E+03
          63    0.6470684630E+02   -0.5839736338E+02    0.1394545957E+03
          64    0.6465108080E+02   -0.5873820661E+02    0.1413357684E+03
          65    0.6465022231E+02   -0.5873284214E+02    0.1413280777E+03
          66    0.7261033496E+02   -0.6875759833E+02   -0.1645315459E+03
          67    0.6506442136E+02   -0.5963294838E+02    0.2575724693E+03
          68    0.6464936088E+02   -0.5872747846E+02    0.1413202558E+03
          69    0.7093025477E+02    0.3353896514E+02    0.1448584304E+03
          70    0.7093412753E+02    0.3319347255E+02    0.1118514300E+03
          71    0.4780303368E+02   -0.4009154664E+02    0.1443343130E+03
          72    0.7758872528E+02    0.2721890463E+02    0.3416134340E+03
          73    0.6468787198E+02   -0.5835438323E+02    0.1407569861E+03
          74    0.7262870057E+02    0.3524918244E+02   -0.1613507444E+03
          75    0.4695793682E+02    0.4737836616E+02    0.3335680312E+03
          76    0.7259812867E+02    0.3475372843E+02   -0.1629929420E+03
          77    0.7096477125E+02    0.3366992672E+02    0.1106115642E+03
          78    0.5626365953E+02   -0.4065948056E+02    0.1768195273E+03
          79    0.6446237311E+02   -0.5960283116E+02    0.1382350366E+03
          80    0.6548747258E+02   -0.5847973959E+02    0.1849902520E+03
          81    0.6478316909E+02   -0.5920401572E+02    0.5259381777E+03
          82    0.7080866336E+02   -0.6431245635E+02    0.1160390001E+03
          83    0.7059030486E+02   -0.6462837821E+02    0.1548419776E+03
          84    0.6457570334E+02   -0.5911244207E+02    0.1402865917E+03
          85    0.7057992451E+02   -0.6437228197E+02    0.1552931005E+03
          86    0.4700806889E+02   -0.4213453854E+02   -0.3990414896E+03
          87    0.6466717016E+02   -0.5876185647E+02    0.1399148202E+03
          88    0.7132091012E+02    0.3445234906E+02    0.2709133946E+03
          89    0.7126432732E+02   -0.6715020139E+02    0.2757821843E+03
          90    0.7086462558E+02    0.3408536502E+02    0.1483982711E+03
          91    0.5126795734E+02    0.5703256460E+02    0.2640369569E+03
          92    0.7086382336E+02    0.3419274107E+02    0.1480954483E+03
          93    0.7127230447E+02    0.3395518534E+02    0.2734662513E+03
          94    0.7161052731E+02   -0.6590623391E+02    0.1958260947E+03
          95    0.7202050832E+02    0.3609669290E+02    0.2984445201E+03
          96    0.4739731323E+02    0.4641480918E+02    0.3244441727E+03
          97    0.7151326901E+02   -0.6634855143E+02    0.2001522397E+03
          98    0.6542139044E+02   -0.5868879511E+02    0.1850974806E+03
          99    0.6632089492E+02   -0.5954159554E+02    0.1873809400E+03
         100    0.5601980426E+02   -0.4036237860E+02    0.2052371644E+03
