Model_ID, [(c_i,i=0,n)_j,j=1,ntask]
           1    0.7336603854E+02    0.5595473099E+02   -0.3912471835E+03
           2    0.7338137748E+02    0.5607857961E+02    0.3774231614E+03
           3    0.5682585710E+02   -0.3974338314E+02   -0.2967661394E+03
           4    0.7358025432E+02    0.5624001934E+02    0.3679785679E+03
           5    0.5555650765E+02   -0.3764630032E+02   -0.2947214676E+03
           6    0.7244610736E+02    0.5395150982E+02   -0.4375081760E+03
           7    0.7516459321E+02   -0.3095704117E+02   -0.2395052531E+04
           8    0.7406775485E+02    0.5773103189E+02   -0.3964947661E+03
           9    0.6088211338E+02    0.5049840822E+02   -0.3890121174E+03
          10    0.4973039177E+02   -0.4045294412E+02   -0.2316286627E+03
          11    0.6089545822E+02    0.5066268869E+02    0.3763271960E+03
          12    0.6142008606E+02   -0.4519950704E+02   -0.2924183810E+03
          13    0.5494849979E+02   -0.3919104104E+02   -0.2982838344E+03
          14    0.5226960546E+02    0.3810571556E+02   -0.2272747424E+03
          15    0.7409094316E+02    0.5786969496E+02    0.3826670943E+03
          16    0.5850738348E+02    0.2204468821E+02   -0.2485313595E+04
          17    0.5714701045E+02   -0.3980272080E+02   -0.2967852939E+03
          18    0.5490206675E+02   -0.3936120548E+02   -0.2961822832E+03
          19    0.7295119304E+02   -0.5379244060E+02   -0.3903764849E+03
          20    0.4958016005E+02   -0.4455970564E+02    0.1124835932E+04
          21    0.6106116516E+02   -0.4678985982E+02   -0.2946288386E+03
          22    0.7446191959E+02    0.5784847008E+02   -0.4012088454E+03
          23    0.6101938336E+02   -0.4589431015E+02   -0.3041366701E+03
          24    0.7358146739E+02   -0.6537968279E+02    0.9188928937E+03
          25    0.5020720504E+02   -0.4160808371E+02   -0.4218091984E+03
          26    0.6105913571E+02    0.5081127941E+02    0.3669463962E+03
          27    0.5244642632E+02   -0.3726002048E+02   -0.2254565424E+03
          28    0.4979842170E+02    0.4400301442E+02   -0.3875755332E+03
          29    0.5540056738E+02   -0.3849855122E+02   -0.2844233408E+03
          30    0.6200582017E+02   -0.4733915086E+02   -0.3052941416E+03
          31    0.4980015252E+02    0.4369846693E+02   -0.3992340606E+03
          32    0.6104000717E+02   -0.4698574251E+02   -0.2924247471E+03
          33    0.5584137447E+02   -0.3763128725E+02   -0.2947650653E+03
          34    0.6099888138E+02   -0.4609744990E+02   -0.3020323695E+03
          35    0.5056905389E+02    0.3786241397E+02   -0.4284512178E+03
          36    0.7781425947E+02   -0.7317253551E+02   -0.2129756687E+03
          37    0.7430076164E+02    0.5804759416E+02    0.3732753878E+03
          38    0.7820197271E+02   -0.7369551345E+02   -0.2113342577E+03
          39    0.6116681531E+02   -0.4413279011E+02    0.3050792920E+03
          40    0.7295873000E+02   -0.5390166497E+02    0.3763735329E+03
          41    0.5238263506E+02   -0.3756200491E+02   -0.2287262024E+03
          42    0.4977954248E+02    0.4404030611E+02    0.3757331852E+03
          43    0.4936578243E+02    0.4430244302E+02    0.1113983386E+04
          44    0.7448611710E+02    0.5798847289E+02    0.3872292879E+03
          45    0.5442807588E+02    0.3760546066E+02   -0.2969145494E+03
          46    0.6136853215E+02   -0.4570648976E+02    0.2948798465E+03
          47    0.5530617025E+02   -0.3766165410E+02    0.2980430424E+03
          48    0.5000265945E+02    0.4139299496E+02   -0.4181259955E+03
          49    0.6111743685E+02   -0.4484440373E+02   -0.2944903226E+03
          50    0.4977201543E+02    0.4370596412E+02    0.3863906335E+03
          51    0.5144892024E+02    0.3738464058E+02   -0.2136164279E+03
          52    0.6118571890E+02   -0.4500351975E+02    0.2949139497E+03
          53    0.6965461922E+02   -0.6242935273E+02   -0.3039172314E+03
          54    0.6132797148E+02   -0.4477273268E+02    0.3037619739E+03
          55    0.5437851010E+02    0.3776296492E+02   -0.2946756674E+03
          56    0.4952284794E+02   -0.4454067323E+02    0.1078452933E+04
          57    0.7210975894E+02   -0.5195240763E+02   -0.4389298028E+03
          58    0.5489226162E+02    0.3696148465E+02   -0.2836078585E+03
          59    0.6035615420E+02    0.4531157373E+02   -0.4489888182E+03
          60    0.5481658922E+02    0.3618535028E+02    0.2979071809E+03
          61    0.5085589106E+02    0.3710768345E+02   -0.4298572873E+03
          62    0.4802484634E+02   -0.4482832890E+02   -0.2305474213E+03
          63    0.5528861926E+02   -0.3796575934E+02   -0.2966222095E+03
          64    0.5489322227E+02    0.3673016103E+02    0.2972448598E+03
          65    0.5414567662E+02   -0.2591323488E+02   -0.2305057013E+03
          66    0.5020695310E+02    0.4361037650E+02    0.3504274480E+03
          67    0.6138066115E+02   -0.4591761334E+02   -0.2799288592E+03
          68    0.7458461614E+02   -0.6705306024E+02    0.8901799215E+03
          69    0.7719057420E+02    0.6110787728E+02    0.4069490951E+03
          70    0.5024556905E+02   -0.4332849344E+02   -0.3611246222E+03
          71    0.4910450081E+02   -0.4317942851E+02   -0.2149810717E+03
          72    0.7470632068E+02    0.5817856403E+02    0.3779231457E+03
          73    0.7315738429E+02   -0.5405933889E+02    0.3669746943E+03
          74    0.5731448806E+02    0.5493886790E+02   -0.2029871909E+03
          75    0.5017752323E+02   -0.4274366626E+02   -0.3676703400E+03
          76    0.5020591977E+02    0.4351865928E+02   -0.3601779563E+03
          77    0.5016431244E+02   -0.4289787022E+02    0.3561348213E+03
          78    0.8000837595E+02   -0.7009453200E+02   -0.2291037117E+03
          79    0.6113560100E+02   -0.4440765432E+02   -0.3034330138E+03
          80    0.7778229362E+02   -0.7317091221E+02   -0.2110001257E+03
          81    0.5524330105E+02   -0.3790279104E+02   -0.2965872873E+03
          82    0.5025060015E+02   -0.4331673728E+02    0.3587293537E+03
          83    0.6093389197E+02    0.4766133117E+02   -0.2969266440E+03
          84    0.6125633343E+02   -0.4553240362E+02    0.2933953999E+03
          85    0.6047832998E+02   -0.4532675591E+02   -0.4507706209E+03
          86    0.4585324909E+02    0.3931829587E+02   -0.2729503225E+03
          87    0.6122367700E+02   -0.4462636526E+02    0.3028905862E+03
          88    0.4978269021E+02    0.4416823398E+02   -0.3723236096E+03
          89    0.4977462375E+02    0.4423844424E+02    0.3616722113E+03
          90    0.5531812255E+02   -0.3779031646E+02    0.2945523790E+03
          91    0.5620892394E+02   -0.4116140617E+02   -0.2956638865E+03
          92    0.8466436059E+02    0.7547065234E+02    0.3500773167E+03
          93    0.8635894795E+02   -0.7859822821E+02    0.3838576332E+03
          94    0.4930895450E+02    0.4428431965E+02    0.1068013245E+04
          95    0.7304470963E+02    0.5553152967E+02   -0.4412221514E+03
          96    0.5471754601E+02   -0.3658348681E+02   -0.2953553953E+03
          97    0.5565301885E+02    0.3957818526E+02   -0.2944061981E+03
          98    0.7742889807E+02   -0.7281831437E+02   -0.2077765001E+03
          99    0.5013530419E+02   -0.4391099416E+02    0.3510798108E+03
         100    0.7397145668E+02    0.5682931798E+02    0.3729931821E+03
