     Index              y_true              y_pred        descriptor_1
         1    0.3200000000E+01    0.2057162676E+02    0.1000000000E+01
         2    0.1850000000E+02    0.2319108185E+02    0.9509765600E+00
         3    0.8872000000E+02    0.6774862811E+02    0.1170763300E+00
         4    0.2078000000E+02    0.2441829059E+02    0.9280091900E+00
         5    0.5301000000E+02    0.5533739980E+02    0.3493540700E+00
         6    0.2548000000E+02    0.3783563913E+02    0.6769017800E+00
         7    0.6524000000E+02    0.5983142437E+02    0.2652478200E+00
         8    0.4537000000E+02    0.3522597666E+02    0.7257419500E+00
         9    0.4263000000E+02    0.6389442707E+02    0.1892082000E+00
        10    0.3615000000E+02    0.5478440388E+02    0.3597034600E+00
        11    0.1790000000E+02    0.2796325091E+02    0.8616648000E+00
        12    0.4216000000E+02    0.2361897256E+02    0.9429685300E+00
        13    0.1464000000E+02    0.2431134663E+02    0.9300106600E+00
        14    0.3120000000E+02    0.2845751627E+02    0.8524145600E+00
        15    0.2551000000E+02    0.2247059096E+02    0.9644606400E+00
        16    0.1790000000E+02    0.1571755231E+02    0.1090844630E+01
        17    0.3007000000E+02    0.2467598157E+02    0.9231864700E+00
        18    0.2622000000E+02    0.3485690894E+02    0.7326491000E+00
        19    0.3682000000E+02    0.6542271362E+02    0.1606061200E+00
        20    0.5646000000E+02    0.6985585376E+02    0.7763933000E-01
        21    0.6900000000E+02    0.7395291981E+02    0.9622100000E-03
        22    0.7520000000E+02    0.7064851620E+02    0.6280455000E-01
        23    0.8285000000E+02    0.7243568582E+02    0.2935744000E-01
        24    0.6942000000E+02    0.7417603342E+02   -0.3213390000E-02
        25    0.7737000000E+02    0.6158662466E+02    0.2323990200E+00
        26    0.6383000000E+02    0.4982373385E+02    0.4525430400E+00
        27    0.4307000000E+02    0.5206053381E+02    0.4106810400E+00
        28    0.5060000000E+01    0.1347243288E+02    0.1132862330E+01
        29    0.5015000000E+02    0.3753405425E+02    0.6825459800E+00
        30    0.2680000000E+02    0.3210538638E+02    0.7841442000E+00
        31    0.9080000000E+02    0.8559544971E+02   -0.2169292400E+00
        32    0.6660000000E+02    0.6810920537E+02    0.1103280800E+00
        33    0.5100000000E+02    0.4634152864E+02    0.5177129600E+00
        34    0.6511000000E+02    0.4679346247E+02    0.5092549600E+00
        35    0.6029000000E+02    0.4491722641E+02    0.5443689600E+00
        36    0.4460000000E+02    0.2936762060E+02    0.8353818400E+00
