     Index              y_true              y_pred        descriptor_1        descriptor_2
         1    0.2050000000E+02    0.3574104297E+02   -0.9783000000E+00    0.0000000000E+00
         2    0.1399000000E+03    0.1396826806E+03   -0.3672404000E-01    0.0000000000E+00
         3    0.7620000000E+02    0.8516177253E+02   -0.6082736600E+00   -0.6798119000E-01
         4    0.2256100000E+03    0.1962880924E+03    0.2766336000E+00   -0.1745580900E+00
         5    0.2482000000E+03    0.2312801222E+03    0.1923193000E+00   -0.5258356200E+00
         6    0.8981300000E+02    0.7717772739E+02   -0.2816771100E+00    0.2812174200E+00
         7    0.1114000000E+03    0.1106673947E+03   -0.3922848000E+00   -0.8116308000E-01
         8    0.1338500000E+03    0.1282895373E+03    0.1331508000E+00    0.2390440000E+00
         9    0.3137600000E+03    0.2927081511E+03    0.5638677000E+00   -0.6876974300E+00
        10    0.3535000000E+03    0.3759852300E+03    0.1072450680E+01   -0.9028591500E+00
        11    0.2606000000E+03    0.2154805911E+03    0.1887793600E+00   -0.4036505200E+00
        12    0.2677000000E+03    0.2723803878E+03    0.4070275200E+00   -0.6637976600E+00
        13    0.3116500000E+03    0.2960056156E+03    0.5159167000E+00   -0.7558191900E+00
        14    0.2195740000E+03    0.1759270821E+03    0.5984370000E-01   -0.2028720600E+00
        15    0.1875850000E+03    0.1824701803E+03    0.1077847500E+00   -0.2127906400E+00
        16    0.1721500000E+03    0.1960561204E+03    0.1688951000E+00   -0.2670282400E+00
        17    0.1984000000E+03    0.2208661256E+03    0.1993328000E+00   -0.4371175800E+00
        18    0.2443500000E+03    0.2320327587E+03   -0.1525191000E-01   -0.7135025200E+00
        19    0.1516000000E+03    0.1810146791E+03    0.1052979600E+00   -0.2034259400E+00
        20    0.1839000000E+03    0.1949434575E+03    0.5676430000E-01   -0.3563597000E+00
        21    0.2720000000E+03    0.2958291317E+03    0.5110049700E+00   -0.7587192600E+00
        22    0.3410000000E+03    0.3595434424E+03    0.7728578400E+00   -0.1034733040E+01
        23    0.3958500000E+03    0.4062200584E+03    0.1108343250E+01   -0.1111190160E+01
        24    0.4062400000E+03    0.3742058251E+03    0.1001274120E+01   -0.9510540600E+00
        25    0.3410000000E+03    0.3328808921E+03    0.5498345700E+00   -0.1018534800E+01
        26    0.3124500000E+03    0.3182178168E+03    0.6391015400E+00   -0.8241222000E+00
        27    0.2930000000E+03    0.2798036302E+03    0.6243182100E+00   -0.5324541200E+00
        28    0.1832000000E+03    0.2107467980E+03    0.2794346100E+00   -0.2867578200E+00
        29    0.3410000000E+03    0.3261548845E+03    0.6104848500E+00   -0.9121097000E+00
        30    0.2300000000E+03    0.2509167671E+03    0.4612657900E+00   -0.4461221200E+00
        31    0.1591000000E+03    0.1792849002E+03    0.1500080900E+00   -0.1505722000E+00
        32    0.1744500000E+03    0.1642583038E+03   -0.1873395900E+00   -0.3267169200E+00
        33    0.4260000000E+03    0.4308997641E+03    0.1416613590E+01   -0.1037043680E+01
        34    0.3525250000E+03    0.3567775131E+03    0.1014415150E+01   -0.8013516000E+00
        35    0.3092000000E+03    0.2894582371E+03    0.5079527000E+00   -0.7108725000E+00
        36    0.2138000000E+03    0.2457002859E+03    0.3269828400E+00   -0.5223030100E+00
