Model_ID, [(c_i,i=0,n)_j,j=1,ntask]
           1    0.2998836982E+03    0.2725672487E+03    0.1486201503E+03
           2    0.2994396751E+03    0.2719359252E+03    0.1496305721E+03
           3    0.2665024395E+03    0.2485881180E+03   -0.2639293538E+03
           4    0.2701019953E+03    0.2628006834E+03   -0.4078523362E+03
           5    0.2741004490E+03    0.2561323842E+03   -0.3385663141E+03
           6    0.3000984364E+03    0.2686433795E+03    0.1532674325E+03
           7    0.2996339812E+03    0.2679988443E+03    0.1543306242E+03
           8    0.2894915342E+03    0.2601841832E+03    0.7556601971E+03
           9    0.3226475139E+03   -0.1370947979E+03   -0.2853462131E+03
          10    0.2995363799E+03    0.2640482535E+03    0.8681225920E+03
          11    0.3001907554E+03    0.2708233574E+03    0.1472957499E+03
          12    0.3000833904E+03    0.2695229091E+03    0.1485099009E+03
          13    0.2702151701E+03    0.2464614930E+03   -0.2208107905E+03
          14    0.2997496143E+03    0.2701987163E+03    0.1482987568E+03
          15    0.2996361120E+03    0.2688962077E+03    0.1495347648E+03
          16    0.3154582864E+03    0.2920179377E+03    0.1446138726E+03
          17    0.3133645928E+03    0.2731021601E+03   -0.3518541997E+03
          18    0.3146902653E+03    0.2793456726E+03   -0.1517771808E+03
          19    0.2984639559E+03    0.2681060761E+03    0.1546192614E+03
          20    0.3149846113E+03    0.2913593140E+03    0.1456440149E+03
          21    0.2979879321E+03    0.2674583831E+03    0.1557578804E+03
          22    0.2661193467E+03    0.2485970282E+03   -0.2651314554E+03
          23    0.2722405517E+03    0.2470802482E+03   -0.4852892648E+03
          24    0.2621661522E+03   -0.8478082079E+02    0.1574050152E+03
          25    0.2992542975E+03    0.2690137335E+03    0.1529776836E+03
          26    0.2737455551E+03    0.2561967049E+03   -0.3399512840E+03
          27    0.3020823254E+03    0.2718987130E+03    0.1432929374E+03
          28    0.2987876845E+03    0.2683690210E+03    0.1540689236E+03
          29    0.2998902312E+03    0.2679149100E+03    0.1498289445E+03
          30    0.2994356029E+03    0.2672859930E+03    0.1508820298E+03
          31    0.3026618848E+03    0.2724723770E+03    0.1413863998E+03
          32    0.3150499675E+03    0.2952528268E+03    0.1399303820E+03
          33    0.3007340784E+03    0.2693689960E+03    0.1442796845E+03
          34    0.3145943137E+03    0.2946094040E+03    0.1409280139E+03
          35    0.3003037177E+03    0.2687602546E+03    0.1452510625E+03
          36    0.2569945887E+03    0.2314368340E+03   -0.9404417900E+02
          37    0.2842270343E+03    0.2122949609E+03    0.7955472516E+02
          38    0.3257141851E+03    0.2754118563E+03   -0.3350001924E+03
          39    0.2698811963E+03    0.2626970694E+03   -0.4026343576E+03
          40    0.2697734418E+03    0.2464302845E+03   -0.2236876319E+03
          41    0.2987943551E+03    0.2604002837E+03    0.1573775777E+03
          42    0.2983011417E+03    0.2597603113E+03    0.1585769617E+03
          43    0.2669980608E+03    0.2558104281E+03   -0.9377373706E+02
          44    0.2972250083E+03    0.2653667256E+03    0.1559184667E+03
          45    0.2505595068E+03    0.2025153754E+03   -0.8990513760E+03
          46    0.2990494562E+03    0.2726573793E+03    0.1433344331E+03
          47    0.2550941395E+03   -0.8476491872E+02    0.1557616675E+03
          48    0.2915798686E+03    0.2724991616E+03   -0.1296282593E+03
          49    0.3334524111E+03   -0.3211523207E+03    0.4343287455E+03
          50    0.2631665910E+03    0.1210553216E+03   -0.1258022634E+03
          51    0.2738703016E+03    0.2462430843E+03    0.3075762129E+03
          52    0.2570096494E+03    0.8231755762E+02    0.1569472484E+03
          53    0.3363282617E+03    0.3030596750E+03    0.1401152222E+03
          54    0.3222427918E+03   -0.3013760371E+03   -0.2804406142E+03
          55    0.2891682018E+03    0.2560570345E+03    0.8400245427E+03
          56    0.3129037450E+03    0.2738376693E+03    0.2546808523E+03
          57    0.3271352923E+03    0.2926781610E+03    0.1136569044E+04
          58    0.3519147243E+03    0.2931947818E+03    0.1615680017E+04
          59    0.3014038944E+03    0.2698053704E+03    0.1427811979E+03
          60    0.2496589944E+03    0.2034075958E+03   -0.9197629460E+03
          61    0.3362963477E+03    0.2870146154E+03    0.2795284256E+03
          62    0.2624010536E+03    0.1158126081E+03   -0.1105506667E+03
          63    0.2138705585E+03    0.1811373766E+03    0.1288589145E+03
          64    0.2997468334E+03    0.2751540903E+03    0.1334344326E+03
          65    0.2136201551E+03    0.1807671488E+03   -0.1303888396E+03
          66    0.2770483120E+03    0.2393550671E+03   -0.3915326259E+03
          67    0.2689273156E+03    0.2444858536E+03    0.5748422656E+03
          68    0.3009815869E+03    0.2692003847E+03    0.1437136934E+03
          69    0.3080855826E+03    0.2753480226E+03    0.1556790535E+03
          70    0.2787510230E+03    0.2471835450E+03   -0.2053102438E+03
          71    0.2632648808E+03    0.2485646626E+03   -0.4021900011E+03
          72    0.2783263363E+03    0.2457910024E+03   -0.2107547563E+03
          73    0.2842473646E+03    0.2513876047E+03   -0.6409790167E+02
          74    0.2892298140E+03    0.2560596595E+03    0.8440070994E+03
          75    0.2707648554E+03    0.2608998128E+03   -0.3813412958E+03
          76    0.2804108674E+03    0.2581718794E+03   -0.9749868217E+02
          77    0.2667289584E+03    0.2542593723E+03    0.9124156466E+02
          78    0.2675610195E+03    0.2488757713E+03    0.2401074567E+03
          79    0.3348800641E+03    0.3005316893E+03    0.1360382506E+03
          80    0.2732930878E+03    0.2625998060E+03   -0.6665681816E+03
          81    0.2632548758E+03    0.1191680590E+03   -0.6326710678E+02
          82    0.2968965011E+03    0.2646663611E+03    0.1561167155E+03
          83    0.3340677339E+03   -0.3201944841E+03    0.4322075461E+03
          84    0.2439981886E+03    0.1992704353E+03   -0.8420307861E+03
          85    0.2747822268E+03    0.2545543177E+03    0.3060575545E+03
          86    0.2665996934E+03    0.2539838482E+03    0.9144613674E+02
          87    0.2722983005E+03    0.2430363501E+03   -0.5081949969E+03
          88    0.2989595979E+03    0.2641627996E+03    0.8491839746E+03
          89    0.2896920438E+03    0.2658699755E+03    0.2611010342E+03
          90    0.2430760154E+03    0.2001848746E+03   -0.8622686313E+03
          91    0.3013836379E+03    0.2577232286E+03    0.1597208068E+03
          92    0.2887592475E+03    0.2677996785E+03    0.7262537690E+03
          93    0.2631780253E+03    0.1195815403E+03   -0.6406000271E+02
          94    0.2700480314E+03    0.2408631418E+03   -0.5848941553E+03
          95    0.3311655924E+03    0.3008776143E+03   -0.1483769732E+03
          96    0.2992992358E+03    0.2732943671E+03    0.8587571002E+03
          97    0.2740183834E+03    0.2490835325E+03   -0.4397908682E+03
          98    0.2621569467E+03    0.1182755641E+03    0.6522752806E+02
          99    0.2735195120E+03    0.2485309971E+03   -0.4662075812E+03
         100    0.3076808856E+03    0.2746394745E+03    0.1561868584E+03
