        Rank        RMSE       MaxAE  Feature_ID
           1   28.733972  111.386165  (     106   15039)
           2   28.769283  111.945373  (     106   15678)
           3   29.125789  100.302746  (       1   10004)
           4   29.135532   99.888922  (       1   10001)
           5   29.142250  101.249894  (       1   10002)
           6   29.153965  111.887340  (     282   15039)
           7   29.186825  112.469391  (     282   15678)
           8   29.336710  115.308785  (       1   10003)
           9   29.424666  114.344987  (    6397   13506)
          10   29.448565  107.306328  (      58   10003)
          11   29.451318  111.397282  (     177   15039)
          12   29.455532  111.741915  (     211   15039)
          13   29.463349  100.047886  (       1   10005)
          14   29.485487  111.952389  (     177   15678)
          15   29.488168  112.303536  (     211   15678)
          16   29.496598  118.286400  (     132   15039)
          17   29.500226   97.108711  (     160   13392)
          18   29.506788   97.131897  (     160   13502)
          19   29.510292  113.619852  (     424   15039)
          20   29.524508  118.821548  (     132   15678)
          21   29.534105  114.214048  (     424   15678)
          22   29.541820  100.093646  (       3   10004)
          23   29.543166  103.368353  (     163   10001)
          24   29.547710  106.930633  (    3666    6197)
          25   29.563137  112.663907  (     374   15039)
          26   29.565034  101.031040  (       3   10002)
          27   29.572018  109.309512  (     105   15678)
          28   29.591611  113.248149  (     374   15678)
          29   29.610642  112.228455  (     281   15039)
          30   29.640869  112.797830  (     281   15678)
          31   29.654647  108.625288  (     105   15039)
          32   29.656017  118.392793  (      85   15039)
          33   29.659341  111.119309  (     154   15039)
          34   29.683091  118.908500  (      85   15678)
          35   29.694106  111.660735  (     154   15678)
          36   29.742648  107.183667  (       1   11199)
          37   29.756656   87.315571  (    3755    4247)
          38   29.766055  100.126603  (      83   13392)
          39   29.767548   99.259029  (       3   10001)
          40   29.770991  100.044227  (       3   10005)
          41   29.794801  114.695381  (     666   15039)
          42   29.812914  115.305358  (     666   15678)
          43   29.857271  123.453483  (       1   10006)
          44   29.862399  115.358596  (     607   15039)
          45   29.864237   98.717009  (      22   10288)
          46   29.866208  101.158890  (      17   10148)
          47   29.868144  105.128508  (    3666    6444)
          48   29.868880  106.869630  (      17   19173)
          49   29.873186   98.543824  (    1492   10023)
          50   29.878534  113.379289  (       7   10978)
          51   29.889293   95.659636  (       1   10023)
          52   29.898784  103.763614  (    4247    9798)
          53   29.899551  103.540868  (     873   13960)
          54   29.917964  112.990945  (    6226   13506)
          55   29.922554  118.506929  (       1   10007)
          56   29.926518   95.166324  (     160   11619)
          57   29.928196  115.755851  (     418   10351)
          58   29.928227  103.027713  (      62   11526)
          59   29.934695  110.369876  (     169   15039)
          60   29.940528   99.687276  (      48   10288)
          61   29.941294   97.915321  (     141   17932)
          62   29.948609  117.802400  (       7   15677)
          63   29.949827  119.677102  (      69   12082)
          64   29.958301  102.583609  (      17   10458)
          65   29.960353  120.188006  (      69   11661)
          66   29.962220  104.127750  (     163   10002)
          67   29.964076  105.877659  (    1726   10399)
          68   29.972374  110.902563  (     169   15678)
          69   29.973187  103.503903  (     642   15039)
          70   29.975580  114.079678  (       1   10028)
          71   29.977888  102.246787  (     250   10002)
          72   29.983824  114.888406  (       1   10044)
          73   29.990908  109.840095  (      98   11083)
          74   29.993628  118.526572  (       1   10011)
          75   29.996626   98.096574  (       1   10008)
          76   30.004050  109.389425  (       1   10010)
          77   30.008813  124.150342  (       1   10012)
          78   30.009941   98.040568  (       1   10020)
          79   30.010022  101.006410  (     601   13960)
          80   30.012217   94.584007  (       1   10009)
          81   30.012922  114.607651  (       7   10125)
          82   30.012989  115.814886  (     607   15678)
          83   30.017944   98.977917  (    1525   10023)
          84   30.019355  105.040299  (       6   10288)
          85   30.032435   94.882141  (       1   10013)
          86   30.034824  124.355592  (       1   10015)
          87   30.040292  103.988878  (     486   10001)
          88   30.051393  107.462019  (      76   10003)
          89   30.053959  115.526377  (      17   10356)
          90   30.057304  105.998020  (      11   10288)
          91   30.059620  113.977400  (    1011   15039)
          92   30.066482  122.751253  (       1   10016)
          93   30.068849  114.396036  (       7   10200)
          94   30.069931  106.738799  (    1726   10221)
          95   30.071618  100.515895  (    1989   16123)
          96   30.072216  115.962138  (      58   10016)
          97   30.076059  102.375775  (      47   10001)
          98   30.077720  116.328228  (       7   10152)
          99   30.077847  103.652779  (     140   10001)
         100   30.081802  104.035747  (     642   15678)
