      rank       #data_overlap        size_overlap          feature_ID
         1                  16             0.36320   (     603    1601)
         2                  16             0.36320   (     615    1601)
         3                  16             0.36320   (     639    1601)
         4                  16             0.36320   (     643    1601)
         5                  17             0.40624   (     639    1185)
         6                  17             0.40624   (     643    1185)
         7                  17             0.40624   (     615    1185)
         8                  18             0.18142   (     385    1079)
         9                  18             0.20790   (      34    1396)
        10                  18             0.22339   (      34    1083)
        11                  18             0.23447   (      75      81)
        12                  18             0.23447   (      75    1172)
        13                  18             0.24806   (     385    1114)
        14                  18             0.26141   (      74    1601)
        15                  18             0.28920   (     737    1079)
        16                  18             0.36639   (     639    1593)
        17                  18             0.36639   (     643    1593)
        18                  18             0.36639   (     603    1593)
        19                  18             0.36639   (     615    1593)
        20                  18             0.40624   (     624     639)
        21                  18             0.40624   (     624     643)
        22                  18             0.40624   (     639    1541)
        23                  18             0.40624   (     639    1562)
        24                  18             0.40624   (     639    1582)
        25                  18             0.40624   (     639    1583)
        26                  18             0.40624   (     639    1584)
        27                  18             0.40624   (     639    1592)
        28                  18             0.40624   (     639    1598)
        29                  18             0.40624   (     639    1604)
        30                  18             0.40624   (     643    1541)
        31                  18             0.40624   (     643    1562)
        32                  18             0.40624   (     643    1582)
        33                  18             0.40624   (     643    1583)
        34                  18             0.40624   (     643    1584)
        35                  18             0.40624   (     643    1592)
        36                  18             0.40624   (     643    1598)
        37                  18             0.40624   (     643    1604)
        38                  18             0.40624   (     603    1562)
        39                  18             0.40624   (     603    1582)
        40                  18             0.40624   (     603    1583)
        41                  18             0.40624   (     603    1584)
        42                  18             0.40624   (     603    1592)
        43                  18             0.40624   (     603    1598)
        44                  18             0.40624   (     603    1604)
        45                  18             0.40624   (     615     624)
        46                  18             0.40624   (     615    1541)
        47                  18             0.40624   (     615    1562)
        48                  18             0.40624   (     615    1582)
        49                  18             0.40624   (     615    1583)
        50                  18             0.40624   (     615    1584)
        51                  18             0.40624   (     615    1592)
        52                  18             0.40624   (     615    1598)
        53                  18             0.40624   (     615    1604)
        54                  19             0.15896   (       7    1396)
        55                  19             0.18091   (       7    1083)
        56                  19             0.18526   (      34    1106)
        57                  19             0.19341   (      81     186)
        58                  19             0.19341   (      81     190)
        59                  19             0.19341   (     186    1172)
        60                  19             0.19341   (     190    1172)
        61                  19             0.20443   (      34    1072)
        62                  19             0.22211   (      32    1840)
        63                  19             0.22374   (      25    1862)
        64                  19             0.23701   (      75    1593)
        65                  19             0.24889   (      74      81)
        66                  19             0.24889   (      74    1172)
        67                  19             0.24909   (     400    1172)
        68                  19             0.24909   (     396    1172)
        69                  19             0.24909   (      81     396)
        70                  19             0.24909   (      81     400)
        71                  19             0.24917   (      75    1584)
        72                  19             0.25022   (     182    1172)
        73                  19             0.25022   (      81     182)
        74                  19             0.25063   (     192    1172)
        75                  19             0.25063   (      81     192)
        76                  19             0.25793   (     385    1010)
        77                  19             0.26055   (     385    1113)
        78                  19             0.26141   (      74    1584)
        79                  19             0.28920   (     738    1079)
        80                  19             0.28920   (     735    1079)
        81                  19             0.28920   (     736    1079)
        82                  19             0.36317   (     710    1172)
        83                  19             0.36774   (     735    1065)
        84                  19             0.36774   (     737    1065)
        85                  19             0.39439   (     737    1114)
        86                  19             0.42396   (     738    1114)
        87                  20             0.21433   (     408    1002)
        88                  20             0.21462   (     186    1601)
        89                  20             0.21471   (      81     395)
        90                  20             0.21471   (      81     399)
        91                  20             0.25022   (     187    1172)
        92                  20             0.25022   (     189    1172)
        93                  20             0.26055   (     385    1360)
        94                  20             0.26055   (     385    1354)
        95                  20             0.29201   (     737    1233)
        96                  20             0.29774   (     684    1172)
        97                  20             0.31189   (     738    1001)
        98                  20             0.32951   (     688    1606)
        99                  20             0.35064   (     714    1601)
       100                  20             0.36774   (     738    1065)
