     Index              y_true              y_pred        descriptor_1
         1    0.3200000000E+01    0.1192564172E+02    0.1000000000E+01
         2    0.1850000000E+02    0.1584951193E+02    0.9397000000E+00
         3    0.8872000000E+02    0.7211138548E+02    0.7509674000E-01
         4    0.2045000000E+02    0.1411164218E+02    0.9664066800E+00
         5    0.2078000000E+02    0.1851031825E+02    0.8988101100E+00
         6    0.5301000000E+02    0.5483731604E+02    0.3405556700E+00
         7    0.2817000000E+02    0.2591369891E+02    0.7850388000E+00
         8    0.6524000000E+02    0.4977971088E+02    0.4182783200E+00
         9    0.4537000000E+02    0.2679795901E+02    0.7714499500E+00
        10    0.1845000000E+02    0.2801124115E+02    0.7528048600E+00
        11    0.6056000000E+02    0.4255302216E+02    0.5293343200E+00
        12    0.3615000000E+02    0.3862070554E+02    0.5897641200E+00
        13    0.5090000000E+02    0.5602016183E+02    0.3223783100E+00
        14    0.4216000000E+02    0.3590400782E+02    0.6315129200E+00
        15    0.1464000000E+02    0.3877377097E+02    0.5874118900E+00
        16    0.2796000000E+02    0.3399648111E+02    0.6608268000E+00
        17    0.3187000000E+02    0.3585313416E+02    0.6322947200E+00
        18    0.3120000000E+02    0.3852860131E+02    0.5911795300E+00
        19    0.2551000000E+02    0.2609415139E+02    0.7822657000E+00
        20    0.3007000000E+02    0.3821774945E+02    0.5959565400E+00
        21    0.2681000000E+02    0.3553106575E+02    0.6372441000E+00
        22    0.5646000000E+02    0.7521746192E+02    0.2736417000E-01
        23    0.6900000000E+02    0.7109089225E+02    0.9077915000E-01
        24    0.8285000000E+02    0.7451501692E+02    0.3815898000E-01
        25    0.6942000000E+02    0.7522648617E+02    0.2722549000E-01
        26    0.7737000000E+02    0.6904784951E+02    0.1221755700E+00
        27    0.5774000000E+02    0.3719933334E+02    0.6116070300E+00
        28    0.4307000000E+02    0.6372810250E+02    0.2039266800E+00
        29    0.6276000000E+02    0.4591933969E+02    0.4776025000E+00
        30    0.5060000000E+01    0.1156333119E+02    0.1005567800E+01
        31    0.5015000000E+02    0.4794154622E+02    0.4465262800E+00
        32    0.2680000000E+02    0.4483061342E+02    0.4943334800E+00
        33    0.9080000000E+02    0.8603280586E+02   -0.1388404200E+00
        34    0.6660000000E+02    0.6914141267E+02    0.1207377400E+00
        35    0.5100000000E+02    0.4359140445E+02    0.5133770000E+00
        36    0.4460000000E+02    0.4041312685E+02    0.5622191200E+00
