Materials	feature1	feature2	feature3	feature4	feature5	feature6	feature7	feature8	feature9	feature10	feature11	feature12	feature13	feature14	feature15	feature16	feature17	feature18	feature19	feature20	feature21	feature22	feature23	feature24	feature25	feature26	feature27
sample1_group1	0.0000	0.0000	0.0000	0.0000	0.0000	0.0000	0.0000	0.0000	0.0000	0.0000	0.0000	0.0000	0.0000	0.0000	0.0000	0.0000	1.0000	0.0000	0.0000	0.0000	0.0978	0.0000	0.4457	0.9735	0.6110	0.9410	1.0000
sample2_group1	0.0000	0.0000	0.0000	0.0000	0.0000	0.0000	0.0000	0.0000	0.0000	0.0000	0.0000	0.0000	0.0000	0.0000	0.0000	0.0000	1.0000	0.0977	0.0000	0.7326	0.3203	0.0000	0.6428	0.2032	0.3961	0.3956	0.4727
sample3_group1	0.0000	0.0000	0.0000	0.0000	1.0000	0.0000	0.0000	0.0000	0.0000	0.0000	0.0000	0.0000	0.0000	0.0000	0.0000	0.0000	0.9997	0.0252	0.0141	0.4535	0.1530	0.0000	0.0000	1.0000	1.0000	0.9819	0.9998
sample4_group1	0.0000	0.0000	0.0000	0.0000	0.0000	1.0000	0.0000	0.0000	0.0000	0.0000	0.0000	0.0000	0.0000	0.0000	0.0000	0.0000	1.0000	0.0000	0.0131	0.3605	0.3818	0.0000	0.3918	0.9791	0.8759	1.0000	0.9998
sample5_group1	0.0000	0.0000	0.0000	0.0000	0.0000	0.0000	1.0000	0.0000	0.0000	0.0000	0.0000	0.0000	0.0000	0.0000	0.0000	0.0000	0.9997	0.0452	0.0046	0.3372	1.0000	0.0000	0.6142	0.9333	0.7097	0.9528	0.9999
sample6_group1	0.0000	0.0000	0.0000	0.0000	0.0000	0.0000	0.0000	1.0000	0.0000	0.0000	0.0000	0.0000	0.0000	0.0000	0.0000	0.0000	0.9998	0.0326	0.0022	0.4535	0.3480	0.0000	0.5281	0.6727	0.5864	0.8847	0.5338
sample7_group1	0.0000	0.0000	0.0000	0.0000	0.0000	0.0000	0.0000	0.0000	0.0000	0.0000	0.0000	0.0000	0.0000	0.0000	0.0000	0.0000	0.9995	0.0836	0.3083	0.7326	0.0070	0.3807	0.0912	0.7492	0.7993	0.7804	0.0882
sample8_group1	0.0000	0.0000	0.0000	0.0000	0.0000	0.0000	0.0000	0.0000	0.0000	0.0000	0.0000	0.0000	0.0000	0.0000	0.0000	0.0000	0.9991	0.1398	0.2167	0.7326	0.2156	0.3807	0.4641	0.1865	0.6156	0.4810	0.2771
sample9_group1	0.0000	0.0000	0.0000	0.0000	0.0000	0.0000	0.0000	0.0000	0.0000	0.0000	0.0000	0.0000	0.0000	0.0000	0.0000	0.0000	0.9998	0.0336	1.0000	0.7326	0.1530	0.2030	0.5145	0.7307	0.4927	0.7409	0.5713
sample10_group1	0.0000	0.0000	0.0000	0.0000	0.0000	0.0000	0.0000	0.0000	0.0000	0.0000	0.0000	0.0000	0.0000	0.0000	0.0000	0.0000	0.9998	0.0709	0.2888	0.7326	0.2086	0.2335	0.5540	0.2815	0.3015	0.4368	0.3754
sample11_group1	0.0000	0.0000	1.0000	0.0000	0.0000	0.0000	0.0000	0.0000	0.0000	0.0000	0.0000	0.0000	0.0000	0.0000	0.0000	0.0000	0.9996	0.0972	0.2697	1.0000	0.2017	0.2208	0.6256	0.5706	0.4194	0.7115	0.3759
sample12_group1	0.0000	0.0000	0.0000	0.3333	0.0000	0.0000	0.0000	0.0000	0.0000	0.0000	0.0000	0.0000	0.0000	0.0000	0.0000	0.0000	0.9993	0.1345	0.3291	0.6395	0.2058	0.3934	0.4794	0.7659	0.5456	0.8684	0.4528
sample13_group1	0.0000	0.0000	0.0000	1.0000	0.0000	0.0000	0.0000	0.0000	0.0000	0.0000	0.0000	0.0000	0.0000	0.0000	0.0000	0.0000	0.9985	0.2317	0.2549	0.6395	0.4214	0.3934	0.5566	0.8214	0.5381	0.8632	0.4971
sample14_group1	0.0000	0.0000	0.0000	0.0000	0.0000	0.7500	0.0000	0.0000	0.0000	0.0000	0.0000	0.0000	0.0000	0.0000	0.0000	0.0000	0.9997	0.0604	0.1691	0.3605	0.3102	0.2589	0.4017	0.9073	0.7543	0.9418	0.4085
sample15_group1	0.0000	0.0000	0.0000	0.0000	0.0000	0.0000	0.0000	0.0000	0.2500	0.0000	0.0000	0.0000	0.0000	0.0000	0.0000	0.0000	0.9996	0.0767	0.4680	0.3605	0.2170	0.4365	0.5446	0.8364	0.5023	0.8756	0.3586
sample16_group1	0.0000	0.0000	0.0000	0.0000	0.0000	0.0000	0.0000	0.0000	0.5000	0.0000	0.0000	0.0000	0.0000	0.0000	0.0000	0.0000	0.9995	0.1161	0.4911	0.3605	0.3380	0.5051	0.6810	0.8462	0.5185	0.8747	0.1965
sample17_group1	0.0000	0.0000	0.0000	0.0000	0.0000	0.0000	0.0000	0.0000	0.7500	0.0000	0.0000	0.0000	0.0000	0.0000	0.0000	0.0000	0.9996	0.1245	0.2705	0.3605	0.4576	0.4365	0.7836	0.8405	0.4681	0.8756	0.1868
sample18_group1	0.0000	0.0000	0.0000	0.0000	0.0000	0.0000	0.0000	0.0000	0.0000	0.0000	1.0000	0.0000	0.0000	0.0000	0.0000	0.0000	0.9996	0.0504	0.2178	0.4070	0.1599	0.2284	0.4848	0.8900	0.6751	0.8606	0.6383
sample19_group1	0.0000	0.0000	0.0000	0.0000	0.0000	0.0000	0.0000	0.0000	0.0000	0.0000	0.0000	0.0000	1.0000	0.0000	0.0000	0.0000	0.9997	0.0641	0.2146	0.6395	0.1460	0.1777	0.4455	0.8459	0.6439	0.8863	0.5872
sample20_group1	0.0000	0.0000	0.0000	0.0000	0.0000	0.0000	0.0000	0.0000	0.0000	0.0000	0.0000	0.0000	0.0000	0.0000	0.0000	0.0000	0.9998	0.1377	0.0180	0.7326	0.3129	0.0254	0.7270	0.1672	0.0750	0.3723	0.4879
sample21_group1	1.0000	0.0000	0.0000	0.0000	0.0000	0.0000	0.0000	0.0000	0.0000	0.0000	0.0000	0.0000	0.0000	0.0000	0.0000	0.0000	0.9998	0.0946	0.1450	0.7326	0.3825	0.2284	0.6674	0.1261	0.3394	0.3357	0.4768
sample22_group1	0.0000	1.0000	0.0000	0.0000	0.0000	0.0000	0.0000	0.0000	0.0000	0.0000	0.0000	0.0000	0.0000	0.0000	0.0000	0.0000	0.9998	0.0599	0.2489	0.7326	0.4395	0.4365	0.7772	0.0478	0.4498	0.3740	0.5543
sample23_group1	0.0000	0.0000	0.0000	0.0000	0.0000	0.0000	0.0000	0.0000	0.0000	0.0000	0.0000	0.0000	0.0000	0.0000	0.0000	0.0000	0.9996	0.0904	0.2464	0.7326	0.3686	0.1777	0.6648	0.0000	0.3540	0.4410	0.7520
sample24_group1	0.0000	0.0000	0.0000	0.0000	0.0000	0.0000	0.0000	0.0000	0.0000	0.0000	0.0000	0.0000	0.0000	0.0000	0.0000	0.0000	0.9995	0.0536	0.1566	1.0000	0.2684	0.1904	0.5529	0.2734	0.0508	0.0000	0.2541
sample25_group1	0.0000	0.0000	0.5000	0.0000	0.0000	0.0000	0.0000	0.0000	0.0000	0.0000	0.0000	0.0000	0.0000	0.0000	0.0000	0.0000	0.9997	0.0578	0.0087	1.0000	0.3171	0.0127	0.6898	0.1465	0.4127	0.4230	0.2274
sample26_group1	0.0000	0.0000	1.0000	0.0000	0.0000	0.0000	0.0000	0.0000	0.0000	0.0000	0.0000	0.0000	0.0000	0.0000	0.0000	0.0000	0.9998	0.0872	0.0059	1.0000	0.3129	0.0152	0.7160	0.3906	0.0000	0.5924	0.3798
sample27_group1	0.0000	0.0000	0.0000	1.0000	0.0000	0.0000	0.0000	0.0000	0.0000	0.0000	0.0000	0.0000	0.0000	0.0000	0.0000	0.0000	0.9993	0.1640	0.1339	0.7326	0.4771	0.1904	0.6077	0.9199	0.6414	0.9335	0.6649
sample28_group1	0.0000	0.0000	0.0000	0.0000	0.0000	0.0000	0.0000	0.5000	0.0000	0.0000	0.0000	0.0000	0.0000	0.0000	0.0000	0.0000	0.9997	0.0662	0.0227	0.7326	0.3338	0.0279	0.5886	0.3572	0.2532	0.6584	0.7325
sample29_group1	0.0000	0.0000	0.0000	0.0000	0.0000	0.0000	0.2500	0.0000	0.0000	0.0000	0.0000	0.0000	0.0000	0.0000	0.0000	0.0000	0.9994	0.0972	0.5163	0.3372	0.3241	0.8223	0.4807	0.9049	0.6560	0.9120	0.4266
sample30_group1	0.0000	0.0000	0.0000	0.6667	0.0000	0.0000	0.0000	0.0000	0.0000	0.0000	0.0000	0.0000	0.0000	0.0000	0.0000	0.0000	0.9961	0.3805	0.0945	0.7326	0.4242	0.2208	0.6164	0.8255	0.4856	0.8579	0.6841
sample31_group1	0.0000	0.0000	0.0000	0.0000	0.0000	0.0000	0.0000	0.0000	0.0000	0.0000	1.0000	0.0000	0.0000	0.0000	0.0000	0.0000	0.9995	0.0893	0.2511	0.4070	0.2086	0.2386	0.6041	0.8738	0.3919	0.8493	0.4265
sample32_group1	0.0000	0.0000	0.0000	0.0000	0.0000	0.0000	0.0000	0.0000	0.0000	0.0000	0.0000	0.0000	0.0000	0.0000	1.0000	0.0000	0.9995	0.0888	0.2721	0.0000	0.2935	0.5025	0.9467	0.8906	0.0104	0.9122	0.4747
sample33_group1	0.0000	0.0000	0.0000	0.0000	0.0000	0.0000	0.0000	0.0000	0.0000	0.0000	0.0000	0.0000	0.0000	0.0000	0.0000	0.0000	0.9997	0.0147	0.2540	0.7326	0.3129	0.3122	0.5983	0.1543	0.1200	0.0135	0.7094
sample34_group1	0.0000	0.0000	0.0000	0.0000	0.0000	0.0000	0.0000	0.0000	0.0000	0.0000	0.0000	0.0000	0.0000	0.0000	0.0000	0.0000	0.9998	0.1056	0.2758	1.0000	0.2128	0.2284	0.5099	0.3214	0.1404	0.1621	0.3529
sample35_group1	0.0000	0.0000	0.0000	0.3333	0.0000	0.0000	0.0000	0.0000	0.0000	0.0000	0.0000	0.0000	0.0000	0.0000	0.0000	0.0000	0.9992	0.1487	0.3252	0.7326	0.2615	0.3782	0.5344	0.4545	0.5685	0.6145	0.3607
sample36_group1	0.0000	0.0000	0.5000	0.0000	0.0000	0.0000	0.0000	0.0000	0.0000	0.0000	0.0000	0.0000	0.0000	0.0000	0.0000	0.0000	0.9995	0.1004	0.2256	1.0000	0.1530	0.1878	0.4897	0.6677	0.3390	0.7270	0.5457
sample1_group2	0.0000	0.0000	0.0000	0.0000	0.0000	0.0000	0.0000	0.0000	0.0000	0.0000	0.0000	0.0000	0.0000	0.0000	0.0000	0.0000	1.0000	0.0000	0.0052	0.0000	0.2929	0.0000	0.9728	0.8926	0.0292	0.9131	0.2361
sample2_group2	0.0000	0.0000	0.0000	0.0000	0.0000	0.0000	0.0000	0.0000	1.0000	0.0000	0.0000	0.0000	0.0000	0.0000	0.0000	0.0000	0.9999	0.1350	0.0104	0.3605	0.5769	0.0000	0.9164	0.8745	0.5824	0.8670	0.7055
sample3_group2	0.0000	0.0000	0.0000	0.0000	0.0000	0.0000	0.0000	0.0000	0.0000	0.0000	0.0000	0.0000	0.0000	0.0000	0.0000	0.0000	0.9995	0.0857	0.3028	0.0000	0.0000	0.2056	0.1843	0.9788	0.6667	0.9492	0.1079
sample4_group2	0.0000	0.0000	0.0000	0.0000	0.0000	0.0000	0.0000	0.0000	0.0000	0.0000	0.0000	0.0000	0.0000	0.0000	0.0000	0.0000	0.9996	0.0646	0.1932	0.0000	0.0487	0.1777	0.3209	0.9764	0.6522	0.9426	0.1279
sample5_group2	0.0000	0.0000	0.0000	0.0000	0.0000	0.0000	0.0000	0.0000	0.0000	0.0000	0.0000	0.0000	0.0000	0.0000	0.0000	0.0000	0.9931	1.0000	0.6786	0.0000	0.0000	0.3553	0.1843	0.9788	0.6667	0.9492	0.1079
sample6_group2	0.0000	0.0000	0.0000	0.0000	0.0000	0.0000	0.0000	0.0000	0.0000	0.0000	0.0000	0.0000	0.0000	0.0000	0.0000	0.0000	0.9995	0.1098	0.1671	0.0000	0.0974	0.4112	0.4535	0.9109	0.1167	0.9178	0.0224
sample7_group2	0.0000	0.0000	0.0000	0.0000	0.0000	0.0000	0.0000	0.0000	0.0000	0.0000	0.0000	0.0000	0.0000	0.0000	0.0000	0.0000	0.9997	0.1214	0.0209	0.7326	0.3067	0.0279	0.8030	0.4725	0.1129	0.4660	0.3805
sample8_group2	0.0000	0.0000	0.0000	0.0000	0.0000	0.0000	0.0000	0.0000	0.7500	0.0000	0.0000	0.0000	0.0000	0.0000	0.0000	0.0000	0.9995	0.1482	0.1096	0.7326	0.5616	0.0571	0.8623	0.4058	0.8420	0.1262	0.2000
sample9_group2	0.0000	0.0000	0.0000	0.0000	0.0000	0.0000	0.0000	0.0000	0.0000	0.3333	0.0000	0.0000	0.0000	0.0000	0.0000	0.0000	0.9995	0.1030	0.7987	0.3372	0.3727	1.0000	0.6239	0.8714	0.4401	0.8971	0.2287
sample10_group2	0.0000	0.0000	0.0000	0.0000	0.0000	0.7500	0.0000	0.0000	0.0000	0.0000	0.0000	0.0000	0.0000	0.0000	0.0000	0.0000	0.9997	0.0462	0.0783	0.7326	0.3658	0.0558	0.4586	0.7657	0.7586	0.7529	0.6315
sample11_group2	0.0000	0.0000	0.0000	0.0000	0.0000	0.0000	0.0000	0.0000	0.0000	0.0000	0.0000	0.0000	0.0000	0.0000	0.0000	0.0000	0.9997	0.1009	0.2819	0.7326	0.3060	0.4391	0.5699	0.4825	0.3152	0.3405	0.5284
sample12_group2	0.0000	0.0000	0.5000	0.0000	0.0000	0.0000	0.0000	0.0000	0.0000	0.0000	0.0000	0.0000	0.0000	0.0000	0.0000	0.0000	0.9996	0.0673	0.2297	1.0000	0.1502	0.4772	0.5303	0.8499	0.6176	0.8722	0.5680
sample13_group2	0.0000	0.0000	0.0000	0.0000	0.0000	0.0000	0.0000	0.0000	0.0000	0.0000	0.0000	0.0000	0.0000	1.0000	0.0000	0.0000	0.9997	0.1083	0.3341	0.9651	0.1989	0.3680	0.5437	0.5443	0.8791	0.5335	0.4139
sample14_group2	0.0000	0.0000	0.0000	0.0000	0.0000	0.0000	0.0000	0.0000	0.0000	1.0000	0.0000	0.0000	0.0000	0.0000	0.0000	0.0000	0.9997	0.1245	0.2871	0.7326	0.9764	0.7970	1.0000	0.8071	0.3535	0.8781	0.2149
sample15_group2	0.0000	0.0000	0.0000	0.0000	0.0000	0.0000	0.0000	0.0000	0.0000	0.6667	0.0000	0.0000	0.0000	0.0000	0.0000	0.0000	0.9996	0.1261	0.5168	0.7326	0.7580	0.9213	0.8722	0.5401	0.0783	0.6536	0.1218
sample16_group2	0.0000	0.0000	0.0000	0.0000	0.0000	0.0000	0.0000	0.0000	0.0000	0.3333	0.0000	0.0000	0.0000	0.0000	0.0000	0.0000	0.9997	0.1345	0.5012	0.7326	0.5382	0.7995	0.7587	0.6046	0.3461	0.4957	0.2280
sample17_group2	0.0000	0.0000	0.0000	0.0000	0.0000	0.0000	0.0000	0.0000	0.0000	0.0000	0.0000	0.0000	0.0000	0.0000	0.0000	0.0000	0.9997	0.0688	0.5638	0.7326	0.1046	0.5266	0.2450	0.4425	0.9527	0.1731	0.0000
sample18_group2	0.0000	0.0000	0.0000	0.0000	0.0000	0.0000	0.0000	0.0000	0.0000	0.0000	0.0000	0.0000	0.0000	0.0000	0.0000	0.0000	0.9997	0.0652	0.3915	1.0000	0.1634	0.2198	0.3670	0.4644	0.3462	0.3167	0.3939
sample19_group2	0.0000	0.0000	0.0000	0.0000	0.0000	0.0000	0.0000	0.0000	0.0000	0.0000	0.0000	0.0000	0.0000	0.0000	0.0000	0.0000	0.9996	0.0883	0.3393	0.7326	0.2508	0.2066	0.6542	0.4264	0.8763	0.1463	0.6101
sample20_group2	0.0000	0.0000	0.0000	0.0000	0.0000	0.0000	0.0000	0.0000	0.0000	0.0000	0.0000	0.0000	0.0000	0.0000	0.0000	0.0000	0.9996	0.0783	0.3132	0.7326	0.1046	0.3112	0.3689	0.7344	0.5117	0.7602	0.0770
sample21_group2	0.0000	0.0000	0.0000	0.0000	0.0000	0.0000	0.0000	0.0000	0.0000	0.0000	0.0000	0.0000	0.0000	0.0000	0.0000	0.0000	0.9996	0.0709	0.4333	0.7326	0.1533	0.4708	0.3757	0.4363	0.9308	0.1611	0.1104
sample22_group2	0.0000	0.0000	0.5000	0.0000	0.0000	0.0000	0.0000	0.0000	0.0000	0.0000	0.0000	0.0000	0.0000	0.0000	0.0000	0.0000	0.9995	0.0904	0.3080	1.0000	0.1013	0.3010	0.4073	0.8427	0.6547	0.8642	0.0768
sample23_group2	0.0000	0.0000	0.0000	0.0000	0.0000	0.0000	0.0000	0.0000	0.0000	0.0000	0.0000	0.0000	0.0000	0.0000	0.0000	0.0000	0.9996	0.0893	0.2715	0.7326	0.2017	0.2208	0.6413	0.7065	0.1898	0.7345	0.3730
sample24_group2	0.0000	0.0000	0.0000	0.0000	0.0000	0.0000	0.0000	0.0000	0.0000	0.0000	0.0000	0.0000	0.0000	0.0000	0.0000	0.0000	0.9996	0.0725	0.2245	1.0000	0.1567	0.1980	0.4493	0.6008	0.3708	0.4474	0.5573
sample25_group2	0.0000	0.0000	0.0000	0.0000	0.0000	0.0000	0.0000	0.0000	0.0000	0.0000	0.0000	1.0000	0.0000	0.0000	0.0000	0.0000	0.9995	0.0909	0.2193	0.7326	0.1599	0.1954	0.4284	0.4501	0.2950	0.1931	0.5296
sample26_group2	0.0000	0.0000	0.0000	0.0000	0.0000	0.0000	0.0000	0.0000	0.0000	0.0000	0.0000	0.0000	0.0000	0.0000	0.0000	0.0000	0.0000	0.1125	0.3132	1.0000	0.1558	0.4645	0.4700	0.4333	0.9128	0.1477	0.4233
sample27_group2	0.0000	0.0000	0.0000	0.0000	0.0000	0.0000	0.0000	0.0000	0.0000	0.0000	0.0000	0.0000	0.0000	0.0000	0.0000	0.0000	0.9993	0.1361	0.1671	1.0000	0.2615	0.1832	0.6370	0.3778	0.1124	0.1716	0.4000
sample28_group2	0.0000	0.0000	0.0000	0.0000	0.0000	0.0000	0.0000	0.0000	0.0000	0.0000	0.0000	0.0000	0.0000	0.0000	0.0000	0.0000	0.9996	0.0730	0.3080	1.0000	0.1085	0.3122	0.3198	0.6340	0.4245	0.3245	0.0661
sample29_group2	0.0000	0.0000	0.0000	0.0000	0.0000	0.0000	0.0000	0.0000	0.0000	0.0000	0.0000	1.0000	0.0000	0.0000	0.0000	0.0000	0.9995	0.0825	0.3080	0.7326	0.1113	0.3122	0.2830	0.5243	0.4875	0.3636	0.0632
sample30_group2	0.0000	0.0000	0.5000	0.0000	0.0000	0.0000	0.0000	0.0000	0.0000	0.0000	0.0000	0.0000	0.0000	0.0000	0.0000	0.0000	0.9995	0.0956	0.3080	1.0000	0.1043	0.3020	0.3604	0.7418	0.3854	0.7671	0.0765
