        Rank        RMSE       MaxAE  Feature_ID
           1    3.007321    7.379546  (    1022   10224)
           2    3.136952    7.736653  (    1022   10125)
           3    3.142432    7.754864  (    1022   10130)
           4    3.148123    7.773563  (    1022   10131)
           5    3.160083    5.981967  (    1022   19314)
           6    3.191021    7.793459  (       1   10084)
           7    3.204874    7.793095  (    1022   10363)
           8    3.205923    7.692681  (    1022   11871)
           9    3.221426    7.806213  (     105   12670)
          10    3.224326    8.286542  (    1022   11122)
          11    3.227713    7.061644  (    1022   10708)
          12    3.237679    7.855545  (    1022   10529)
          13    3.241916    9.270001  (       1   10002)
          14    3.247525    7.414287  (       1   11054)
          15    3.249346    7.562060  (    5260   12670)
          16    3.251126    7.219568  (    1022   10057)
          17    3.252384    6.992350  (    1022   10145)
          18    3.252487    7.115742  (    1022   10046)
          19    3.253631    7.031975  (    1022   10307)
          20    3.254609    7.779749  (       1   11736)
          21    3.254838    8.063852  (    1022   10667)
          22    3.255747    7.983368  (    1022   10464)
          23    3.256172    7.100938  (       1   10001)
          24    3.258813    7.984537  (       1   10038)
          25    3.263781    6.655607  (    1022   13529)
          26    3.274348    8.670840  (    1022   14943)
          27    3.283231    8.338081  (    1022   10251)
          28    3.283716    8.729788  (       1   10220)
          29    3.288100    7.949692  (    1022   10949)
          30    3.288106    6.718420  (    1022   15718)
          31    3.288460    6.551298  (       1   10742)
          32    3.290768    9.180396  (       1   10004)
          33    3.294025    7.970412  (    1022   10967)
          34    3.295676    7.162452  (    1022   12037)
          35    3.300167    7.991670  (    1022   10996)
          36    3.301560    8.438645  (     105   14246)
          37    3.303578    7.101214  (    1022   10369)
          38    3.304371    9.864437  (       1   10003)
          39    3.304665    7.133502  (    1022   10189)
          40    3.306996    7.317487  (    1022   12789)
          41    3.313105    8.330596  (       1   10017)
          42    3.314108    7.696647  (    1022   10270)
          43    3.314711    7.194769  (    1022   10412)
          44    3.314928    7.661523  (    1022   10282)
          45    3.316553    7.189413  (    1022   10101)
          46    3.317499    6.553362  (    1022   15952)
          47    3.319338    8.879548  (    1022   11107)
          48    3.321097    8.555901  (       1   10006)
          49    3.323485    7.081925  (    1022   13874)
          50    3.323830    7.360700  (    1022   10166)
          51    3.325474    6.587942  (    1022   10770)
          52    3.333719    8.118934  (    1022   10011)
          53    3.337103    9.188283  (       1   11202)
          54    3.338034    8.987266  (       1   10007)
          55    3.338169    8.080609  (    5260   19626)
          56    3.341826    8.153961  (    1022   11824)
          57    3.343147    8.891455  (       1   10009)
          58    3.344631    9.661765  (       1   10036)
          59    3.346281    8.433743  (       1   10018)
          60    3.347011    7.932362  (    1022   11537)
          61    3.347138    7.240682  (    1022   10898)
          62    3.348358    9.506752  (       1   10008)
          63    3.349874    7.834359  (    1022   10268)
          64    3.351309    7.411912  (    1022   10382)
          65    3.352646    7.241925  (       1   10005)
          66    3.353472    6.820927  (    1022   10100)
          67    3.353514    8.534419  (       1   10061)
          68    3.354556    6.888231  (       1   10811)
          69    3.356012    7.599502  (       1   10028)
          70    3.356557    7.812615  (       1   10012)
          71    3.357022    9.166032  (       1   10015)
          72    3.358086    8.947848  (       1   11211)
          73    3.358798    6.659647  (    1022   10791)
          74    3.359463    7.860875  (       1   12020)
          75    3.359576    9.076474  (       1   10011)
          76    3.360140    7.278427  (       1   18489)
          77    3.363028    8.037377  (    1022   12315)
          78    3.364858    8.108506  (       1   10642)
          79    3.366854    9.361248  (       1   10950)
          80    3.367285    9.483059  (       1   10013)
          81    3.368470    6.867855  (    1022   10472)
          82    3.368816    6.908240  (       1   10095)
          83    3.369415    7.904745  (       1   13106)
          84    3.371093    7.909189  (       1   10020)
          85    3.371175    8.782613  (     105   17746)
          86    3.371392    7.099605  (    1022   12754)
          87    3.374476    7.783453  (       1   10033)
          88    3.375253    9.181810  (       1   10034)
          89    3.377799    6.861636  (       1   11196)
          90    3.379067    8.419955  (    1022   10217)
          91    3.380465    8.654257  (    1022   10097)
          92    3.380648    8.432747  (     105   11919)
          93    3.381971    8.976110  (       1   10027)
          94    3.384849    7.715508  (    1022   10204)
          95    3.385091    7.360737  (    1022   19677)
          96    3.385266    8.082603  (       1   18343)
          97    3.385534    8.670195  (       1   10016)
          98    3.386227    7.684207  (     105   19626)
          99    3.386372    6.955292  (    1022   14430)
         100    3.386707    8.751506  (     105   17382)
