        Rank        RMSE       MaxAE  Feature_ID
           1    7.409382   19.398594  (     912   10001)
           2    7.763463   22.285463  (    7769   10001)
           3    7.977333   19.867106  (       7   10027)
           4    7.982163   18.818721  (      16   10027)
           5    7.988179   22.857091  (       7   10001)
           6    8.013333   22.048407  (       1   10001)
           7    8.048397   22.393121  (    9949   10768)
           8    8.051288   22.916916  (      17   10001)
           9    8.056459   22.257514  (      16   10001)
          10    8.073254   21.647803  (    9949   16546)
          11    8.074881   21.268470  (      99   11073)
          12    8.080568   16.578544  (     978   11948)
          13    8.083377   20.795030  (    5833   10001)
          14    8.098856   16.368878  (    7114   10859)
          15    8.119207   16.311313  (     678   11948)
          16    8.130372   15.191166  (       1   10002)
          17    8.137203   19.023364  (    1533   10002)
          18    8.145349   15.363397  (    3362   10001)
          19    8.147200   22.241939  (    5567   11073)
          20    8.148179   17.645363  (    2143   11073)
          21    8.152094   24.420905  (      16   11021)
          22    8.161926   19.574025  (     121   11948)
          23    8.163311   25.123316  (    4250   11297)
          24    8.164958   20.586985  (      17   10027)
          25    8.178942   19.310007  (    1533   10001)
          26    8.184092   15.090105  (    9513   10077)
          27    8.185580   22.430604  (    5743   10768)
          28    8.186008   27.277677  (     739   17448)
          29    8.192832   18.637723  (    5455   13270)
          30    8.198712   25.169770  (    2533   11297)
          31    8.200161   21.672383  (      99   10043)
          32    8.221091   19.116944  (    1691   11073)
          33    8.225583   23.381959  (     230   10004)
          34    8.226758   16.464299  (    1670   11948)
          35    8.227673   18.543359  (    3824   13270)
          36    8.231237   15.785485  (    3362   10077)
          37    8.235143   25.235519  (    4250   12185)
          38    8.236287   21.979862  (    9949   17865)
          39    8.239481   16.421612  (    1084   11948)
          40    8.243182   18.148879  (    9513   10896)
          41    8.245372   21.810894  (    5382   15967)
          42    8.250045   26.085817  (       7   11754)
          43    8.250908   23.595740  (     230   10003)
          44    8.251898   17.398053  (    3499   13270)
          45    8.265000   23.493576  (     230   10001)
          46    8.266366   25.320552  (    2100   10001)
          47    8.268734   27.394303  (      16   10072)
          48    8.271188   18.313180  (     522   11073)
          49    8.272187   25.278585  (    2533   12185)
          50    8.274363   18.057376  (    8797   11073)
          51    8.276852   20.910172  (    9949   11297)
          52    8.279748   15.600618  (    7087   10001)
          53    8.283273   20.940451  (    9949   12185)
          54    8.286789   16.049036  (     678   12687)
          55    8.288727   17.606804  (     678   11958)
          56    8.292753   20.228724  (       1   10003)
          57    8.295083   21.850381  (    9949   17941)
          58    8.295923   16.391268  (     978   12687)
          59    8.299995   25.996573  (      17   11754)
          60    8.302388   22.350200  (    9949   18451)
          61    8.303913   25.516592  (      16   10666)
          62    8.306261   23.987811  (       7   11021)
          63    8.307276   22.614659  (    9949   16862)
          64    8.309701   21.669702  (     596   10743)
          65    8.310195   19.219825  (    1691   11958)
          66    8.311019   22.572212  (    9949   16827)
          67    8.311357   22.290311  (    9949   14231)
          68    8.316380   22.606365  (     816   10002)
          69    8.316953   22.766424  (     816   10001)
          70    8.317407   19.268473  (    8294   10036)
          71    8.317496   17.988334  (     129   11073)
          72    8.317777   23.859647  (     230   10002)
          73    8.318602   19.547387  (     121   12687)
          74    8.318655   22.620489  (    9949   15228)
          75    8.319489   24.012180  (     978   11073)
          76    8.322260   17.125002  (    6662   13270)
          77    8.325967   20.987436  (    9949   13778)
          78    8.329892   22.252244  (    9949   11675)
          79    8.335749   22.194998  (    9949   10743)
          80    8.342631   25.335986  (    4250   13778)
          81    8.344766   22.277634  (    9949   18032)
          82    8.345753   21.774919  (    5743   16546)
          83    8.346868   17.032289  (    8232   11948)
          84    8.347329   19.722138  (     292   11948)
          85    8.348235   25.411060  (    2533   17448)
          86    8.350392   22.602864  (    9949   16482)
          87    8.350838   21.660958  (    7512   11073)
          88    8.352902   20.868741  (    9949   17448)
          89    8.354975   22.006157  (    9463   10001)
          90    8.357512   17.911117  (      73   11073)
          91    8.359789   20.274467  (    2168   11958)
          92    8.360080   22.205028  (     912   11788)
          93    8.362890   22.651928  (    9949   16419)
          94    8.363722   22.354868  (     912   12119)
          95    8.364095   21.971964  (     912   12341)
          96    8.364386   22.025920  (    5743   17865)
          97    8.366170   22.094090  (    9949   18138)
          98    8.366437   20.963108  (    5743   11297)
          99    8.366560   24.181345  (    2533   10743)
         100    8.367814   21.809314  (     596   11675)
