        Rank        RMSE       MaxAE  Feature_ID
           1   12.482453   27.082766  (       1)
           2   12.752996   28.437296  (       2)
           3   12.777709   27.658570  (       3)
           4   12.946932   25.519493  (       4)
           5   13.046956   30.527201  (       5)
           6   13.069980   28.261791  (       6)
           7   13.109478   27.724837  (       7)
           8   13.113867   27.585055  (       8)
           9   13.117356   30.717953  (       9)
          10   13.132167   35.426241  (      10)
          11   13.145083   25.069004  (      11)
          12   13.173452   27.847902  (      12)
          13   13.173714   31.481400  (      13)
          14   13.187631   24.032227  (      14)
          15   13.199391   32.537107  (      15)
          16   13.225276   25.227342  (      16)
          17   13.232812   35.155594  (      17)
          18   13.248243   29.507782  (      18)
          19   13.280947   32.437507  (      19)
          20   13.292649   33.738348  (      20)
          21   13.296066   34.809471  (      21)
          22   13.296571   33.741572  (      22)
          23   13.309213   30.479966  (      23)
          24   13.330682   35.025642  (      24)
          25   13.344216   36.906405  (      25)
          26   13.349327   29.209474  (      26)
          27   13.355607   31.010006  (      27)
          28   13.357701   34.373500  (      28)
          29   13.366467   32.161323  (      29)
          30   13.366817   29.807807  (      30)
          31   13.377458   34.038715  (      31)
          32   13.382295   30.984054  (      32)
          33   13.395469   27.660607  (      33)
          34   13.400274   31.008183  (      34)
          35   13.401471   27.641285  (      35)
          36   13.402229   34.066995  (      36)
          37   13.404710   30.746671  (      37)
          38   13.407798   35.851162  (      38)
          39   13.411391   35.571944  (      39)
          40   13.411816   34.615337  (      40)
          41   13.412629   31.860935  (      41)
          42   13.431920   37.239610  (      42)
          43   13.433238   29.011844  (      43)
          44   13.440080   33.406023  (      44)
          45   13.447237   34.262909  (      45)
          46   13.450279   34.122564  (      46)
          47   13.453344   33.839509  (      47)
          48   13.456996   30.077693  (      48)
          49   13.474441   34.294798  (      49)
          50   13.476305   33.729527  (      50)
          51   13.476353   33.390552  (      51)
          52   13.477507   28.119042  (      52)
          53   13.477558   31.475887  (      53)
          54   13.478722   33.082532  (      54)
          55   13.482788   28.716166  (      55)
          56   13.483549   29.430481  (      56)
          57   13.487047   28.649144  (      57)
          58   13.488607   28.913043  (      58)
          59   13.488707   34.235388  (      59)
          60   13.501284   33.402984  (      60)
          61   13.505623   28.019620  (      61)
          62   13.509173   35.055079  (      62)
          63   13.509341   34.023399  (      63)
          64   13.509739   32.214802  (      64)
          65   13.511645   34.261701  (      65)
          66   13.513517   31.335551  (      66)
          67   13.528716   41.672480  (      67)
          68   13.534869   34.108906  (      68)
          69   13.536316   38.154735  (      69)
          70   13.539613   38.172348  (      70)
          71   13.541740   33.861808  (      71)
          72   13.543086   37.996113  (      72)
          73   13.545686   32.839371  (      73)
          74   13.547979   34.868293  (      74)
          75   13.548586   31.063786  (      75)
          76   13.552589   34.954939  (      76)
          77   13.553248   31.720706  (      77)
          78   13.555168   34.539278  (      78)
          79   13.557870   31.243618  (      79)
          80   13.558017   29.215424  (      80)
          81   13.558276   31.539067  (      81)
          82   13.558297   33.929198  (      82)
          83   13.558642   27.698712  (      83)
          84   13.561572   33.162225  (      84)
          85   13.568920   32.932772  (      85)
          86   13.572104   33.319549  (      86)
          87   13.573413   31.004097  (      87)
          88   13.575469   31.423640  (      88)
          89   13.575775   33.324285  (      89)
          90   13.578392   33.213140  (      90)
          91   13.580309   33.328634  (      91)
          92   13.581214   33.155996  (      92)
          93   13.581391   33.823576  (      93)
          94   13.581808   33.818314  (      94)
          95   13.582786   27.100539  (      95)
          96   13.583351   27.914763  (      96)
          97   13.586633   28.822950  (      97)
          98   13.588111   38.299803  (      98)
          99   13.589000   32.847845  (      99)
         100   13.591535   28.276966  (     100)
