Model_ID, [(c_i,i=0,n)_j,j=1,ntask]
           1    0.3610917155E+03    0.1100628495E+03
           2    0.2336288372E+03    0.1034976090E+03
           3    0.3551649251E+03    0.1027556550E+03
           4    0.2407671048E+03    0.9586172103E+02
           5    0.2965927075E+03    0.2986044430E+03
           6    0.2482205815E+03    0.9955990075E+02
           7    0.3147541212E+03   -0.1251112556E+03
           8    0.3183529638E+03    0.2885896964E+03
           9    0.1599152377E+03    0.1199814709E+03
          10    0.3574038936E+03   -0.3210613272E+03
          11    0.3469980525E+03   -0.3198945684E+03
          12    0.4071492995E+03    0.1197875961E+03
          13    0.2712527663E+03    0.1108501375E+03
          14    0.2011029414E+03   -0.1450401542E+03
          15    0.3469881079E+03    0.1039310361E+03
          16    0.3904264539E+03    0.1137710234E+03
          17    0.2014701625E+03    0.1642462171E+03
          18    0.2185726311E+03    0.9892247448E+02
          19    0.3221573087E+03    0.2824762780E+03
          20    0.3618198017E+03    0.1050270363E+03
          21    0.3696788455E+03   -0.1707374682E+03
          22    0.3177335156E+03    0.9350780076E+02
          23    0.1932145746E+03   -0.1408679891E+03
          24    0.2970352596E+03    0.3122142444E+03
          25    0.2970362452E+03    0.3122154128E+03
          26    0.3342402548E+03   -0.3042436024E+03
          27    0.2468716572E+03    0.1003056035E+03
          28    0.2974436584E+03   -0.2473797558E+03
          29    0.3171981325E+03    0.8922816233E+02
          30    0.3538761270E+03    0.1027104987E+03
          31    0.2875325314E+03    0.8301636491E+02
          32    0.1603551329E+03   -0.1194812126E+03
          33    0.1603588592E+03    0.1158183331E+03
          34    0.3198758161E+03    0.9451616443E+02
          35    0.2312679893E+03    0.2010734774E+03
          36    0.2956989820E+03   -0.3088457340E+03
          37    0.7967822403E+02    0.1264818484E+03
          38    0.3362057814E+03    0.1544823558E+03
          39    0.3354753111E+03   -0.1603112407E+03
          40    0.3193192223E+03    0.1276930470E+03
          41    0.2400504868E+03    0.1079944275E+03
          42    0.2417323388E+03    0.1063413232E+03
          43    0.3380632261E+03   -0.1651390186E+03
          44    0.2015699059E+03    0.1325134257E+03
          45    0.3531069137E+03    0.3035511904E+03
          46    0.2182737300E+03    0.9925879058E+02
          47    0.3666862186E+03    0.1070880698E+03
          48    0.3217208783E+03    0.2808355440E+03
          49    0.2157521538E+03    0.1023553534E+03
          50    0.2425679537E+03   -0.1047819019E+03
          51    0.3567883986E+03   -0.1840808960E+03
          52    0.3746664010E+03   -0.1716056634E+03
          53    0.3270684067E+03    0.2891896404E+03
          54    0.2122263433E+03    0.8300048284E+02
          55    0.2967300211E+03    0.3103663289E+03
          56    0.2967309979E+03    0.3103674648E+03
          57    0.2151904399E+03    0.1787149201E+03
          58    0.2078191705E+03    0.1489651781E+03
          59    0.2964623189E+03    0.3099831217E+03
          60    0.3407669972E+03   -0.2988540851E+03
          61    0.3671932098E+03   -0.1692740730E+03
          62    0.1032213880E+03    0.8517901997E+02
          63    0.2507483536E+03    0.2168442863E+03
          64    0.2421819107E+03    0.1006939521E+03
          65    0.2161844579E+03    0.9962465117E+02
          66    0.2950869275E+03   -0.3066252415E+03
          67    0.2950858894E+03    0.3066233157E+03
          68    0.2950650924E+03   -0.3065844065E+03
          69    0.2909048062E+03    0.3059211402E+03
          70    0.3117625357E+03    0.2666345495E+03
          71    0.3577401186E+03    0.9762772101E+02
          72    0.3648623930E+03    0.3090176016E+03
          73    0.2121049990E+03    0.1725433081E+03
          74    0.6260427157E+02    0.9566695436E+02
          75    0.3259364466E+03    0.1688879443E+03
          76    0.2955564634E+03    0.3073224203E+03
          77    0.2955574183E+03    0.3073234517E+03
          78    0.2955583729E+03    0.3073244811E+03
          79    0.3229759888E+03   -0.2886646464E+03
          80    0.3375039388E+03    0.1487203296E+03
          81    0.3415327943E+03    0.9647173169E+02
          82    0.3509423611E+03    0.2958288080E+03
          83    0.3668723902E+03   -0.1557336907E+03
          84    0.1367915338E+03    0.1029997016E+03
          85    0.8793775795E+02    0.9082067962E+02
          86    0.2945561227E+03   -0.3054537164E+03
          87    0.2118201369E+03    0.9697166734E+02
          88    0.2149425178E+03   -0.1565560247E+03
          89    0.3546768347E+03    0.1548165117E+03
          90    0.1984819054E+03    0.8099821200E+02
          91    0.2778360366E+03    0.1147781014E+03
          92    0.2492631312E+03    0.2145470035E+03
          93    0.3518642112E+03   -0.1710223322E+03
          94    0.2762348816E+03    0.2557095235E+03
          95    0.2168934451E+03    0.9847034010E+02
          96    0.3270320799E+03   -0.3045839367E+03
          97    0.2048174210E+03    0.1293967088E+03
          98    0.3548834934E+03    0.1086532925E+03
          99    0.1777978748E+03   -0.1324591062E+03
         100    0.2392455464E+03    0.1001673607E+03
