Model_ID, [(c_i,i=0,n)_j,j=1,ntask]
           1    0.1886197584E+02   -0.1892256718E+02
           2    0.1886261176E+02   -0.1892191906E+02
           3    0.2934498246E+01   -0.4899750940E+02
           4    0.8063403005E+00   -0.2969064504E+02
           5    0.3559833702E+01   -0.2319099047E+02
           6    0.1753110409E+02   -0.1777478128E+02
           7    0.1867341769E+02    0.1886096196E+02
           8    0.3975901525E+01   -0.2718705711E+02
           9    0.3649119512E+01    0.1398678457E+02
          10    0.3602705310E+01    0.1719434379E+02
          11    0.1190331221E+02    0.1689966698E+02
          12    0.5441680257E+01   -0.8988628230E+01
          13    0.3266957692E+01    0.1230354664E+02
          14    0.2401106515E+01    0.3551799051E+02
          15    0.2131227604E+02   -0.1403035530E+02
          16    0.4806889123E+01   -0.1303434505E+02
          17    0.2947725318E+01   -0.2376550580E+02
          18    0.1375206590E+01   -0.2837922903E+02
          19    0.4657194451E+00    0.2700532253E+02
          20    0.3025538078E+01    0.1983340510E+02
          21    0.2685151393E+01    0.2416577551E+02
          22    0.3463341244E+01   -0.1219729868E+02
          23    0.6529442402E+01    0.1918313933E+02
          24    0.7288146298E+01    0.2726706510E+02
          25    0.1603074917E+01   -0.2807996794E+02
          26    0.1891220112E+02    0.1895417584E+02
          27    0.2181556137E+01   -0.3524202604E+02
          28    0.4291619954E+01    0.1443345292E+02
          29    0.1733468109E+01    0.2624326655E+02
          30    0.2555003943E+01    0.2421068393E+02
          31    0.2572034897E+01    0.2418586068E+02
          32    0.1575147276E+02    0.2016011676E+02
          33    0.1967046060E+01   -0.2529197952E+02
          34    0.1658059490E+01    0.2617886225E+02
          35    0.1704909097E+01   -0.2565375331E+02
          36    0.1790293535E+01    0.2564316958E+02
          37    0.8649147611E+00   -0.2970732852E+02
          38    0.1833423941E+02   -0.1848731195E+02
          39    0.1731358116E+02   -0.1752838726E+02
          40    0.1462992427E+01   -0.4293855423E+02
          41    0.1061772586E+01    0.2916643076E+02
          42    0.1937605272E+01    0.2661138462E+02
          43    0.1843574819E+01    0.2559722072E+02
          44    0.3680781888E+01    0.3148456592E+02
          45    0.1603592232E+02   -0.1787417866E+02
          46    0.1868677463E+02   -0.1732630738E+02
          47    0.1060995927E+01   -0.2609846969E+02
          48    0.3487721765E+01    0.9843460407E+01
          49    0.4997784250E+01   -0.9802405899E+01
          50    0.4845671458E+01    0.3073178005E+02
          51    0.1901556284E+01    0.2553378068E+02
          52    0.4643206867E+01    0.3103452909E+02
          53    0.1223308761E+02    0.1345441366E+02
          54    0.9158121539E+00   -0.2898010648E+02
          55    0.3660900118E+01    0.2296743782E+02
          56    0.4953620473E+01    0.3057116224E+02
          57    0.9319686860E+01    0.1908471697E+02
          58    0.3715111957E+01    0.3875123079E+02
          59    0.9075368200E+00   -0.2898143185E+02
          60    0.4481730116E+00    0.2717360227E+02
          61    0.1832304665E+02    0.1827559292E+02
          62    0.1871008592E+02   -0.1895355480E+02
          63    0.3429494330E+01    0.2057945847E+02
          64    0.3691758999E+01    0.1650989736E+02
          65    0.5135764311E+01   -0.1950282288E+02
          66    0.1670411576E+01    0.2594316782E+02
          67    0.9810233722E+00    0.2889996054E+02
          68    0.8998709521E+00   -0.2898128056E+02
          69    0.2899488545E+01   -0.1842088310E+02
          70    0.5268239859E+00   -0.2940485597E+02
          71    0.1132948542E+01   -0.2874468195E+02
          72    0.4821519756E+01    0.3080096656E+02
          73    0.1170166888E+02    0.1338677181E+02
          74    0.1868417959E+02   -0.1715508705E+02
          75    0.3590514593E+01    0.2839284988E+02
          76    0.2252067525E+01    0.2506341635E+02
          77    0.5192585456E+01    0.2999818690E+02
          78    0.1447295852E+01    0.2728575777E+02
          79    0.3440375289E+01    0.3921941708E+02
          80    0.6971366260E+00   -0.2920386099E+02
          81    0.4614582508E+00    0.2662510479E+02
          82    0.4820603278E+00    0.2659612908E+02
          83    0.5031206279E+00    0.2656613627E+02
          84    0.8944324521E+00    0.2899469283E+02
          85    0.2719221554E+01    0.1401777317E+02
          86    0.2003203094E+01   -0.2540267562E+02
          87    0.2484677681E+00    0.3162361727E+02
          88    0.1654135717E+01    0.2563234855E+02
          89    0.1541851217E+01   -0.2578331592E+02
          90    0.4205892706E+01   -0.6270848473E+02
          91    0.3889574913E+01    0.2435878024E+02
          92    0.6486991946E+01    0.1235239730E+02
          93    0.3061406964E+01    0.1122474120E+02
          94    0.3437782540E+01    0.3902470041E+02
          95    0.1658931514E+01    0.2557919388E+02
          96    0.1184731638E+01   -0.2860080491E+02
          97    0.5263332356E+01    0.2986088914E+02
          98    0.4396142133E+01    0.3127265503E+02
          99    0.2005988550E+02    0.1196443123E+02
         100    0.1158051585E+01   -0.2863805231E+02
