The coordinates (x,y) of 2D-vertices arranged in clockwise direction
Task :    1
Hull    1
   -0.3354163200E+00   -0.6990000000E-01
   -0.6536124000E-01    0.4043000000E+00
    0.4465692000E-01   -0.2063000000E+00
    0.2410935000E-01   -0.2746000000E+00
   -0.1918501000E-01   -0.3635000000E+00
   -0.3858624000E-01   -0.3993000000E+00
   -0.1272047700E+00   -0.3892000000E+00
Hull    2
   -0.1041997500E+00   -0.1021500000E+01
   -0.9700812000E-01   -0.7718000000E+00
   -0.6765158000E-01   -0.3860000000E+00
   -0.5962275000E-01   -0.2834000000E+00
   -0.5167219000E-01   -0.2383000000E+00
   -0.2170272000E-01   -0.8880000000E-01
    0.9357257000E-01   -0.1978000000E+00
    0.3987729000E-01   -0.5361000000E+00
