Model_ID, [(c_i,i=0,n)_j,j=1,ntask]
           1    0.5768091284E+02   -0.4394638425E+02
           2    0.6992245284E+02    0.4302766221E+02
           3    0.7129894211E+02    0.4942171879E+02
           4    0.6806128511E+02    0.3975119135E+02
           5    0.6824764171E+02    0.4126390709E+02
           6    0.6051124430E+02    0.2501015059E+02
           7    0.5101188926E+02    0.3490074907E+02
           8    0.5735194121E+02   -0.2593101856E+02
           9    0.5731274240E+02   -0.4331856093E+02
          10    0.6818974112E+02    0.3970549097E+02
          11    0.6807238332E+02    0.3880664881E+02
          12    0.7091719196E+02   -0.4928194224E+02
          13    0.7120798909E+02    0.4961085810E+02
          14    0.7124488474E+02    0.4984263559E+02
          15    0.6289450878E+02   -0.3408098924E+02
          16    0.7134937502E+02   -0.4975167753E+02
          17    0.5739823799E+02   -0.4233695098E+02
          18    0.7824261849E+02    0.5999617513E+02
          19    0.6937665814E+02    0.4090880961E+02
          20    0.7147226955E+02    0.4985740338E+02
          21    0.5730700375E+02   -0.4238496214E+02
          22    0.7140068414E+02    0.4956314891E+02
          23    0.7850327607E+02   -0.6151100513E+02
          24    0.7120359193E+02    0.4875324842E+02
          25    0.6338360628E+02    0.3214170162E+02
          26    0.7819851405E+02   -0.6102981676E+02
          27    0.6942000744E+02    0.4001274041E+02
          28    0.7805412285E+02   -0.5992854888E+02
          29    0.6012251773E+02    0.2604342567E+02
          30    0.7263169354E+02   -0.5008768206E+02
          31    0.5562044338E+02    0.3959271457E+02
          32    0.4926353279E+02    0.3567345853E+02
          33    0.7824237689E+02    0.6125212304E+02
          34    0.6954684913E+02    0.4092548357E+02
          35    0.7784773958E+02   -0.5983359791E+02
          36    0.7817345818E+02   -0.6105876674E+02
          37    0.7647256109E+02    0.5823488797E+02
          38    0.7774033671E+02   -0.5950709770E+02
          39    0.5707600003E+02   -0.4382678539E+02
          40    0.7164145658E+02   -0.4995555347E+02
          41    0.4998117368E+02    0.3479385881E+02
          42    0.7011762047E+02   -0.4575052619E+02
          43    0.4994895378E+02    0.3486544008E+02
          44    0.4999508229E+02    0.3478906459E+02
          45    0.6819256089E+02    0.3944968331E+02
          46    0.4998456902E+02    0.3465904936E+02
          47    0.6064942014E+02    0.2330344746E+02
          48    0.5017589166E+02    0.3435432094E+02
          49    0.5006920080E+02    0.3438317834E+02
          50    0.6092523850E+02    0.2535349719E+02
          51    0.7781421931E+02   -0.6055058524E+02
          52    0.5208775897E+02    0.3130272280E+02
          53    0.4939215560E+02    0.3463797686E+02
          54    0.5011082740E+02    0.3423194558E+02
          55    0.5637429973E+02   -0.4612938877E+02
          56    0.7687503733E+02   -0.2236894710E+02
          57    0.5980722288E+02    0.2540823596E+02
          58    0.2933821637E+02   -0.8400600839E+02
          59    0.7739873227E+02   -0.5903345094E+02
          60    0.5739578587E+02   -0.4179128857E+02
          61    0.4976013963E+02    0.3531084340E+02
          62    0.4987246322E+02   -0.3524316933E+02
          63    0.6257959391E+02   -0.3320778209E+02
          64    0.5732164203E+02   -0.4121934383E+02
          65    0.5004444693E+02    0.3409915687E+02
          66    0.6499803795E+02   -0.3775678678E+02
          67    0.5811564252E+02   -0.4417831017E+02
          68    0.6277528630E+02   -0.3539234266E+02
          69    0.6831178091E+02    0.4372249495E+02
          70    0.4980646229E+02   -0.3511187488E+02
          71    0.7857526235E+02    0.6209739324E+02
          72    0.6137798919E+02   -0.3489887384E+02
          73    0.4978592698E+02    0.3513260771E+02
          74    0.5025564176E+02    0.3370542864E+02
          75    0.5039145035E+02    0.3638554815E+02
          76    0.7709100104E+02   -0.5897852680E+02
          77    0.6128897089E+02    0.3517104442E+02
          78    0.6524956600E+02   -0.3543739735E+02
          79    0.6797324021E+02    0.4006340668E+02
          80    0.6104363710E+02   -0.3834568184E+02
          81    0.5027091068E+02    0.3366130243E+02
          82    0.6190401672E+02   -0.3966029182E+02
          83    0.4973918577E+02   -0.3496937498E+02
          84    0.4984759763E+02    0.3488368263E+02
          85    0.6018784637E+02    0.2509468924E+02
          86    0.6016136879E+02    0.2557283926E+02
          87    0.6250910232E+02   -0.3362487043E+02
          88    0.5029354357E+02    0.3352808867E+02
          89    0.5648305830E+02   -0.3625916711E+02
          90    0.5232263210E+02    0.3415655268E+02
          91    0.7459143755E+02    0.5265912393E+02
          92    0.6957525463E+02    0.4071017882E+02
          93    0.4884180153E+02    0.4381092110E+02
          94    0.6620296921E+02    0.4026554784E+02
          95    0.6322225926E+02   -0.4217851352E+02
          96    0.7878479283E+02    0.6097643042E+02
          97    0.5697173526E+02   -0.6140975797E+02
          98    0.6136545131E+02    0.3567856519E+02
          99    0.6388645420E+02    0.3751563838E+02
         100    0.8352459000E+02   -0.3391269944E+02
