      rank       #data_overlap        size_overlap          feature_ID
         1                  14             0.07404   (     133    1378)
         2                  14             0.07404   (      91     133)
         3                  14             0.07414   (     133    1379)
         4                  14             0.07414   (     133     530)
         5                  15             0.06542   (     342    1934)
         6                  15             0.07328   (     133    1832)
         7                  15             0.07328   (     122     133)
         8                  15             0.07404   (     133     824)
         9                  15             0.07404   (      93     133)
        10                  15             0.07404   (     120     133)
        11                  15             0.07404   (     133    1249)
        12                  15             0.11467   (     133     829)
        13                  15             0.12234   (     133     830)
        14                  15             0.12234   (     133    1616)
        15                  15             0.12373   (     133     534)
        16                  15             0.12373   (     133    1208)
        17                  16             0.01564   (       7    1768)
        18                  16             0.03082   (      25     198)
        19                  16             0.03187   (     215     305)
        20                  16             0.03207   (     168     219)
        21                  16             0.03382   (      20    1379)
        22                  16             0.03382   (      20     530)
        23                  16             0.03459   (      20      91)
        24                  16             0.03459   (      20    1378)
        25                  16             0.03983   (       5    1576)
        26                  16             0.03983   (       5     782)
        27                  16             0.04055   (     133     172)
        28                  16             0.04070   (       5    1768)
        29                  16             0.06494   (     133     189)
        30                  16             0.07404   (     133     185)
        31                  16             0.07404   (     133     186)
        32                  16             0.07404   (     133     314)
        33                  16             0.07404   (     133     823)
        34                  16             0.07404   (     133     825)
        35                  16             0.07404   (      92     133)
        36                  16             0.07404   (     121     133)
        37                  16             0.07404   (     123     133)
        38                  16             0.07404   (     133     191)
        39                  16             0.07404   (     133     192)
        40                  16             0.07404   (     133     193)
        41                  16             0.07404   (     133     194)
        42                  16             0.07404   (     133     195)
        43                  16             0.07404   (     133     196)
        44                  16             0.07404   (     133     822)
        45                  16             0.07404   (     133     826)
        46                  16             0.07404   (     118     133)
        47                  16             0.07404   (     119     133)
        48                  16             0.07406   (     133     187)
        49                  16             0.07488   (     133     317)
        50                  16             0.08389   (      91     197)
        51                  16             0.08389   (     197    1378)
        52                  16             0.08399   (     197     530)
        53                  16             0.08399   (     197    1379)
        54                  16             0.09097   (     197    1114)
        55                  16             0.09208   (     133    1114)
        56                  16             0.09956   (     116    1534)
        57                  16             0.11959   (     219     829)
        58                  16             0.12373   (     133     533)
        59                  16             0.12373   (     133    1615)
        60                  16             0.12397   (     342    1447)
        61                  16             0.16367   (    1114    1918)
        62                  17             0.02837   (     133     168)
        63                  17             0.02890   (     133     305)
        64                  17             0.02965   (     197     305)
        65                  17             0.03183   (      96     305)
        66                  17             0.03184   (       5     784)
        67                  17             0.03187   (     305    1918)
        68                  17             0.03187   (     142     305)
        69                  17             0.03187   (     209     305)
        70                  17             0.03197   (     305     879)
        71                  17             0.03264   (     305     881)
        72                  17             0.03386   (       5     305)
        73                  17             0.03402   (     132     305)
        74                  17             0.03554   (     305     350)
        75                  17             0.03972   (     168     350)
        76                  17             0.04224   (     530     531)
        77                  17             0.04224   (     531    1379)
        78                  17             0.04452   (       5     517)
        79                  17             0.04701   (       5     172)
        80                  17             0.04907   (     172     215)
        81                  17             0.04990   (       5     168)
        82                  17             0.05715   (       5     523)
        83                  17             0.05841   (       5     787)
        84                  17             0.06377   (       5     524)
        85                  17             0.06453   (     215     524)
        86                  17             0.07382   (     133     188)
        87                  17             0.07878   (     210     829)
        88                  17             0.08317   (     122     197)
        89                  17             0.08317   (     197    1832)
        90                  17             0.08389   (     197    1249)
        91                  17             0.08541   (     216    1616)
        92                  17             0.08541   (     216     830)
        93                  17             0.08768   (     210     830)
        94                  17             0.11453   (      96     530)
        95                  17             0.11931   (     142     829)
        96                  17             0.13266   (     142     830)
        97                  17             0.13395   (     142    1208)
        98                  17             0.13587   (     145     829)
        99                  17             0.14684   (    1616    1918)
       100                  17             0.17739   (    1832    1918)
