        Rank        RMSE       MaxAE  Feature_ID
           1    2.828500    6.576311  (     646   10832)
           2    2.831592    6.036079  (    8237   10033)
           3    2.849803    8.131329  (    7220   10033)
           4    2.860802    8.113800  (    7833   10033)
           5    2.866539    7.218270  (    4857   10029)
           6    2.866765    7.206487  (    5034   10029)
           7    2.877165    6.905168  (    8449   10033)
           8    2.894243    8.287663  (    4118   10033)
           9    2.898298    5.848588  (    5817   10033)
          10    2.924739    6.889779  (    4857   10033)
          11    2.925217    6.877865  (    5034   10033)
          12    2.925405    7.393425  (    3199   10029)
          13    2.928231    6.087853  (    8237   10029)
          14    2.928571    7.178667  (    3212   10832)
          15    2.937950    7.201414  (    8449   10029)
          16    2.939313    6.293623  (    1297   10832)
          17    2.943399    7.841467  (    4744   10033)
          18    2.943554    6.486136  (    2216   10832)
          19    2.946670    5.982573  (    8078   10029)
          20    2.948575    9.345282  (    5900   10030)
          21    2.950768    8.118854  (    1767   10033)
          22    2.952096    7.348759  (      66   10029)
          23    2.953825    8.434485  (    7220   10029)
          24    2.955799    6.515720  (    2683   10832)
          25    2.956346    6.515515  (    2537   10832)
          26    2.956765    6.512978  (    3757   10832)
          27    2.957463    8.306682  (    1093   11648)
          28    2.958500    6.514266  (    2234   10832)
          29    2.959476    6.251023  (    3552   10832)
          30    2.961625    6.252353  (    2109   10832)
          31    2.963478    6.510715  (    1853   10832)
          32    2.965071    8.416823  (    7833   10029)
          33    2.966141   10.851924  (    1055   10079)
          34    2.966482    6.432427  (    8874   10029)
          35    2.967833    6.500598  (    6196   10832)
          36    2.970252    7.605852  (    5244   10033)
          37    2.975043    7.069221  (    3199   10033)
          38    2.975246    6.302551  (    9412   10029)
          39    2.983005   10.334905  (     969   13949)
          40    2.984294    6.430102  (    1607   10033)
          41    2.985129    8.865229  (    8029   10033)
          42    2.985702    7.384205  (    6886   10029)
          43    2.987594    7.108968  (      66   10033)
          44    2.988171    7.410528  (      46   10020)
          45    2.988546    7.199942  (     156   10187)
          46    2.989491    7.240550  (    1860   12327)
          47    2.991189    6.673859  (    4677   10033)
          48    2.991439    6.024254  (    1770   10488)
          49    2.991501    7.373020  (      46   10012)
          50    2.991604    6.525626  (    2479   10832)
          51    2.993602    8.587681  (    4118   10029)
          52    2.994119    6.974284  (    4677   10029)
          53    2.994242   10.606475  (    4493   10079)
          54    2.995006    6.881878  (    7129   10033)
          55    3.001497    7.698172  (    8133   10033)
          56    3.005340   10.128928  (    3477   10030)
          57    3.005945    7.822512  (     513   10029)
          58    3.006750   10.633990  (     969   18181)
          59    3.007521   10.593380  (    4493   10030)
          60    3.008022   10.268222  (    4966   10079)
          61    3.008191    7.252657  (     156   10200)
          62    3.008499   10.511800  (     969   18952)
          63    3.009004    6.679049  (    3640   10033)
          64    3.014441   10.679535  (    4505   10079)
          65    3.016839   10.719676  (    5023   10079)
          66    3.017195    6.487856  (     646   11220)
          67    3.018982    8.051029  (     145   10029)
          68    3.019542    7.541422  (    8675   10033)
          69    3.020477   10.703576  (    5023   10030)
          70    3.020728    5.978353  (     793   11220)
          71    3.020982    5.963642  (    1389   11220)
          72    3.021857    6.290943  (    8874   10033)
          73    3.022698    7.120387  (    6236   10017)
          74    3.022736    6.984267  (    4966   10029)
          75    3.023987   10.664280  (    4505   10030)
          76    3.025582    6.581348  (    3256   10163)
          77    3.025582    9.733630  (      15   10029)
          78    3.025742    7.129355  (      46   10083)
          79    3.026887    7.734421  (    5584   10033)
          80    3.027454    7.331868  (      46   10024)
          81    3.027516    8.433182  (    9983   10832)
          82    3.027928   10.573507  (     969   18166)
          83    3.028544   10.605979  (     969   17026)
          84    3.029033    6.394873  (    2136   10033)
          85    3.031300    8.988223  (    3974   10008)
          86    3.031616    5.709542  (    2806   10832)
          87    3.034264    6.700719  (    1607   10029)
          88    3.034390    8.867932  (    8586   10033)
          89    3.034962    6.170259  (     793   10832)
          90    3.035358    8.994486  (    4537   10008)
          91    3.035951    7.079370  (    9938   10113)
          92    3.036928   10.539769  (     969   19713)
          93    3.037468    8.490059  (    1767   10029)
          94    3.037561   10.640883  (    4510   10079)
          95    3.037627    7.694113  (     533   10029)
          96    3.037879   10.203849  (    4138   10079)
          97    3.038493   11.011415  (    2580   10030)
          98    3.038603    7.221209  (    6886   10033)
          99    3.041032    6.407215  (    2095   10029)
         100    3.041266    8.951104  (    1991   10008)
