        Rank        RMSE       MaxAE  Feature_ID
           1    7.248246   17.158771  (       1   10001)
           2    7.267580   17.228790  (       2   10001)
           3    7.276586   17.888348  (       1   10002)
           4    7.292334   17.953974  (       2   10002)
           5    7.361974   17.799787  (      64   10241)
           6    7.377235   20.120469  (    5303   10108)
           7    7.389310   20.106869  (     698   10108)
           8    7.396483   18.463458  (       1   10004)
           9    7.406081   17.137914  (      32   10001)
          10    7.414654   17.176989  (       1   10003)
          11    7.416234   17.152422  (       2   10005)
          12    7.421292   18.409237  (       2   10004)
          13    7.423042   20.325857  (    5409   10108)
          14    7.430089   17.130717  (       2   10003)
          15    7.440182   18.282746  (       1   10006)
          16    7.440810   17.149087  (      64   13383)
          17    7.442352   17.084279  (       1   10005)
          18    7.443113   16.148342  (    5369   10108)
          19    7.453312   18.089184  (      64   12922)
          20    7.453863   18.522709  (    1026   11655)
          21    7.456038   20.004908  (    4747   10108)
          22    7.465774   18.227213  (       2   10006)
          23    7.469755   17.704852  (      64   10067)
          24    7.472029   17.910548  (      32   10002)
          25    7.481685   17.708047  (    2176   10241)
          26    7.481950   16.338645  (    4928   10005)
          27    7.483114   18.585633  (     950   11655)
          28    7.490087   18.966630  (    1489   19546)
          29    7.491959   21.485505  (       1   10007)
          30    7.492822   18.957833  (    1497   19546)
          31    7.493360   18.360844  (    6092   10108)
          32    7.493858   19.672879  (    5556   10108)
          33    7.499594   19.510334  (    5896   10108)
          34    7.500806   19.663522  (    5375   10108)
          35    7.502040   20.005800  (    7421   10108)
          36    7.504611   19.453180  (    5915   10108)
          37    7.509779   19.705243  (    5341   10108)
          38    7.512021   16.912979  (      78   10001)
          39    7.517198   21.558356  (       2   10007)
          40    7.518280   20.959695  (    7317   10108)
          41    7.526884   21.294446  (    5369   15816)
          42    7.535724   19.835607  (    5513   10108)
          43    7.535818   16.411592  (    4819   10005)
          44    7.536273   18.180480  (      64   13048)
          45    7.536309   20.430927  (       2   10108)
          46    7.537209   19.234475  (    3932   10108)
          47    7.541554   19.683294  (    4976   10108)
          48    7.542881   17.667618  (     698   10005)
          49    7.543679   18.336451  (    5028   10005)
          50    7.545476   18.971251  (    3821   10241)
          51    7.548541   19.567618  (    9724   10108)
          52    7.550171   19.675571  (    2595   10108)
          53    7.551569   19.897324  (    6363   10108)
          54    7.552858   20.519717  (    5978   10108)
          55    7.554945   17.773935  (       1   10008)
          56    7.555098   21.114443  (     503   10108)
          57    7.556549   19.883934  (    5712   10108)
          58    7.559213   17.860306  (       2   10008)
          59    7.559862   17.101087  (    1445   14739)
          60    7.560600   18.086718  (       2   10009)
          61    7.560973   18.039483  (       1   10009)
          62    7.561890   20.331249  (    6100   10108)
          63    7.568194   20.292071  (    6105   10108)
          64    7.570234   18.749335  (      64   10442)
          65    7.573720   20.166343  (    1185   11655)
          66    7.575663   17.891305  (    4552   10005)
          67    7.576391   20.237144  (    7295   10108)
          68    7.580071   19.934823  (    5048   10108)
          69    7.580359   20.622318  (    6636   10108)
          70    7.580642   17.153684  (      32   10003)
          71    7.581851   19.504934  (    8692   10108)
          72    7.582398   17.693956  (      78   10002)
          73    7.584657   18.169217  (    1026   18320)
          74    7.584813   20.197989  (    7365   10108)
          75    7.584995   22.329975  (    1185   13132)
          76    7.586597   17.644801  (    4925   10005)
          77    7.589197   17.591396  (    4579   14739)
          78    7.591899   19.838954  (    5965   10108)
          79    7.593550   20.358752  (       1   10108)
          80    7.595809   19.903355  (    5270   10108)
          81    7.595934   17.603226  (    2176   10067)
          82    7.597904   19.901845  (    2700   10108)
          83    7.603162   18.715522  (     277   11655)
          84    7.603463   20.276626  (    5747   10108)
          85    7.603509   18.737352  (    1026   11791)
          86    7.605899   20.774421  (    1666   10108)
          87    7.606381   20.455180  (    1570   10108)
          88    7.607559   18.249004  (     950   18320)
          89    7.607819   20.235117  (    5696   10108)
          90    7.608264   19.869602  (    6321   10108)
          91    7.609148   19.161291  (    1435   19546)
          92    7.609845   16.287919  (    7481   10005)
          93    7.610911   16.949473  (    1445   17669)
          94    7.611203   19.393481  (      64   12618)
          95    7.611591   19.707296  (    4570   10108)
          96    7.612044   19.152517  (    1442   19546)
          97    7.612136   17.373982  (    1569   10543)
          98    7.612794   20.148031  (    6565   10108)
          99    7.613780   20.198656  (    4326   10108)
         100    7.614020   17.651561  (    4579   17669)
