        Rank        RMSE       MaxAE  Feature_ID
           1   23.122180   61.914797  (      37   10267)
           2   23.137675   61.880527  (      40   10267)
           3   23.153279   61.846174  (      41   10267)
           4   23.204509   61.656766  (      50   10267)
           5   23.216854   62.612904  (      17   10267)
           6   23.269895   63.155672  (      17   10764)
           7   23.292568   62.121681  (      36   10267)
           8   23.297717   61.468515  (      56   10267)
           9   23.360537   62.130078  (      39   10267)
          10   23.375599   62.480261  (      37   10764)
          11   23.391164   61.309556  (      64   10267)
          12   23.391408   62.445637  (      40   10764)
          13   23.407330   62.410930  (      41   10764)
          14   23.457975   62.219162  (      50   10764)
          15   23.464842   60.823171  (      88   10267)
          16   23.483942   43.899668  (    1887   16326)
          17   23.499176   49.731400  (     865   10267)
          18   23.508864   46.306317  (    3641   16051)
          19   23.552757   62.029539  (      56   10764)
          20   23.557340   62.695491  (      36   10764)
          21   23.558641   53.269577  (      18   10267)
          22   23.610467   46.732704  (    3641   16326)
          23   23.628628   62.705811  (      39   10764)
          24   23.647685   46.590573  (    4979   16051)
          25   23.648265   61.869780  (      64   10764)
          26   23.727400   53.202063  (    9972   10764)
          27   23.937949   61.406955  (      88   10764)
          28   23.938502   62.000899  (      62   10267)
          29   23.950544   53.893002  (    1461   10764)
          30   23.957311   57.290291  (    1962   10967)
          31   23.981561   43.702688  (     392   16051)
          32   24.031835   61.964985  (      65   10267)
          33   24.110587   58.705163  (     452   16051)
          34   24.112615   60.803929  (     543   10267)
          35   24.155914   64.643733  (      29   12523)
          36   24.176343   48.568873  (    5006   11102)
          37   24.183626   46.024594  (    1944   16326)
          38   24.185695   46.015032  (    1950   16326)
          39   24.186632   48.082589  (    4979   16326)
          40   24.187848   46.005457  (    1960   16326)
          41   24.199964   57.100997  (     406   10267)
          42   24.214447   58.481860  (     627   16051)
          43   24.224358   45.251879  (    2422   16326)
          44   24.231529   62.589317  (      62   10764)
          45   24.236572   43.868899  (    3801   16326)
          46   24.241961   50.855598  (     865   16326)
          47   24.247488   58.473118  (       2   10764)
          48   24.253196   45.508961  (    2168   16326)
          49   24.273966   57.107034  (     409   10267)
          50   24.281153   45.368031  (     616   16051)
          51   24.283188   47.491852  (     172   16326)
          52   24.283933   53.729589  (      18   10764)
          53   24.284277   48.173281  (     172   16051)
          54   24.286879   64.877552  (      29   11315)
          55   24.328542   67.065642  (     164   19068)
          56   24.328637   62.555193  (      65   10764)
          57   24.332089   63.847020  (     543   16051)
          58   24.339917   61.389661  (     543   10764)
          59   24.372878   52.984549  (       1   10025)
          60   24.373039   48.470559  (    6028   16326)
          61   24.374860   46.472242  (    2036   16326)
          62   24.398195   57.471052  (     597   10267)
          63   24.399550   56.934731  (     239   10267)
          64   24.407857   46.727488  (    1831   16326)
          65   24.408871   46.751404  (    5159   10764)
          66   24.409342   67.081108  (     164   17423)
          67   24.452780   45.506740  (    2053   16326)
          68   24.454380   57.165824  (     439   10267)
          69   24.463695   62.806185  (     164   10267)
          70   24.469503   59.031342  (    1962   11102)
          71   24.474147   53.530508  (    9972   10267)
          72   24.494937   57.570044  (     652   10267)
          73   24.508333   61.597497  (    1887   10267)
          74   24.511172   68.652377  (     345   16962)
          75   24.524886   46.955644  (    5006   10967)
          76   24.538336   60.816918  (    7803   16051)
          77   24.578419   50.433811  (    5006   12231)
          78   24.606506   42.484875  (    6028   16051)
          79   24.614950   62.201794  (      37   12714)
          80   24.615115   63.270121  (    2117   19068)
          81   24.629441   62.167089  (      40   12714)
          82   24.644035   62.132300  (      41   12714)
          83   24.648678   49.879877  (    1887   16051)
          84   24.684472   61.935953  (      50   12714)
          85   24.685787   47.244355  (     392   16326)
          86   24.687736   65.547854  (      17   16051)
          87   24.687943   58.362112  (    9823   10764)
          88   24.704882   63.904117  (       6   10267)
          89   24.709164   54.839991  (     406   12714)
          90   24.709266   62.933749  (      17   12714)
          91   24.715993   63.257158  (     543   16326)
          92   24.717813   55.550484  (      18   16326)
          93   24.724669   45.611775  (    2008   16326)
          94   24.731295   50.692175  (     392   10764)
          95   24.745988   52.463066  (    7941   12523)
          96   24.746530   60.443819  (     239   10764)
          97   24.752189   56.992593  (     293   10267)
          98   24.765112   55.903842  (      18   16051)
          99   24.766821   61.742115  (      56   12714)
         100   24.768602   63.428151  (    2970   10267)
