Model_ID, [(c_i,i=0,n)_j,j=1,ntask]
           1    0.2909843234E+03    0.2990571378E+03
           2    0.2912145237E+03    0.2996195590E+03
           3    0.1899922101E+03   -0.1449527739E+03
           4    0.1958794218E+03   -0.1458151448E+03
           5    0.3179385172E+03    0.3091795843E+03
           6    0.1897902903E+03   -0.1470084168E+03
           7    0.1956444293E+03    0.1441553909E+03
           8    0.1959674143E+03    0.1455071369E+03
           9    0.1958882947E+03   -0.1445082585E+03
          10    0.1931130788E+03   -0.1403681858E+03
          11    0.1959492972E+03    0.1446210518E+03
          12    0.1897530506E+03    0.1460170105E+03
          13    0.2884778264E+03    0.2965824061E+03
          14    0.2879927652E+03   -0.2957652621E+03
          15    0.1893317832E+03    0.1440619183E+03
          16    0.2886984473E+03    0.2971033276E+03
          17    0.1981984170E+03   -0.1440443066E+03
          18    0.2383154422E+03    0.2243580060E+03
          19    0.1893433272E+03    0.1486157157E+03
          20    0.1835953926E+03    0.1476780076E+03
          21    0.1960425001E+03   -0.1446626015E+03
          22    0.1894355148E+03    0.1440842798E+03
          23    0.1892274333E+03   -0.1433356072E+03
          24    0.3174902723E+03    0.3073133758E+03
          25    0.2882780214E+03    0.2955529196E+03
          26    0.2887347910E+03    0.2968025980E+03
          27    0.2239110782E+03   -0.1077379800E+03
          28    0.2889564655E+03    0.2973289632E+03
          29    0.2363542562E+03   -0.9925885134E+02
          30    0.2919056369E+03    0.2951296685E+03
          31    0.2887188135E+03    0.2968833450E+03
          32    0.1895470263E+03    0.1440910401E+03
          33    0.2877973680E+03    0.2940402836E+03
          34    0.1897507273E+03   -0.1446280012E+03
          35    0.1960192550E+03    0.1435518225E+03
          36    0.2874477442E+03   -0.2939305828E+03
          37    0.1548719522E+03    0.6925015538E+02
          38    0.2889504964E+03   -0.2764369732E+03
          39    0.2872183454E+03    0.2932715462E+03
          40    0.2857465601E+03    0.2890801180E+03
          41    0.1890574330E+03   -0.1127191799E+03
          42    0.1963965798E+03    0.1447753603E+03
          43    0.2889793402E+03    0.2968869774E+03
          44    0.2892434417E+03    0.2979313447E+03
          45    0.2488479678E+03    0.2241133140E+03
          46    0.3040036452E+03    0.2995997267E+03
          47    0.2173044276E+03    0.1800268512E+03
          48    0.2892019281E+03    0.2974180443E+03
          49    0.1935592034E+03   -0.1206300815E+03
          50    0.2015449445E+03   -0.1438752198E+03
          51    0.2895820999E+03    0.2984877035E+03
          52    0.2909866421E+03   -0.2800466552E+03
          53    0.3176242599E+03    0.2968848871E+03
          54    0.2907506500E+03   -0.2793556745E+03
          55    0.1938427973E+03   -0.1373058724E+03
          56    0.1961272964E+03   -0.1432054372E+03
          57    0.2302110647E+03    0.1083656469E+03
          58    0.2842043211E+03   -0.2852666797E+03
          59    0.3041983702E+03    0.2997442300E+03
          60    0.1915257790E+03   -0.1114563748E+03
          61    0.1113519380E+03    0.8154331208E+02
          62    0.2901053888E+03    0.2985399499E+03
          63    0.2898099144E+03    0.2882040659E+03
          64    0.2400509353E+03    0.2087588426E+03
          65    0.2673115982E+03    0.2566259867E+03
          66    0.1854093652E+03    0.1592720228E+03
          67    0.3005873306E+03   -0.2921302806E+03
          68    0.3147858119E+03    0.3004698987E+03
          69    0.2016396669E+03    0.1435277534E+03
          70    0.1927647778E+03    0.1595339895E+03
          71    0.2868803610E+03   -0.2917897215E+03
          72    0.2903153965E+03    0.2989149685E+03
          73    0.2013179958E+03    0.1420959758E+03
          74    0.3015324738E+03    0.2936688485E+03
          75    0.1933999927E+03    0.1387589199E+03
          76    0.1875035342E+03    0.1404252316E+03
          77    0.1978518202E+03    0.1597240898E+03
          78    0.2015302632E+03   -0.1425388753E+03
          79    0.1558265192E+03   -0.1386344238E+03
          80    0.3153306663E+03    0.3015288346E+03
          81    0.2253956222E+03   -0.1036545960E+03
          82    0.2013152213E+03   -0.1244500423E+03
          83    0.2207472980E+03    0.1767005942E+03
          84    0.2910731059E+03    0.2872755136E+03
          85    0.1837401370E+03   -0.1097224213E+03
          86    0.1967202508E+03   -0.1331717898E+03
          87    0.2313709915E+03    0.1045622367E+03
          88    0.1951298083E+03    0.1467679646E+03
          89    0.2486130114E+03   -0.1015930890E+03
          90    0.1560212599E+03   -0.1393138073E+03
          91    0.1930548219E+03    0.1367873428E+03
          92    0.3019735319E+03    0.2943891464E+03
          93    0.1776320985E+03    0.1532581594E+03
          94    0.3020886009E+03    0.2944168198E+03
          95    0.2910731870E+03   -0.2790139377E+03
          96    0.3036694221E+03    0.2979778178E+03
          97    0.1906443278E+03    0.1590887054E+03
          98    0.2016285676E+03    0.1425675724E+03
          99    0.3134531087E+03    0.3084415829E+03
         100    0.1931570793E+03    0.1368010251E+03
