        Rank        RMSE       MaxAE  Feature_ID
           1    8.133171   22.832942  (    4448   19493)
           2    8.143603   23.704651  (     384   10428)
           3    8.171783   24.349934  (      18   10557)
           4    8.172101   23.082206  (      93   10428)
           5    8.173356   21.064809  (    2956   13458)
           6    8.175739   23.031013  (      78   10428)
           7    8.176657   23.023393  (      77   10428)
           8    8.180325   23.181862  (     116   10428)
           9    8.196704   24.389446  (      20   10557)
          10    8.199267   23.244212  (     146   10428)
          11    8.217286   23.503422  (     226   10428)
          12    8.222793   20.422017  (    7079   10428)
          13    8.224287   23.017452  (     235   10428)
          14    8.228331   23.347670  (     200   10428)
          15    8.233304   23.363236  (     183   10428)
          16    8.240001   22.888449  (      85   10428)
          17    8.248939   23.333350  (     215   10428)
          18    8.252419   23.330352  (     212   10428)
          19    8.252478   19.316162  (    1282   11143)
          20    8.256138   23.327203  (     211   10428)
          21    8.258447   20.234552  (    2956   11143)
          22    8.267098   22.340045  (    1465   10428)
          23    8.268707   22.723534  (      74   10428)
          24    8.272969   23.296583  (     251   10428)
          25    8.278018   19.132835  (    3865   11248)
          26    8.278742   23.311577  (     230   10428)
          27    8.282808   22.662922  (      79   10428)
          28    8.283509   20.279392  (    1383   11248)
          29    8.288063   22.676893  (      66   10428)
          30    8.294043   22.305285  (    6326   10428)
          31    8.298183   18.604536  (    8761   11143)
          32    8.302444   22.648906  (      92   10428)
          33    8.305616   22.645810  (      90   10428)
          34    8.309020   22.642572  (      87   10428)
          35    8.310878   23.144166  (     232   10428)
          36    8.320549   22.546108  (      81   10428)
          37    8.324156   16.548883  (    4560   11143)
          38    8.324580   22.613894  (     106   10428)
          39    8.328481   23.395784  (     317   10428)
          40    8.330606   22.627332  (      96   10428)
          41    8.331195   20.407884  (    3844   19493)
          42    8.338934   21.043476  (    6337   17289)
          43    8.348555   21.920231  (    1249   10011)
          44    8.351540   20.930210  (     902   10428)
          45    8.351663   20.879109  (     648   10428)
          46    8.357190   24.084571  (     540   10428)
          47    8.358361   23.413504  (     361   10428)
          48    8.363544   20.397968  (    2956   15427)
          49    8.368698   20.804087  (     638   10428)
          50    8.370191   22.678532  (     497   17464)
          51    8.375717   23.004117  (    5233   19493)
          52    8.385186   23.827320  (     616   12254)
          53    8.390574   20.555171  (    4967   11248)
          54    8.396353   17.519040  (    1282   10428)
          55    8.400981   20.251456  (    2534   11248)
          56    8.401500   20.595985  (    2956   15991)
          57    8.405585   22.602160  (     513   17464)
          58    8.407663   23.543009  (    8507   14780)
          59    8.410468   20.589521  (    2956   16294)
          60    8.414139   23.990361  (       3   10001)
          61    8.419154   21.017923  (    2956   14659)
          62    8.420114   23.068553  (     150   10428)
          63    8.420282   23.441763  (     434   10428)
          64    8.420479   20.584214  (    2956   16642)
          65    8.425611   19.055648  (    2956   10428)
          66    8.427164   17.745450  (    7025   10428)
          67    8.433735   20.462660  (    4158   11248)
          68    8.437762   23.619926  (     497   15944)
          69    8.443201   23.359794  (     369   10428)
          70    8.447610   24.068231  (    4598   10428)
          71    8.449540   21.841511  (    2956   15415)
          72    8.452482   22.384272  (      44   10428)
          73    8.460184   19.811408  (    1383   11143)
          74    8.461545   22.449813  (      34   10428)
          75    8.462023   22.299344  (     205   10428)
          76    8.463532   23.102555  (     376   12254)
          77    8.464545   21.881609  (     520   11248)
          78    8.464889   23.400589  (    2411   10428)
          79    8.466060   21.850141  (      18   10047)
          80    8.474028   21.871213  (      18   10044)
          81    8.474128   20.102737  (    6904   11143)
          82    8.477040   23.536143  (     513   15944)
          83    8.478614   22.276774  (     181   10428)
          84    8.480026   19.333581  (    1906   11143)
          85    8.482458   19.022871  (    8502   11143)
          86    8.483668   19.744542  (    3865   11143)
          87    8.483969   22.515524  (     321   10428)
          88    8.484104   22.306331  (     292   10428)
          89    8.487861   22.711806  (     399   10428)
          90    8.488807   22.249522  (     515   17464)
          91    8.489640   20.680332  (    1383   13458)
          92    8.491200   21.894169  (      20   10047)
          93    8.494450   25.291781  (     384   10372)
          94    8.495342   20.909458  (    4967   13458)
          95    8.498285   20.597894  (    2534   13458)
          96    8.499266   21.915128  (      20   10044)
          97    8.502167   23.466994  (     563   10428)
          98    8.502682   18.808005  (    8137   11248)
          99    8.505341   22.251352  (     177   10428)
         100    8.506680   21.265785  (     655   11248)
