        Rank        RMSE       MaxAE  Feature_ID
           1   13.118303   41.283598  (       1)
           2   13.152690   29.912219  (       2)
           3   13.203750   41.306770  (       3)
           4   13.206211   25.537416  (       4)
           5   13.247397   30.091353  (       5)
           6   13.292728   27.564995  (       6)
           7   13.325003   34.510412  (       7)
           8   13.375798   24.691703  (       8)
           9   13.385080   30.778480  (       9)
          10   13.408881   31.962263  (      10)
          11   13.454217   34.426146  (      11)
          12   13.457414   32.357913  (      12)
          13   13.467233   28.805541  (      13)
          14   13.503391   31.193177  (      14)
          15   13.508605   33.758448  (      15)
          16   13.512001   31.153504  (      16)
          17   13.524469   36.966793  (      17)
          18   13.582543   42.790824  (      18)
          19   13.584453   34.218450  (      19)
          20   13.606585   42.821764  (      20)
          21   13.613310   25.390520  (      21)
          22   13.624719   36.259698  (      22)
          23   13.628274   30.970335  (      23)
          24   13.629359   42.148428  (      24)
          25   13.633552   23.985740  (      25)
          26   13.639599   35.260435  (      26)
          27   13.642169   23.829288  (      27)
          28   13.642333   34.205434  (      28)
          29   13.643411   36.810539  (      29)
          30   13.648170   23.850271  (      30)
          31   13.662302   37.979268  (      31)
          32   13.671331   25.665498  (      32)
          33   13.678807   25.504715  (      33)
          34   13.678855   43.494882  (      34)
          35   13.679195   42.669199  (      35)
          36   13.682736   42.732647  (      36)
          37   13.694504   34.759448  (      37)
          38   13.697035   26.002884  (      38)
          39   13.697662   32.427098  (      39)
          40   13.700585   34.129168  (      40)
          41   13.701939   34.169911  (      41)
          42   13.709549   33.440733  (      42)
          43   13.709757   34.024515  (      43)
          44   13.711141   43.087120  (      44)
          45   13.711171   34.035464  (      45)
          46   13.712260   34.035523  (      46)
          47   13.713561   44.256651  (      47)
          48   13.713578   34.035173  (      48)
          49   13.720271   26.681462  (      49)
          50   13.720357   32.306112  (      50)
          51   13.725287   26.622096  (      51)
          52   13.725439   26.585994  (      52)
          53   13.728686   43.702643  (      53)
          54   13.730075   31.634611  (      54)
          55   13.731040   30.054995  (      55)
          56   13.737093   37.468543  (      56)
          57   13.738129   29.117096  (      57)
          58   13.740753   41.781499  (      58)
          59   13.744564   33.730277  (      59)
          60   13.748770   26.510621  (      60)
          61   13.749483   35.624386  (      61)
          62   13.750118   26.101997  (      62)
          63   13.754054   26.733383  (      63)
          64   13.755783   31.647881  (      64)
          65   13.756751   26.152593  (      65)
          66   13.758993   43.492889  (      66)
          67   13.759179   26.331398  (      67)
          68   13.759831   42.969508  (      68)
          69   13.760725   26.177205  (      69)
          70   13.762848   31.945390  (      70)
          71   13.764998   33.974857  (      71)
          72   13.765182   32.557655  (      72)
          73   13.767567   26.213399  (      73)
          74   13.769469   43.509866  (      74)
          75   13.769746   43.886852  (      75)
          76   13.770411   29.700227  (      76)
          77   13.770443   43.693499  (      77)
          78   13.771529   43.698558  (      78)
          79   13.773393   43.485886  (      79)
          80   13.775388   26.248174  (      80)
          81   13.775781   43.416783  (      81)
          82   13.776581   29.770068  (      82)
          83   13.777040   40.641977  (      83)
          84   13.777356   42.494997  (      84)
          85   13.777639   43.600503  (      85)
          86   13.777711   33.696960  (      86)
          87   13.778566   43.459958  (      87)
          88   13.778839   34.804761  (      88)
          89   13.778856   27.572447  (      89)
          90   13.779144   43.465943  (      90)
          91   13.779706   26.090382  (      91)
          92   13.779863   43.471891  (      92)
          93   13.780699   43.733242  (      93)
          94   13.781076   26.270299  (      94)
          95   13.785380   34.287762  (      95)
          96   13.786256   43.445655  (      96)
          97   13.788253   33.854498  (      97)
          98   13.789272   42.496485  (      98)
          99   13.789432   29.751068  (      99)
         100   13.789445   27.873736  (     100)
