Model_ID, [(c_i,i=0,n)_j,j=1,ntask]
           1    0.5662615922E+02   -0.2422999070E+02
           2    0.5445049978E+02   -0.4181028931E+02
           3    0.6221369456E+02   -0.4489751950E+02
           4    0.6642722640E+02   -0.1892690515E+02
           5    0.5930100095E+02   -0.2651656983E+02
           6    0.5937432554E+02   -0.2514054017E+02
           7    0.6806739481E+02   -0.6326188816E+02
           8    0.5403817600E+02    0.4136180497E+02
           9    0.4220147373E+02   -0.3519672752E+02
          10    0.6406299383E+02   -0.4739548267E+02
          11    0.6250564820E+02   -0.4555002136E+02
          12    0.6035980213E+02   -0.2704578900E+02
          13    0.4296756375E+02    0.3379049518E+02
          14    0.5082936060E+02   -0.3807068065E+02
          15    0.6799223131E+02   -0.5234159486E+02
          16    0.6892349214E+02   -0.2741100172E+02
          17    0.6388933310E+02   -0.4604583825E+02
          18    0.6348755290E+02   -0.1804072160E+02
          19    0.6917810994E+02   -0.1984815488E+02
          20    0.1449028080E+02   -0.5719352031E+02
          21    0.2655939813E+02   -0.2332631663E+02
          22    0.6375808157E+02   -0.4728517464E+02
          23    0.6539321702E+02   -0.4810952831E+02
          24    0.8418769453E+02   -0.1871963593E+02
          25    0.8149349129E+02    0.2177231340E+02
          26    0.6610289678E+02   -0.1899150838E+02
          27    0.6619713184E+02   -0.1902964365E+02
          28    0.6250454693E+02   -0.4531230872E+02
          29    0.6344992142E+02   -0.4797993004E+02
          30    0.7766160325E+02    0.2081239393E+02
          31    0.6601728519E+02   -0.4940764292E+02
          32    0.8145806321E+02   -0.2251725004E+02
          33    0.5974104699E+02   -0.2243701917E+02
          34    0.8410755646E+02   -0.2323097490E+02
          35    0.7125940608E+02   -0.5290659687E+02
          36    0.6772718675E+02   -0.4913370888E+02
          37    0.5614855371E+02   -0.4165242469E+02
          38    0.8047291464E+02   -0.2133468760E+02
          39    0.6067788379E+02   -0.2286416274E+02
          40    0.4395560735E+02   -0.3604687954E+02
          41    0.7255593003E+02    0.2134026304E+02
          42    0.5973704561E+02   -0.2138038262E+02
          43    0.7985953513E+02   -0.2211131732E+02
          44    0.4009702047E+02   -0.3320119634E+02
          45    0.2664999803E+02   -0.2321274238E+02
          46    0.8741380607E+02   -0.1930491216E+02
          47    0.5090842904E+02    0.2999276700E+02
          48    0.6464461607E+02   -0.5846249640E+02
          49    0.5327954471E+02   -0.2229326536E+02
          50    0.3907764528E+02    0.3667941171E+02
          51    0.7378010066E+02   -0.2766236438E+02
          52    0.4438992118E+02   -0.1949849008E+02
          53    0.5896398765E+02   -0.2723867725E+02
          54    0.8208170368E+02    0.2279216863E+02
          55    0.6426279911E+02   -0.4768910227E+02
          56    0.4279136724E+02    0.3376509449E+02
          57    0.6135080685E+02   -0.4577396516E+02
          58    0.5288997099E+02   -0.2547614203E+02
          59    0.6444799875E+02   -0.4799750591E+02
          60    0.6526935428E+02   -0.4571739039E+02
          61    0.6182437495E+02    0.4451496392E+02
          62    0.8366601655E+02   -0.1849970214E+02
          63    0.5167669671E+02    0.2956752721E+02
          64    0.5915185394E+02   -0.2506189629E+02
          65    0.8261818718E+02   -0.2283247169E+02
          66    0.4580568815E+02   -0.1810137256E+02
          67    0.6326675750E+02   -0.2717156754E+02
          68    0.8044025315E+02   -0.1784470168E+02
          69    0.5463441768E+02    0.2107972334E+02
          70    0.6619251055E+02   -0.2093208579E+02
          71    0.5311529423E+02   -0.3903179885E+02
          72    0.6281609447E+02   -0.4600762178E+02
          73    0.6614905253E+02   -0.5942816012E+02
          74    0.5261521690E+02   -0.2977698273E+02
          75    0.5658565952E+02   -0.2516458740E+02
          76    0.5976131671E+02   -0.2161568417E+02
          77    0.6324375815E+02   -0.1812530846E+02
          78    0.6700959642E+02   -0.2954118747E+02
          79    0.5382828691E+02   -0.3692608237E+02
          80    0.8155572344E+02   -0.2295804461E+02
          81    0.8430859949E+02   -0.2372785314E+02
          82    0.7597982989E+02    0.2216552034E+02
          83    0.5590689125E+02   -0.4423660971E+02
          84    0.4283359500E+02   -0.1831270964E+02
          85    0.3891628910E+02   -0.3677149701E+02
          86    0.8001170449E+02   -0.2259063890E+02
          87    0.6679541734E+02   -0.1958365653E+02
          88    0.5490214904E+02   -0.3340106619E+02
          89    0.6449041282E+02   -0.2547004401E+02
          90    0.1927080321E+02   -0.6307092061E+02
          91    0.5750741054E+02   -0.2460625612E+02
          92    0.6732472744E+02   -0.4885348782E+02
          93    0.6334760244E+02   -0.2868162000E+02
          94    0.8326658143E+02   -0.2521469630E+02
          95    0.4476792172E+02    0.3422112802E+02
          96    0.5858997441E+02   -0.2258364863E+02
          97    0.4438607170E+02   -0.1934767770E+02
          98    0.6990293664E+02   -0.6465592910E+02
          99    0.7148045336E+02   -0.3087034588E+02
         100    0.5404144839E+02   -0.3379919295E+02
