Model_ID, [(c_i,i=0,n)_j,j=1,ntask]
           1    0.4757901940E+02    0.3418687901E+02    0.2382669791E+03
           2    0.4968785537E+02   -0.3710574771E+02    0.2270428727E+03
           3    0.4566304547E+02   -0.3339438571E+02    0.2364108631E+03
           4    0.4256627072E+02   -0.3749493728E+02    0.2261733475E+03
           5    0.4703468712E+02   -0.3344100252E+02    0.2326471468E+03
           6    0.4729898775E+02    0.3382978083E+02    0.2358280966E+03
           7    0.4246957729E+02    0.3706807924E+02    0.2260554065E+03
           8    0.4624292304E+02   -0.3212526500E+02    0.2371381049E+03
           9    0.5141684857E+02    0.3951502292E+02    0.2267836386E+03
          10    0.4783808633E+02   -0.3844578321E+02    0.2210527876E+03
          11    0.4628390018E+02   -0.3343440776E+02    0.2365087563E+03
          12    0.4671468912E+02   -0.3388522892E+02    0.2351305088E+03
          13    0.4720290088E+02    0.3365233062E+02    0.2348878889E+03
          14    0.5485467537E+02    0.4161900449E+02    0.2280099544E+03
          15    0.4860483354E+02   -0.3604441001E+02    0.2312057996E+03
          16    0.4635577293E+02   -0.3282897361E+02    0.2355452536E+03
          17    0.3789580799E+02    0.3019194320E+02    0.7275043134E+02
          18    0.2248606553E+02   -0.4910818811E+02   -0.6925075706E+02
          19    0.3792943663E+02   -0.3003804719E+02    0.7313864483E+02
          20    0.4677323687E+02    0.3287238710E+02    0.2302929170E+03
          21    0.2190849841E+02   -0.4798264579E+02    0.7743775484E+02
          22    0.4748469069E+02   -0.3365031524E+02    0.2252781336E+03
          23    0.3774098328E+02    0.3019627061E+02    0.7339779797E+02
          24    0.4807395394E+02   -0.3912736672E+02   -0.6297925827E+03
          25    0.4808560194E+02   -0.3658714766E+02    0.2300773596E+03
          26    0.2268126246E+02   -0.4970421527E+02    0.6450904878E+02
          27    0.4728797681E+02    0.3289373754E+02    0.2317933192E+03
          28    0.5425930422E+02   -0.2380466382E+02   -0.1593184538E+03
          29    0.2199965504E+02   -0.4908054020E+02    0.7062842937E+02
          30    0.5074788465E+02   -0.3881491170E+02    0.2293379694E+03
          31    0.3834391257E+02    0.3186416019E+02   -0.6362642165E+02
          32    0.2367420273E+02    0.4655779526E+02    0.7506261713E+02
          33    0.5444014843E+02   -0.2339060202E+02    0.1630805130E+03
          34    0.3994644294E+02   -0.2874233945E+02   -0.5711009980E+02
          35    0.4732198676E+02   -0.3889939336E+02   -0.2227543911E+03
          36    0.4851484379E+02   -0.3947021628E+02    0.2163810007E+03
          37    0.3838439400E+02   -0.3170696459E+02   -0.6393974195E+02
          38    0.3849387757E+02    0.3100855966E+02   -0.7107380632E+02
          39    0.4904387251E+02   -0.3996095720E+02    0.6129416389E+03
          40    0.5098874378E+02    0.3878480966E+02    0.2235532828E+03
          41    0.3947868046E+02   -0.3349192938E+02    0.2268091101E+03
          42    0.4722175664E+02   -0.3344573606E+02    0.2267940636E+03
          43    0.1765080113E+02   -0.5766431547E+02   -0.1101359627E+03
          44    0.5447572535E+02   -0.2344753389E+02   -0.1577498782E+03
          45    0.5412899358E+02   -0.2368065191E+02   -0.1664389374E+03
          46    0.5131194733E+02   -0.4637232325E+02   -0.6156439064E+02
          47    0.5471602642E+02   -0.2375464246E+02   -0.4665677422E+03
          48    0.4923820962E+02   -0.3975207648E+02    0.5941118608E+03
          49    0.5468359099E+02   -0.2365196143E+02    0.2063685384E+03
          50    0.4787991547E+02   -0.3833767295E+02   -0.2091190420E+03
          51    0.4738665464E+02   -0.3908628605E+02    0.2207010848E+03
          52    0.8411971257E+02   -0.2484970308E+02    0.1159385319E+03
          53    0.2427820777E+02    0.4463331485E+02    0.7615124011E+02
          54    0.2355424013E+02    0.4628272997E+02    0.7402746978E+02
          55    0.2372806480E+02   -0.4627122288E+02    0.7592504707E+02
          56    0.2822433619E+02   -0.2186270797E+02    0.1360985464E+03
          57    0.3934436919E+02   -0.2884735692E+02    0.6416790896E+02
          58    0.4744108567E+02   -0.3882015330E+02   -0.2203639596E+03
          59    0.6025260111E+02   -0.2719648441E+02    0.7684623662E+02
          60    0.5421008544E+02   -0.2377280153E+02    0.1643557855E+03
          61    0.1927996553E+02    0.5532856182E+02   -0.1081384899E+03
          62    0.2778779386E+02    0.1785954867E+02    0.7375870420E+02
          63    0.3983807508E+02   -0.2881940407E+02   -0.6196413488E+02
          64    0.4056578608E+02   -0.2766756614E+02   -0.5641775269E+02
          65    0.4064514778E+02   -0.2732025293E+02   -0.5696423197E+02
          66    0.4134045495E+02    0.3306484580E+02   -0.3760981691E+03
          67    0.3819615759E+02    0.3187659868E+02   -0.6399425011E+02
          68    0.4878941465E+02   -0.3515232873E+02    0.2261851068E+03
          69    0.1807172210E+02   -0.5699157169E+02    0.1064564248E+03
          70    0.5172313717E+02   -0.3687245467E+02    0.2273970745E+03
          71    0.5059795076E+02   -0.3809802313E+02    0.2196992589E+03
          72    0.2172573247E+02    0.4911414270E+02   -0.7253536435E+02
          73    0.3912840961E+02   -0.3342102292E+02   -0.1397199216E+03
          74    0.5397955363E+02   -0.2344481594E+02    0.1508785948E+03
          75    0.5410160108E+02   -0.2391578983E+02   -0.1640136689E+03
          76    0.1834423204E+02    0.5656206610E+02   -0.1093027518E+03
          77    0.5422352738E+02   -0.2364354878E+02   -0.1634568182E+03
          78    0.3978578301E+02   -0.3031476266E+02   -0.5614437825E+02
          79    0.2307230207E+02   -0.4825760132E+02   -0.7094887892E+02
          80    0.1950334828E+02   -0.5234279486E+02   -0.1886008417E+03
          81    0.4867991383E+02   -0.4129434902E+02   -0.5993462157E+02
          82    0.3889860319E+02    0.3138684805E+02    0.6612152466E+02
          83    0.4751563871E+02   -0.3855078117E+02   -0.2183365122E+03
          84    0.4135657202E+02   -0.3320972291E+02   -0.3748128356E+03
          85    0.3797482209E+02    0.3099222762E+02    0.7269931027E+02
          86    0.2400622021E+02   -0.4557709238E+02    0.7377368567E+02
          87    0.5308525965E+02   -0.2323036633E+02    0.1767134875E+03
          88    0.4162570668E+02    0.3372872083E+02   -0.3102463237E+03
          89    0.2151867701E+02   -0.5069887971E+02   -0.6731299061E+02
          90    0.2765057832E+02   -0.1816601800E+02   -0.7189387217E+02
          91    0.3820031125E+02    0.3066212575E+02   -0.6813111295E+02
          92    0.2123605440E+02   -0.4931881730E+02    0.7507287160E+02
          93    0.8383853651E+02   -0.2226960195E+02    0.2189408442E+03
          94    0.4915155264E+02   -0.4005267523E+02    0.3286756340E+03
          95    0.6429766119E+02   -0.3185110612E+02    0.7458675097E+02
          96    0.3823584636E+02   -0.3050508463E+02   -0.6851146716E+02
          97    0.3895919126E+02   -0.3394898647E+02   -0.1137010149E+03
          98    0.4747265465E+02   -0.3829920057E+02   -0.2232763721E+03
          99    0.4163599799E+02   -0.3388912246E+02   -0.3098070022E+03
         100    0.3919474136E+02   -0.3197778830E+02   -0.1118853661E+03
