        Rank        RMSE       MaxAE  Feature_ID
           1    9.632925   20.781449  (       1)
           2    9.820252   27.286023  (       2)
           3    9.865527   20.948810  (       3)
           4    9.925284   20.366657  (       4)
           5    9.943585   21.814755  (       5)
           6    9.959260   22.875932  (       6)
           7    9.973371   22.640372  (       7)
           8    9.974498   26.967176  (       8)
           9    9.983218   24.970029  (       9)
          10   10.040844   21.267547  (      10)
          11   10.041156   21.206100  (      11)
          12   10.043323   22.493630  (      12)
          13   10.072801   25.687433  (      13)
          14   10.083004   25.305467  (      14)
          15   10.084297   22.656135  (      15)
          16   10.085795   24.545426  (      16)
          17   10.106821   21.787153  (      17)
          18   10.111699   19.578487  (      18)
          19   10.111805   21.773622  (      19)
          20   10.145636   25.826383  (      20)
          21   10.153603   28.991930  (      21)
          22   10.161866   21.414232  (      22)
          23   10.168342   22.230989  (      23)
          24   10.177954   23.372569  (      24)
          25   10.182890   20.174459  (      25)
          26   10.184782   21.513940  (      26)
          27   10.193876   20.527173  (      27)
          28   10.200034   21.007106  (      28)
          29   10.200243   21.937654  (      29)
          30   10.201176   21.470366  (      30)
          31   10.205224   22.188260  (      31)
          32   10.209730   21.793299  (      32)
          33   10.215888   27.522013  (      33)
          34   10.231029   22.209266  (      34)
          35   10.239945   23.767239  (      35)
          36   10.241375   23.739477  (      36)
          37   10.249463   28.977431  (      37)
          38   10.251612   22.043100  (      38)
          39   10.263823   28.533685  (      39)
          40   10.264289   25.977697  (      40)
          41   10.266708   19.933381  (      41)
          42   10.270174   27.332889  (      42)
          43   10.272399   21.205479  (      43)
          44   10.273246   22.796488  (      44)
          45   10.284865   28.980855  (      45)
          46   10.288397   23.817338  (      46)
          47   10.292898   24.203104  (      47)
          48   10.295144   22.233841  (      48)
          49   10.301047   24.519023  (      49)
          50   10.303461   25.896521  (      50)
          51   10.305179   19.161559  (      51)
          52   10.307106   26.226549  (      52)
          53   10.317405   21.287993  (      53)
          54   10.321772   23.628469  (      54)
          55   10.325308   21.316530  (      55)
          56   10.326469   25.510357  (      56)
          57   10.327004   23.899626  (      57)
          58   10.329738   23.748096  (      58)
          59   10.338274   21.343313  (      59)
          60   10.341128   23.523377  (      60)
          61   10.342945   21.025625  (      61)
          62   10.345086   22.833199  (      62)
          63   10.345491   24.112656  (      63)
          64   10.346284   22.709919  (      64)
          65   10.346986   22.624237  (      65)
          66   10.349701   21.739731  (      66)
          67   10.352577   25.310289  (      67)
          68   10.354089   21.804480  (      68)
          69   10.355605   23.773644  (      69)
          70   10.362374   23.249877  (      70)
          71   10.362852   27.588300  (      71)
          72   10.364627   21.280839  (      72)
          73   10.364865   22.356862  (      73)
          74   10.366780   21.020779  (      74)
          75   10.368255   23.324816  (      75)
          76   10.371216   27.398385  (      76)
          77   10.372603   20.057140  (      77)
          78   10.375964   20.927304  (      78)
          79   10.382395   24.552004  (      79)
          80   10.389320   21.430637  (      80)
          81   10.396217   22.695157  (      81)
          82   10.398381   20.763049  (      82)
          83   10.404023   21.481213  (      83)
          84   10.404810   24.652792  (      84)
          85   10.404916   25.748393  (      85)
          86   10.406816   21.019822  (      86)
          87   10.410554   21.523174  (      87)
          88   10.417217   22.657284  (      88)
          89   10.417650   23.160672  (      89)
          90   10.419960   22.786341  (      90)
          91   10.421123   21.392579  (      91)
          92   10.421769   23.922609  (      92)
          93   10.422817   24.427408  (      93)
          94   10.425080   24.531061  (      94)
          95   10.425521   26.766100  (      95)
          96   10.428410   26.396630  (      96)
          97   10.428534   26.220483  (      97)
          98   10.429220   24.694763  (      98)
          99   10.430490   25.742062  (      99)
         100   10.434470   22.747564  (     100)
