Model_ID, [(c_i,i=0,n)_j,j=1,ntask]
           1    0.2718385486E+03    0.1981450467E+03    0.7773131452E+03
           2    0.2723162217E+03    0.1951966962E+03    0.7809162944E+03
           3    0.2719843460E+03    0.1980912969E+03    0.7262084971E+03
           4    0.2718738209E+03   -0.1983306178E+03    0.7863773807E+03
           5    0.2718740611E+03    0.1964523393E+03    0.7844827136E+03
           6    0.2719020710E+03    0.1989888757E+03    0.7875586405E+03
           7    0.2719210181E+03    0.1992720105E+03    0.7881907952E+03
           8    0.2719143664E+03    0.1952628880E+03    0.7840158997E+03
           9    0.2718087806E+03    0.1949905253E+03    0.7950997181E+03
          10    0.2719773966E+03    0.1998538089E+03    0.7898082481E+03
          11    0.2710154707E+03    0.1939792343E+03    0.8017496391E+03
          12    0.2661989542E+03   -0.2134365329E+03    0.1603649589E+04
          13    0.2735149840E+03    0.1899271119E+03    0.7793923705E+03
          14    0.2797816242E+03    0.2024503901E+03    0.7752768290E+03
          15    0.2715992107E+03    0.1949600016E+03    0.7883125182E+03
          16    0.2669174336E+03   -0.2148320830E+03    0.1496258885E+04
          17    0.2784269148E+03    0.2060769494E+03    0.7822210242E+03
          18    0.2658612126E+03    0.2146060217E+03    0.1612423703E+04
          19    0.2792036327E+03    0.2010846560E+03    0.7758487410E+03
          20    0.2784468514E+03    0.2064297520E+03    0.7827163509E+03
          21    0.2658673722E+03   -0.2134003416E+03    0.1609669318E+04
          22    0.2783771119E+03   -0.2038794171E+03    0.7804935408E+03
          23    0.2785043887E+03    0.2071635631E+03    0.7840399765E+03
          24    0.2659044061E+03   -0.2162583090E+03    0.1617791146E+04
          25    0.2722041905E+03   -0.1909831219E+03    0.7849796843E+03
          26    0.2784845348E+03    0.2037032666E+03    0.7412179340E+03
          27    0.2720826031E+03    0.1915186723E+03    0.8431908191E+03
          28    0.2783825701E+03    0.2029909346E+03    0.7802623350E+03
          29    0.2659658467E+03    0.2171335292E+03    0.1621823777E+04
          30    0.2705742378E+03   -0.2127304350E+03   -0.1657869477E+04
          31    0.2774034620E+03    0.1988721701E+03    0.7882731377E+03
          32    0.2659938634E+03    0.2174096756E+03    0.1623362385E+04
          33    0.2745590917E+03    0.1906404372E+03    0.8046193203E+03
          34    0.2723874075E+03    0.2013466964E+03    0.7988026085E+03
          35    0.2784122024E+03    0.2015733524E+03    0.7802754163E+03
          36    0.2780398539E+03    0.2006713828E+03    0.8094414565E+03
          37    0.2724417843E+03   -0.2014192739E+03    0.7998686660E+03
          38    0.2729758764E+03    0.1985714814E+03    0.7108380321E+03
          39    0.2655791454E+03   -0.2131448696E+03    0.1616468592E+04
          40    0.2688788725E+03   -0.2181820003E+03   -0.3480543838E+04
          41    0.2660694389E+03    0.2179705825E+03    0.1627063451E+04
          42    0.2539641170E+03    0.1772205135E+03   -0.2036768009E+03
          43    0.2754472294E+03   -0.2006598888E+03    0.7637567551E+03
          44    0.2710576516E+03   -0.2182077381E+03   -0.1665046280E+04
          45    0.2724895845E+03    0.2014709168E+03    0.8007934970E+03
          46    0.2823333710E+03   -0.2086487874E+03    0.7523789674E+03
          47    0.2730002552E+03    0.1986855233E+03    0.6631138806E+03
          48    0.2710194964E+03   -0.2141428169E+03   -0.1533729037E+04
          49    0.2832378377E+03    0.2219759431E+03    0.1225606556E+04
          50    0.2831330990E+03    0.2212341585E+03    0.1217774867E+04
          51    0.2830922572E+03    0.2208755085E+03    0.1214429604E+04
          52    0.2719510507E+03    0.2030391493E+03   -0.1693008321E+04
          53    0.2768671628E+03    0.1987255953E+03    0.7926173279E+03
          54    0.2734636158E+03    0.1956077413E+03    0.7146621825E+03
          55    0.2538729205E+03    0.1757916276E+03   -0.1777311018E+03
          56    0.2789046750E+03    0.2091763118E+03    0.7920969074E+03
          57    0.2784327923E+03    0.1990221869E+03    0.8199262719E+03
          58    0.2751852196E+03    0.2016551186E+03    0.7675064729E+03
          59    0.2751763936E+03   -0.2005422464E+03    0.7666764737E+03
          60    0.2703014360E+03   -0.2125718366E+03   -0.1650228295E+04
          61    0.2703117699E+03    0.2137451765E+03   -0.1650095076E+04
          62    0.2433206442E+03    0.1625108576E+03    0.2995435363E+03
          63    0.2785385300E+03   -0.1985371506E+03    0.7814509880E+03
          64    0.2707067604E+03   -0.2167280486E+03   -0.1761845202E+04
          65    0.2752580171E+03   -0.2031515919E+03    0.7697348639E+03
          66    0.2409431636E+03    0.1620932778E+03    0.3006714842E+03
          67    0.2730330196E+03   -0.1987274283E+03    0.7193603110E+03
          68    0.2331565524E+03    0.1574943764E+03    0.3585100651E+03
          69    0.2724241451E+03    0.1906204584E+03    0.7965484547E+03
          70    0.2749000748E+03   -0.2169284486E+03    0.1968432724E+04
          71    0.2730285591E+03    0.1968520889E+03    0.7175641942E+03
          72    0.2817192291E+03    0.2101110934E+03    0.7576755076E+03
          73    0.2730642185E+03    0.1993831702E+03    0.7205022745E+03
          74    0.2790028742E+03    0.2093763008E+03    0.7939640542E+03
          75    0.2535277127E+03    0.1736050047E+03   -0.1724874249E+03
          76    0.2744378179E+03    0.2037098222E+03    0.7996459407E+03
          77    0.2531988155E+03    0.1749922945E+03    0.1998833847E+03
          78    0.2703839068E+03   -0.2153442885E+03   -0.1650994323E+04
          79    0.2730847457E+03    0.1996648642E+03    0.7211163795E+03
          80    0.2718472019E+03    0.2105533365E+03    0.6969921401E+03
          81    0.2651341775E+03   -0.2104862264E+03    0.1726213851E+04
          82    0.2837183433E+03   -0.2237576640E+03    0.1254728272E+04
          83    0.2818882597E+03    0.2129974801E+03    0.7606525759E+03
          84    0.2694835603E+03   -0.2191847617E+03   -0.3194591688E+04
          85    0.2718738130E+03    0.2108287718E+03    0.6989222457E+03
          86    0.2753418757E+03    0.2039227531E+03    0.7717292424E+03
          87    0.2717901624E+03   -0.2096818496E+03    0.6917345896E+03
          88    0.2694971651E+03   -0.2126994104E+03    0.1313349843E+04
          89    0.2702973002E+03    0.1951958793E+03    0.7761677653E+03
          90    0.2730677322E+03    0.1956624173E+03    0.7171530769E+03
          91    0.2819252812E+03    0.2133127640E+03    0.7613165521E+03
          92    0.2749303890E+03    0.1891248668E+03    0.8118052057E+03
          93    0.2719464646E+03    0.2113893963E+03    0.7034289681E+03
          94    0.2817011905E+03   -0.2087359295E+03    0.7573979773E+03
          95    0.2686109961E+03    0.2192275507E+03   -0.3464337656E+04
          96    0.2750063694E+03   -0.1991471733E+03    0.7957450881E+03
          97    0.2753784660E+03    0.2041612387E+03    0.7725405556E+03
          98    0.2686052197E+03   -0.2180104094E+03   -0.3461844773E+04
          99    0.2828956578E+03    0.2177016800E+03    0.1192249450E+04
         100    0.2755204331E+03   -0.2028527456E+03    0.7038179972E+03
