Materials	Properties	feature1	feature2	feature3	feature4	feature5	feature6	feature7	feature8	feature9	feature10	feature11	feature12	feature13	feature14	feature15	feature16	feature17	feature18	feature19	feature20	feature21	feature22	feature23
sample1	18.5000	0.0000	0.0000	0.0000	0.0000	0.0000	0.0000	0.0000	0.0000	0.0000	0.0000	0.0000	0.0000	0.1750	0.0000	0.0000	0.0000	0.0000	0.0915	0.0000	0.4708	0.9735	0.9410	1.0000
sample2	88.7200	0.0000	0.0000	0.0000	0.0000	0.0000	0.0000	0.0000	0.0000	0.0000	0.0000	0.0000	0.0000	0.9583	0.2569	0.0000	0.0000	0.7326	0.3155	0.0000	0.6790	0.2032	0.3956	0.4217
sample3	20.4500	0.0000	0.0000	0.0000	1.0000	0.0000	0.0000	0.0000	0.0000	0.0000	0.0000	0.0000	0.0000	0.0000	0.0663	0.0141	0.0000	0.4535	0.1471	0.0000	0.0000	1.0000	0.9819	0.9998
sample4	20.6700	0.0000	0.0000	0.0000	0.0000	1.0000	0.0000	0.0000	0.0000	0.0000	0.0000	0.0000	0.0000	0.3917	0.0000	0.0131	0.0000	0.3605	0.3775	0.0000	0.4138	0.9791	1.0000	0.9998
sample5	20.7800	0.0000	0.0000	0.0000	0.0000	0.0000	1.0000	0.0000	0.0000	0.0000	0.0000	0.0000	0.0000	0.5333	0.1188	0.0046	0.0000	0.3372	1.0000	0.0000	0.6488	0.9333	0.9528	0.9999
sample6	53.0100	0.0000	0.0000	0.0000	0.0000	0.0000	0.0000	1.0000	0.0000	0.0000	0.0000	0.0000	0.0000	0.8917	0.0856	0.0022	0.0000	0.4535	0.3434	0.0000	0.5578	0.6727	0.8847	0.4887
sample7	28.1700	0.0000	0.0000	0.0000	0.0000	0.0000	0.0000	0.0000	0.0000	0.0000	0.0000	0.0000	0.0000	0.1000	0.2196	0.3083	0.6344	0.7326	0.0000	0.4630	0.0964	0.7492	0.7804	0.0000
sample8	65.2400	0.0000	0.0000	0.0000	0.0000	0.0000	0.0000	0.0000	0.0000	0.0000	0.0000	0.0000	0.0000	0.6333	0.3674	0.2167	0.6344	0.7326	0.2101	0.4630	0.4902	0.1865	0.4810	0.2072
sample9	18.4500	0.0000	0.0000	0.0000	0.0000	0.0000	0.0000	0.0000	0.0000	0.0000	0.0000	0.0000	0.0000	0.3833	0.0884	1.0000	0.6344	0.7326	0.1471	0.2469	0.5435	0.7307	0.7409	0.5298
sample10	42.6300	0.0000	0.0000	0.0000	0.0000	0.0000	0.0000	0.0000	0.0000	0.0000	0.0000	0.0000	0.0000	0.5833	0.1865	0.2888	0.7326	0.7326	0.2031	0.2840	0.5852	0.2815	0.4368	0.3149
sample11	50.9000	0.0000	0.0000	0.0000	0.0000	0.0000	0.0000	0.0000	0.0000	0.0000	0.0000	0.0000	0.0000	0.6167	0.2555	0.2697	1.0000	1.0000	0.1961	0.2685	0.6608	0.5706	0.7115	0.3155
sample12	17.9000	0.0000	0.0000	0.0000	0.0000	0.0000	0.0000	0.0000	0.0000	0.0000	0.0000	0.0000	0.0000	0.3500	0.3536	0.3291	0.5539	0.6395	0.2003	0.4784	0.5064	0.7659	0.8684	0.3998
sample13	14.6400	0.0000	0.0000	0.0000	0.0000	0.0000	0.0000	0.0000	0.0000	0.0000	0.0000	0.0000	0.0000	0.7000	0.6091	0.2549	0.5539	0.6395	0.4174	0.4784	0.5879	0.8214	0.8632	0.4485
sample14	31.2000	0.0000	0.0000	0.0000	0.0000	0.7500	0.0000	0.0000	0.0000	0.0000	0.0000	0.0000	0.0000	0.3417	0.1588	0.1691	0.3122	0.3605	0.3053	0.3148	0.4243	0.9073	0.9418	0.3513
sample15	25.5100	0.0000	0.0000	0.0000	0.0000	0.0000	0.0000	0.0000	0.3333	0.0000	0.0000	0.0000	0.0000	0.4583	0.2017	0.4680	0.3122	0.3605	0.2115	0.5309	0.5753	0.8364	0.8756	0.2966
sample16	17.9000	0.0000	0.0000	0.0000	0.0000	0.0000	0.0000	0.0000	0.6667	0.0000	0.0000	0.0000	0.0000	0.7250	0.3052	0.4911	0.3605	0.3605	0.3333	0.6142	0.7193	0.8462	0.8747	0.1187
sample17	30.0700	0.0000	0.0000	0.0000	0.0000	0.0000	0.0000	0.0000	1.0000	0.0000	0.0000	0.0000	0.0000	0.9917	0.3273	0.2705	0.3122	0.3605	0.4538	0.5309	0.8278	0.8405	0.8756	0.1081
sample18	26.8100	0.0000	0.0000	0.0000	0.0000	0.0000	0.0000	0.0000	0.0000	1.0000	0.0000	0.0000	0.0000	0.2583	0.1326	0.2178	0.3525	0.4070	0.1541	0.2778	0.5121	0.8900	0.8606	0.6033
sample19	26.2200	0.0000	0.0000	0.0000	0.0000	0.0000	0.0000	0.0000	0.0000	0.0000	1.0000	0.0000	0.0000	0.3833	0.1685	0.2146	0.5539	0.6395	0.1401	0.2160	0.4706	0.8459	0.8863	0.5473
sample20	36.8200	0.0000	0.0000	0.0000	0.0000	0.0000	0.0000	0.0000	0.0000	0.0000	0.0000	0.0000	0.0000	0.9833	0.3619	0.0180	0.6344	0.7326	0.3081	0.0309	0.7679	0.1672	0.3723	0.4383
sample21	56.4600	1.0000	0.0000	0.0000	0.0000	0.0000	0.0000	0.0000	0.0000	0.0000	0.0000	0.0000	0.0000	0.9667	0.2486	0.1450	0.0000	0.7326	0.3782	0.2778	0.7050	0.1261	0.3357	0.4261
sample22	69.0000	0.0000	1.0000	0.0000	0.0000	0.0000	0.0000	0.0000	0.0000	0.0000	0.0000	0.0000	0.0000	0.9667	0.1575	0.2489	0.0000	0.7326	0.4356	0.5309	0.8210	0.0478	0.3740	0.5112
sample23	75.2000	0.0000	0.0000	1.0000	0.0000	0.0000	0.0000	0.0000	0.0000	0.0000	0.0000	0.0000	0.0000	0.9667	0.2376	0.2464	0.0000	0.7326	0.3641	0.2160	0.7023	0.0000	0.4410	0.7280
sample24	82.8500	0.0000	0.0000	0.0000	0.0000	0.0000	0.0000	0.0000	0.0000	0.0000	0.0000	0.0000	0.0000	0.7333	0.1409	0.1566	0.2316	1.0000	0.2633	0.2315	0.5841	0.2734	0.0000	0.1820
sample25	69.4200	0.0000	0.0000	0.0000	0.0000	0.0000	0.0000	0.0000	0.0000	0.0000	0.0000	0.0000	0.0000	0.9750	0.1519	0.0087	0.2316	1.0000	0.3123	0.0154	0.7287	0.1465	0.4230	0.1527
sample26	77.3700	0.0000	0.0000	0.0000	0.0000	0.0000	0.0000	0.0000	0.0000	0.0000	0.0000	0.0000	0.0000	1.0000	0.2293	0.0059	0.2674	1.0000	0.3081	0.0185	0.7563	0.3906	0.5924	0.3198
sample27	57.7400	0.0000	0.0000	0.0000	0.0000	0.0000	0.0000	0.0000	0.0000	0.0000	0.0000	0.0000	0.0000	0.8667	0.4309	0.1339	0.0806	0.7326	0.4734	0.2315	0.6419	0.9199	0.9335	0.6324
sample28	43.0700	0.0000	0.0000	0.0000	0.0000	0.0000	0.0000	0.5000	0.0000	0.0000	0.0000	0.0000	0.0000	0.9250	0.1740	0.0227	0.2791	0.7326	0.3291	0.0340	0.6217	0.3572	0.6584	0.7066
sample29	27.2000	0.0000	0.0000	0.0000	0.0000	0.0000	0.2500	0.0000	0.0000	0.0000	0.0000	0.0000	0.0000	0.2833	0.2555	0.5163	0.2920	0.3372	0.3193	1.0000	0.5077	0.9049	0.9120	0.3711
sample30	62.7600	0.0000	0.0000	0.0000	0.0000	0.0000	0.0000	0.0000	0.0000	0.0000	0.0000	0.0000	0.0000	0.9083	1.0000	0.0945	0.0930	0.7326	0.4202	0.2685	0.6511	0.8255	0.8579	0.6535
sample31	50.1500	0.0000	0.0000	0.0000	0.0000	0.0000	0.0000	0.0000	0.0000	1.0000	0.0000	0.0000	0.0000	0.2583	0.2348	0.2511	0.3525	0.4070	0.2031	0.2901	0.6382	0.8738	0.8493	0.3710
sample32	26.8000	0.0000	0.0000	0.0000	0.0000	0.0000	0.0000	0.0000	0.0000	0.0000	0.0000	1.0000	0.0000	0.6583	0.2334	0.2721	0.0000	0.0000	0.2885	0.6111	1.0000	0.8906	0.9122	0.4239
sample33	90.8000	0.0000	0.0000	1.0000	0.0000	0.0000	0.0000	0.0000	0.0000	0.0000	0.0000	0.0000	0.0000	0.7667	0.0387	0.2540	0.6344	0.7326	0.3081	0.3796	0.6320	0.1543	0.0135	0.6813
sample34	66.6000	0.0000	0.0000	0.0000	0.0000	0.0000	0.0000	0.0000	0.0000	0.0000	0.0000	0.0000	0.0000	0.5500	0.2776	0.2758	0.7444	1.0000	0.2073	0.2778	0.5386	0.3214	0.1621	0.2903
sample35	51.0000	0.0000	0.0000	0.0000	0.0000	0.0000	0.0000	0.0000	0.0000	0.0000	0.0000	0.0000	0.0000	0.5500	0.3909	0.3252	0.6892	0.7326	0.2563	0.4599	0.5645	0.4545	0.6145	0.2988
sample36	65.1100	0.0000	0.0000	0.0000	0.0000	0.0000	0.0000	0.0000	0.0000	0.0000	0.0000	0.0000	0.0000	0.3917	0.2638	0.2256	1.0000	1.0000	0.1471	0.2284	0.5172	0.6677	0.7270	0.5017
