     Index              y_true              y_pred        descriptor_1        descriptor_2
         1    0.9070000000E+02    0.1058507741E+03    0.9964000000E+00    0.0000000000E+00
         2    0.2566500000E+03    0.2398170966E+03    0.3246212500E+00    0.0000000000E+00
         3    0.5132000000E+03    0.4049092454E+03   -0.5171963700E+00   -0.1641024000E-01
         4    0.8950000000E+02    0.1092214428E+03    0.6871653100E+00   -0.3437076500E+00
         5    0.3632000000E+03    0.3601303815E+03   -0.2688854000E+00    0.1153224000E-01
         6    0.3674300000E+03    0.3559894132E+03   -0.4480856600E+00   -0.2235755000E+00
         7    0.9034100000E+02    0.8581592846E+02    0.1213021650E+01    0.1365698400E+00
         8    0.1588000000E+03    0.1835984511E+03    0.5797462400E+00   -0.3149268000E-01
         9    0.3387000000E+03    0.3488268712E+03   -0.2211982800E+00    0.9567600000E-03
        10    0.1743000000E+03    0.1762072293E+03    0.5777525600E+00   -0.7741392000E-01
        11    0.3281500000E+03    0.2905587378E+03    0.2251437900E+00    0.1822028000E+00
        12    0.3945000000E+03    0.3744417677E+03   -0.3157771100E+00    0.4077676000E-01
        13    0.4711500000E+03    0.4595326656E+03   -0.5177132400E+00    0.3050309600E+00
        14    0.3010000000E+03    0.3193741430E+03   -0.1708212200E+00   -0.1134602500E+00
        15    0.3260000000E+03    0.3147389197E+03   -0.2930784000E-01    0.2559472000E-01
        16    0.2396000000E+03    0.2441847315E+03    0.3511126200E+00    0.5689775000E-01
        17    0.2401500000E+03    0.2327329376E+03    0.3897096400E+00    0.3476040000E-01
        18    0.2466500000E+03    0.2336714751E+03    0.2909404400E+00   -0.7583334000E-01
        19    0.2530000000E+03    0.2332486116E+03    0.7274476000E-01   -0.3348684500E+00
        20    0.2886400000E+03    0.2897260492E+03   -0.2169451100E+00   -0.3424893900E+00
        21    0.2744000000E+03    0.2384989984E+03    0.3255651100E+00   -0.6661510000E-02
        22    0.2720000000E+03    0.2418107272E+03    0.1816836800E+00   -0.1563037600E+00
        23    0.3334000000E+03    0.4139528123E+03   -0.5412034800E+00    0.8682660000E-02
        24    0.4780000000E+03    0.4753098886E+03   -0.5821286600E+00    0.3223143900E+00
        25    0.4097000000E+03    0.4374545688E+03   -0.6710565600E+00   -0.5429440000E-02
        26    0.4920000000E+03    0.4873948980E+03   -0.8360688000E+00    0.9499694000E-01
        27    0.4460000000E+03    0.4535379535E+03   -0.4663509000E+00    0.3300762200E+00
        28    0.3380000000E+03    0.3434269874E+03   -0.2319612300E+00   -0.4353435000E-01
        29    0.3860000000E+03    0.3617543284E+03   -0.4721340600E+00   -0.2178614300E+00
        30    0.4380000000E+03    0.4501103030E+03   -0.7310076600E+00   -0.1300800000E-02
        31    0.3450000000E+03    0.3830070884E+03   -0.4948497000E+00   -0.1192671000E+00
        32    0.1693000000E+03    0.2233748314E+03    0.4075562200E+00    0.5698400000E-03
        33    0.2634000000E+03    0.2741694737E+03    0.3726112400E+00    0.2589587200E+00
        34    0.4680000000E+03    0.4973940713E+03   -0.8637116600E+00    0.1214492000E+00
        35    0.2561000000E+03    0.2749000603E+03   -0.1681951000E-01   -0.1946042700E+00
        36    0.4010000000E+03    0.3832871368E+03   -0.4165111100E+00   -0.2550996000E-01
