     Index              y_true              y_pred        descriptor_1        descriptor_2
         1    0.3200000000E+01   -0.7572497371E+01    0.9783000000E+00    0.0000000000E+00
         2    0.1850000000E+02    0.1570441384E+02    0.6431000000E+00    0.0000000000E+00
         3    0.8872000000E+02    0.7562403669E+02   -0.2709101800E+00   -0.3144177149E-02
         4    0.2067000000E+02    0.2350992463E+02    0.5306964600E+00    0.0000000000E+00
         5    0.2817000000E+02    0.3022225998E+02    0.2839767000E+00   -0.9226676513E-02
         6    0.6524000000E+02    0.5355135766E+02    0.1050026600E+00    0.4254261728E-03
         7    0.1845000000E+02    0.1757252988E+02    0.5545649400E+00   -0.3789651099E-02
         8    0.4263000000E+02    0.5694658793E+02    0.5432768000E-01    0.3158656080E-03
         9    0.6056000000E+02    0.4310293838E+02    0.2927309000E+00    0.2716770717E-02
        10    0.3615000000E+02    0.4286514625E+02    0.1150357800E+00   -0.8419754374E-02
        11    0.5090000000E+02    0.5405152761E+02    0.1322426100E+00    0.2543208653E-02
        12    0.1790000000E+02    0.3271778024E+02    0.4487542300E+00    0.3114684126E-02
        13    0.4216000000E+02    0.3250585826E+02    0.4060548700E+00    0.3015747669E-03
        14    0.1464000000E+02    0.6511037276E+01    0.2578508600E+00   -0.3182814513E-01
        15    0.2796000000E+02    0.2497790115E+02    0.5119821000E+00    0.1491241786E-03
        16    0.3187000000E+02    0.3091401284E+02    0.4446406000E+00    0.1264605639E-02
        17    0.3120000000E+02    0.3381828814E+02    0.4206219100E+00    0.2359349970E-02
        18    0.2551000000E+02    0.2555904916E+02    0.5266782000E+00    0.1567322553E-02
        19    0.1790000000E+02    0.2310027627E+02    0.5130465300E+00   -0.1447966973E-02
        20    0.3007000000E+02    0.3079173605E+02    0.2112363600E+00   -0.1319503346E-01
        21    0.2681000000E+02    0.3092857665E+02    0.4136072000E+00   -0.6306552170E-03
        22    0.2622000000E+02    0.3375181189E+02    0.3180452800E+00   -0.4006659380E-02
        23    0.3682000000E+02    0.3289599518E+02   -0.3005071500E+00   -0.4279748763E-01
        24    0.6900000000E+02    0.7618604646E+02   -0.1179182100E+00    0.6760498827E-02
        25    0.7520000000E+02    0.7789482809E+02   -0.3131766400E+00   -0.3732354108E-02
        26    0.8285000000E+02    0.7739061026E+02   -0.1412617600E+00    0.6391748777E-02
        27    0.6942000000E+02    0.6874330975E+02   -0.1290374500E+00   -0.5133512669E-03
        28    0.7737000000E+02    0.7121902904E+02   -0.1563402200E+00    0.0000000000E+00
        29    0.6383000000E+02    0.7052216480E+02   -0.1084251700E+00    0.2329124143E-02
        30    0.4307000000E+02    0.5315680434E+02    0.7506677000E-01   -0.1764603998E-02
        31    0.5060000000E+01    0.2415088926E+02    0.2921804900E+00   -0.1409813409E-01
        32    0.5015000000E+02    0.3786050658E+02    0.3254268400E+00    0.8524910986E-04
        33    0.2680000000E+02    0.3481936888E+02    0.3678344000E+00    0.0000000000E+00
        34    0.9080000000E+02    0.8850781126E+02   -0.4035146600E+00    0.1102644970E-03
        35    0.5100000000E+02    0.4827585374E+02    0.2425647400E+00    0.4212544484E-02
        36    0.6511000000E+02    0.5913222895E+02    0.2181920000E+00    0.1232669346E-01
