     Index              y_true              y_pred        descriptor_1
         1    0.9070000000E+02    0.5470650554E+02   -0.9783000000E+00
         2    0.8950000000E+02    0.1255622358E+03   -0.6563075800E+00
         3    0.2490000000E+03    0.2683943654E+03   -0.7230040000E-02
         4    0.3632000000E+03    0.3333883711E+03    0.2881247200E+00
         5    0.3674300000E+03    0.3804635245E+03    0.5020501500E+00
         6    0.1588000000E+03    0.1892371540E+03   -0.3669472000E+00
         7    0.1743000000E+03    0.2473386186E+03   -0.1029144800E+00
         8    0.3281500000E+03    0.2894931614E+03    0.8865003000E-01
         9    0.3945000000E+03    0.3347855030E+03    0.2944737600E+00
        10    0.3091000000E+03    0.3187800842E+03    0.2217397200E+00
        11    0.3010000000E+03    0.3219409998E+03    0.2361039900E+00
        12    0.2990000000E+03    0.2472258629E+03   -0.1034268800E+00
        13    0.3260000000E+03    0.3035365300E+03    0.1524678500E+00
        14    0.3275000000E+03    0.3315266216E+03    0.2796643000E+00
        15    0.2480000000E+03    0.2277424902E+03   -0.1919659200E+00
        16    0.2396000000E+03    0.2250206155E+03   -0.2043350400E+00
        17    0.2466500000E+03    0.2537472918E+03   -0.7379130000E-01
        18    0.2530000000E+03    0.2846308519E+03    0.6655405000E-01
        19    0.2744000000E+03    0.2294516674E+03   -0.1841988400E+00
        20    0.2720000000E+03    0.2583873687E+03   -0.5270522000E-01
        21    0.3334000000E+03    0.3929250941E+03    0.5586797400E+00
        22    0.4780000000E+03    0.4576584326E+03    0.8528499400E+00
        23    0.4097000000E+03    0.3891386112E+03    0.5414726800E+00
        24    0.4460000000E+03    0.4604204100E+03    0.8654013000E+00
        25    0.3380000000E+03    0.3323325607E+03    0.2833267600E+00
        26    0.3860000000E+03    0.3856996332E+03    0.5258448000E+00
        27    0.4380000000E+03    0.4260582072E+03    0.7092478200E+00
        28    0.3450000000E+03    0.3909655812E+03    0.5497750500E+00
        29    0.3990000000E+03    0.4404570114E+03    0.7746808600E+00
        30    0.4150000000E+03    0.4203446209E+03    0.6832833500E+00
        31    0.2680300000E+03    0.2977903140E+03    0.1263551000E+00
        32    0.1693000000E+03    0.2162552714E+03   -0.2441677300E+00
        33    0.4680000000E+03    0.4141841202E+03    0.6552879500E+00
        34    0.3602000000E+03    0.3197697288E+03    0.2262370000E+00
        35    0.4010000000E+03    0.3687045786E+03    0.4486135200E+00
        36    0.2516000000E+03    0.2799960012E+03    0.4549172000E-01
