      rank       #data_overlap        size_overlap          feature_ID
         1                  14             0.01774   (       2    1032)
         2                  14             0.19230   (      84      86)
         3                  14             0.22190   (      86     328)
         4                  14             0.23874   (      86     321)
         5                  15             0.14165   (      86     692)
         6                  15             0.18790   (      44    1032)
         7                  15             0.19230   (      86     688)
         8                  15             0.19230   (      86     731)
         9                  15             0.20710   (      86     126)
        10                  15             0.20710   (      86     136)
        11                  15             0.21288   (      86     331)
        12                  15             0.23874   (      86     689)
        13                  15             0.23874   (      86     690)
        14                  15             0.23874   (      86     691)
        15                  15             0.23874   (      86     128)
        16                  15             0.23874   (      86     323)
        17                  15             0.23874   (      86     327)
        18                  15             0.23874   (      86     329)
        19                  15             0.23874   (      86     330)
        20                  15             0.25133   (      86     697)
        21                  16             0.02590   (       2    1187)
        22                  16             0.12795   (      86     732)
        23                  16             0.12795   (      86     135)
        24                  16             0.14465   (     353    1085)
        25                  16             0.19230   (      86     707)
        26                  16             0.19230   (      86     709)
        27                  16             0.19230   (      86     730)
        28                  16             0.19230   (      86     336)
        29                  16             0.19234   (      86     729)
        30                  16             0.20710   (      86     130)
        31                  16             0.20710   (      86     134)
        32                  16             0.20710   (      86     137)
        33                  16             0.20710   (      86     138)
        34                  16             0.20710   (      86     314)
        35                  16             0.20710   (      86     326)
        36                  16             0.20710   (      79      86)
        37                  16             0.20710   (      86     313)
        38                  16             0.20716   (      86     139)
        39                  16             0.23836   (      86     694)
        40                  16             0.25133   (      86     695)
        41                  16             0.25133   (      86     696)
        42                  16             0.25133   (      86     698)
        43                  16             0.25133   (      86     699)
        44                  16             0.25133   (      86     332)
        45                  16             0.26647   (      86     713)
        46                  16             0.26764   (      86     900)
        47                  16             0.26764   (      86     918)
        48                  16             0.26764   (      86     942)
        49                  16             0.26764   (      86     951)
        50                  16             0.26764   (      86     954)
        51                  16             0.40632   (      86     986)
        52                  16             0.40632   (      86     998)
        53                  16             0.40632   (      86     201)
        54                  16             0.40632   (      86     243)
        55                  16             0.40632   (      86     244)
        56                  16             0.40632   (      86     403)
        57                  16             0.40632   (      86     541)
        58                  17             0.11125   (     333    1085)
        59                  17             0.16545   (     333    1198)
        60                  17             0.16545   (     333    1319)
        61                  17             0.20710   (      86     719)
        62                  17             0.23565   (     353    1198)
        63                  17             0.26647   (      86     712)
        64                  17             0.26647   (      86     714)
        65                  17             0.26647   (      86     715)
        66                  17             0.26647   (      86     335)
        67                  17             0.26764   (      86     899)
        68                  17             0.26764   (      86     912)
        69                  17             0.26764   (      86     914)
        70                  17             0.26764   (      86     925)
        71                  17             0.26764   (      86     927)
        72                  17             0.26764   (      86     928)
        73                  17             0.26764   (      86     929)
        74                  17             0.26764   (      86     939)
        75                  17             0.26764   (      86     943)
        76                  17             0.26764   (      86     950)
        77                  17             0.26764   (      86     952)
        78                  17             0.26764   (      86     953)
        79                  17             0.26764   (      86     964)
        80                  17             0.26764   (      86     967)
        81                  17             0.26764   (      86     990)
        82                  17             0.26764   (      86     991)
        83                  17             0.28438   (      86     963)
        84                  17             0.28438   (      86     988)
        85                  17             0.40632   (      86     185)
        86                  17             0.40632   (      86     582)
        87                  17             0.40632   (      86     583)
        88                  17             0.40632   (      86     235)
        89                  17             0.40632   (      86     240)
        90                  17             0.40632   (      86     241)
        91                  17             0.40632   (      86     402)
        92                  17             0.40632   (      86     969)
        93                  17             0.40632   (      86     972)
        94                  17             0.40632   (      86     817)
        95                  17             0.40632   (      86     291)
        96                  17             0.40632   (      86     540)
        97                  17             0.40632   (      86     977)
        98                  17             0.40632   (      86     412)
        99                  17             0.40632   (      86     413)
       100                  17             0.40632   (      86     414)
