        Rank        RMSE       MaxAE  Feature_ID
           1   27.698082   87.184615  (       9   10072)
           2   27.926988   86.784935  (       5   10072)
           3   27.933855   86.299817  (       6   10072)
           4   27.979508   85.961981  (       8   10072)
           5   27.999636   87.218274  (       3   10072)
           6   28.054857   90.105027  (       4   11510)
           7   28.088464   87.468361  (       4   10072)
           8   28.091981   89.751526  (       3   11510)
           9   28.216350   89.157370  (       5   11510)
          10   28.277147   85.332202  (       9   10585)
          11   28.283682   87.786448  (       4   11571)
          12   28.284771   80.079869  (       1   10006)
          13   28.292514   76.187341  (       1   10001)
          14   28.305641   87.452249  (       3   11571)
          15   28.371539   82.899990  (       1   10002)
          16   28.378470   83.397530  (       1   10081)
          17   28.405576   86.887794  (       5   11571)
          18   28.419606   88.511894  (       6   11510)
          19   28.428695   84.531888  (       6   10585)
          20   28.435137   85.016057  (       5   10585)
          21   28.436486   77.855086  (       1   10004)
          22   28.438606   77.421427  (       1   10011)
          23   28.444126   84.686258  (       9   10470)
          24   28.465107   84.194362  (       8   10585)
          25   28.474870   89.220703  (       9   11510)
          26   28.487143   76.465148  (     211   10085)
          27   28.491536   72.893830  (       1   10003)
          28   28.509055   83.943056  (       6   10470)
          29   28.511408   84.439107  (       5   10470)
          30   28.519266   87.132152  (       1   10541)
          31   28.519650   85.447857  (       3   10585)
          32   28.548984   83.597124  (       8   10470)
          33   28.550934   85.719224  (     211   10084)
          34   28.569174   78.828649  (       1   10005)
          35   28.577700   77.518349  (       1   10008)
          36   28.583647   86.271544  (       6   11571)
          37   28.590178   88.071424  (       8   11510)
          38   28.593554   84.881302  (       3   10470)
          39   28.607673   80.400947  (       1   10175)
          40   28.612480   85.705981  (     211   10062)
          41   28.615287   85.696634  (       4   10585)
          42   28.621043   77.743808  (       1   10012)
          43   28.623173   80.914717  (       1   10007)
          44   28.641198   77.428420  (       1   10010)
          45   28.644363   77.236802  (      23   16737)
          46   28.645742   86.951251  (       9   11571)
          47   28.650674   76.121375  (     211   10028)
          48   28.656733   78.073052  (       1   12457)
          49   28.667365   75.384420  (     211   15553)
          50   28.668151   85.543883  (       1   10651)
          51   28.677906   81.380337  (       1   10040)
          52   28.688581   85.135968  (       4   10470)
          53   28.692683   81.043740  (       1   10055)
          54   28.695764   74.001758  (     211   10003)
          55   28.705015   81.989020  (     211   10004)
          56   28.706581   79.016240  (       1   10009)
          57   28.710551   78.722634  (     211   10001)
          58   28.711424   77.488803  (       1   13599)
          59   28.719884   76.661956  (     211   10026)
          60   28.726142   84.820849  (       6   12294)
          61   28.729849   74.421798  (       1   10020)
          62   28.731752   85.295709  (       5   12294)
          63   28.737785   85.849571  (       8   11571)
          64   28.739808   82.827080  (       1   10043)
          65   28.740804   74.915346  (       5   15898)
          66   28.743613   79.227891  (       1   10066)
          67   28.743899   79.234522  (       1   10065)
          68   28.750522   76.835032  (       1   10023)
          69   28.752443   78.796536  (       1   10076)
          70   28.754460   78.784308  (       1   10138)
          71   28.756273   75.412569  (       3   15898)
          72   28.761521   84.490230  (       8   12294)
          73   28.762138   79.657430  (       1   10014)
          74   28.769256   78.742017  (      23   17405)
          75   28.769845   75.828542  (       1   10054)
          76   28.769848   85.290756  (       9   14817)
          77   28.772495   80.129725  (       1   10131)
          78   28.772532   74.869046  (       5   16644)
          79   28.772670   79.557557  (       1   10063)
          80   28.777956   74.587286  (       5   17833)
          81   28.781904   80.691139  (      23   18839)
          82   28.782461   78.473682  (       1   10771)
          83   28.783392   78.546674  (       1   10091)
          84   28.788152   77.979033  (       1   10016)
          85   28.788624   75.366614  (       3   16644)
          86   28.790185   75.192347  (       5   15762)
          87   28.795296   77.933859  (       1   10333)
          88   28.796401   75.084281  (       3   17833)
          89   28.796606   75.257281  (       5   15617)
          90   28.801643   74.361401  (       6   15898)
          91   28.803443   81.935800  (       1   10021)
          92   28.803528   75.690727  (       3   15762)
          93   28.806933   75.700975  (       4   15898)
          94   28.808575   85.097450  (      18   13322)
          95   28.809391   75.755842  (       3   15617)
          96   28.809686   73.980138  (       1   10037)
          97   28.812075   79.795121  (       1   10068)
          98   28.812464   85.719969  (       3   12294)
          99   28.814709   87.098772  (       1   10072)
         100   28.819315   77.251313  (       1   10297)
