Model_ID, [(c_i,i=0,n)_j,j=1,ntask]
           1    0.5604388915E+01    0.2930006193E+02   -0.3051447579E+02
           2    0.5378551966E+01    0.2949574467E+02   -0.3302831228E+02
           3    0.1301097132E+02    0.2995070361E+02   -0.1578960376E+02
           4    0.5529596120E+01    0.2991317294E+02    0.2947167565E+02
           5    0.1244283258E+02    0.2961796611E+02   -0.1405091832E+02
           6    0.5535069557E+01    0.2993928985E+02   -0.3620054580E+02
           7    0.1144086339E+02    0.2705862258E+02    0.1020455206E+02
           8    0.5765499411E+01    0.2967735799E+02   -0.3289339722E+02
           9    0.1172960573E+02    0.2705401567E+02    0.1108907968E+02
          10    0.1213439625E+02    0.3046940120E+02   -0.1439683077E+02
          11    0.5058887159E+01    0.2919893488E+02    0.2303953804E+02
          12    0.7819435190E+01    0.2542252438E+02   -0.7968360412E+01
          13    0.7910277717E+01    0.2486894400E+02   -0.8242631854E+01
          14    0.9902364604E+01    0.2626739269E+02    0.1210097387E+02
          15    0.7758867566E+01    0.2555940280E+02   -0.7858005665E+01
          16    0.8040989478E+01    0.2414330437E+02    0.8486497277E+01
          17    0.8060158621E+01    0.2424598213E+02    0.8232848048E+01
          18    0.1631804928E+02    0.2733055933E+02   -0.1600874824E+02
          19    0.7924452606E+01    0.2444230017E+02    0.8201686652E+01
          20    0.1599181466E+02    0.2730805811E+02    0.1537187311E+02
          21    0.7985726903E+01    0.2427674800E+02    0.8388682692E+01
          22    0.7700510380E+01    0.2612395183E+02   -0.9152307423E+01
          23    0.7729573066E+01    0.2592338532E+02   -0.9240592030E+01
          24    0.7666531541E+01    0.2619711277E+02   -0.9083850165E+01
          25    0.7988627117E+01    0.2442036866E+02    0.8088863332E+01
          26    0.1205778973E+02    0.3225693792E+02   -0.1303839992E+02
          27    0.1605742780E+02    0.2686566264E+02   -0.1710937600E+02
          28    0.1204130869E+02    0.3226715629E+02   -0.1301729673E+02
          29    0.1164603705E+02    0.3009208834E+02   -0.1277448445E+02
          30    0.7857061789E+01    0.2460801152E+02    0.8066508458E+01
          31    0.7892705211E+01    0.2441156406E+02    0.8512716750E+01
          32    0.1443494638E+02    0.2862779868E+02   -0.1579718519E+02
          33    0.7926676534E+01    0.2442246277E+02    0.8267743426E+01
          34    0.7914581791E+01    0.2445264284E+02    0.8241213894E+01
          35    0.1153154275E+02    0.2509388682E+02   -0.1014426401E+02
          36    0.5801974750E+01    0.2954788384E+02    0.2572030175E+02
          37    0.1668238549E+02    0.2731182613E+02    0.1671355045E+02
          38    0.9736993354E+01    0.2854698462E+02    0.1084102352E+02
          39    0.7625071915E+01    0.2485424868E+02    0.8181731993E+01
          40    0.7822901184E+01    0.2458536848E+02    0.8364773980E+01
          41    0.1248960873E+02    0.2929008640E+02   -0.1392681253E+02
          42    0.1327066744E+02    0.3105774712E+02   -0.1573342191E+02
          43    0.7896704852E+01    0.2460536060E+02    0.7849223782E+01
          44    0.1216822195E+02    0.2931731974E+02   -0.1208597386E+02
          45    0.9906612827E+01    0.2867342011E+02    0.1189983762E+02
          46    0.7884582694E+01    0.2469031686E+02   -0.8763499654E+01
          47    0.7642487041E+01    0.2521833913E+02    0.1034252341E+02
          48    0.7831772381E+01    0.2526237352E+02    0.9372824658E+01
          49    0.7682714019E+01    0.2460526698E+02    0.8858929570E+01
          50    0.1545331996E+02    0.2730731688E+02   -0.1438135749E+02
          51    0.8158595858E+01    0.2484282632E+02   -0.7585916707E+01
          52    0.7565142010E+01    0.2500462573E+02    0.8062127427E+01
          53    0.7881532915E+01    0.2442806345E+02    0.8424042349E+01
          54    0.1191414201E+02    0.3066572770E+02   -0.1288614742E+02
          55    0.1244818277E+02    0.3276222397E+02   -0.1434259026E+02
          56    0.7784746334E+01    0.2528056848E+02   -0.8467428122E+01
          57    0.7886046688E+01    0.2465523898E+02    0.7744502445E+01
          58    0.1243044350E+02    0.3277369399E+02   -0.1432037384E+02
          59    0.7748354991E+01    0.2512172415E+02   -0.8245242523E+01
          60    0.7866805923E+01    0.2567341345E+02   -0.1029176100E+02
          61    0.1180729878E+02    0.2491235403E+02   -0.1094966814E+02
          62    0.7889940361E+01    0.2437917565E+02    0.8507237279E+01
          63    0.7671349611E+01    0.2558262889E+02   -0.1030792084E+02
          64    0.7672423101E+01    0.2455957986E+02   -0.8761585799E+01
          65    0.7793837018E+01    0.2534963003E+02    0.9287912304E+01
          66    0.7751189568E+01    0.2451015809E+02    0.7560480844E+01
          67    0.7856565826E+01    0.2569779914E+02   -0.1056999925E+02
          68    0.7867893877E+01    0.2527773428E+02    0.9153283067E+01
          69    0.1150829822E+02    0.3031985421E+02   -0.1158052470E+02
          70    0.7850951361E+01    0.2519494317E+02    0.9430044670E+01
          71    0.8122770402E+01    0.2449345871E+02   -0.7791486230E+01
          72    0.8024037785E+01    0.2504459568E+02   -0.7520044475E+01
          73    0.7846773550E+01    0.2478167468E+02    0.4794289900E+01
          74    0.7604337400E+01    0.2580091960E+02    0.7859666861E+01
          75    0.7303191920E+01    0.2598719437E+02    0.9395519082E+01
          76    0.7814868132E+01    0.2535708622E+02    0.9025339574E+01
          77    0.4567344692E+01    0.2714097971E+02    0.5767087468E+01
          78    0.8099095287E+01    0.2489700294E+02   -0.7584517058E+01
          79    0.7823396588E+01    0.2456691698E+02   -0.8338596459E+01
          80    0.9040949886E+01    0.2493223592E+02    0.1056640165E+02
          81    0.1237660650E+02    0.2914658834E+02   -0.1343668457E+02
          82    0.1252943182E+02    0.2921784645E+02   -0.1390747024E+02
          83    0.1524250270E+02    0.2995679781E+02   -0.1431132043E+02
          84    0.7830346869E+01    0.2536328079E+02    0.9071273713E+01
          85    0.9999000736E+01    0.2617995343E+02    0.1287965266E+02
          86    0.8028665136E+01    0.2391233498E+02    0.9028177620E+01
          87    0.7720523364E+01    0.2542418125E+02   -0.8354451496E+01
          88    0.1200830761E+02    0.2907629208E+02   -0.1248597288E+02
          89    0.1240745830E+02    0.2910195054E+02   -0.1346216506E+02
          90    0.7685255514E+01    0.2527195263E+02   -0.8118612677E+01
          91    0.5086278423E+01    0.2701152969E+02    0.3459957365E+02
          92    0.7794190150E+01    0.2532380614E+02    0.9322584396E+01
          93    0.5732871689E+01    0.2606241689E+02    0.6554605378E+01
          94    0.8022393162E+01    0.2498900474E+02   -0.1043974004E+02
          95    0.7703870052E+01    0.2655336409E+02   -0.9319131673E+01
          96    0.8077857058E+01    0.2491650793E+02   -0.7658481488E+01
          97    0.1265142593E+02    0.2919797117E+02   -0.1419253320E+02
          98    0.1238565091E+02    0.2908991045E+02   -0.1339515000E+02
          99    0.7774181410E+01    0.2480966456E+02    0.7898145839E+01
         100    0.7901937833E+01    0.2509092526E+02   -0.1072574321E+02
