        Rank        RMSE       MaxAE  Feature_ID
           1    5.185049   14.394693  (       1)
           2    5.188709   20.061537  (       2)
           3    5.192109   19.437121  (       3)
           4    5.200762   17.183855  (       4)
           5    5.220880   13.393570  (       5)
           6    5.223517   14.727996  (       6)
           7    5.237882   16.714819  (       7)
           8    5.238343   16.710906  (       8)
           9    5.249321   16.668231  (       9)
          10    5.255327   16.701645  (      10)
          11    5.262103   16.737649  (      11)
          12    5.266177   18.302712  (      12)
          13    5.272336   19.767371  (      13)
          14    5.303074   17.205300  (      14)
          15    5.306229   16.716814  (      15)
          16    5.309148   16.533763  (      16)
          17    5.322357   16.622291  (      17)
          18    5.330329   16.506491  (      18)
          19    5.335994   15.051076  (      19)
          20    5.341226   14.535418  (      20)
          21    5.344221   17.037122  (      21)
          22    5.349354   17.047218  (      22)
          23    5.360002   18.799004  (      23)
          24    5.363279   16.640159  (      24)
          25    5.367858   17.051166  (      25)
          26    5.369031   16.595701  (      26)
          27    5.370507   13.388193  (      27)
          28    5.381609   17.048876  (      28)
          29    5.384489   16.570031  (      29)
          30    5.385404   15.051283  (      30)
          31    5.396416   16.909730  (      31)
          32    5.398180   14.230326  (      32)
          33    5.403296   20.466823  (      33)
          34    5.403849   16.628799  (      34)
          35    5.404644   16.975790  (      35)
          36    5.404822   16.652563  (      36)
          37    5.406945   17.007307  (      37)
          38    5.409323   16.475861  (      38)
          39    5.409992   16.532270  (      39)
          40    5.411156   17.020843  (      40)
          41    5.418165   16.789939  (      41)
          42    5.420297   17.062129  (      42)
          43    5.421088   16.966277  (      43)
          44    5.425054   16.603408  (      44)
          45    5.429094   19.356291  (      45)
          46    5.430736   16.953138  (      46)
          47    5.439729   16.937047  (      47)
          48    5.439768   17.008252  (      48)
          49    5.441805   16.920260  (      49)
          50    5.448096   15.853866  (      50)
          51    5.449474   16.508218  (      51)
          52    5.452997   16.767183  (      52)
          53    5.454810   16.679330  (      53)
          54    5.456788   16.587037  (      54)
          55    5.457670   16.918325  (      55)
          56    5.457780   15.617893  (      56)
          57    5.460225   17.435400  (      57)
          58    5.460958   16.199904  (      58)
          59    5.463495   15.012934  (      59)
          60    5.465439   16.938165  (      60)
          61    5.465727   16.984277  (      61)
          62    5.466108   16.868205  (      62)
          63    5.469400   16.700020  (      63)
          64    5.469629   16.729686  (      64)
          65    5.470257   16.681344  (      65)
          66    5.473548   17.581196  (      66)
          67    5.475087   16.451142  (      67)
          68    5.476833   16.532927  (      68)
          69    5.478733   16.083571  (      69)
          70    5.478826   15.687923  (      70)
          71    5.479886   20.410377  (      71)
          72    5.480539   16.680778  (      72)
          73    5.480661   16.894033  (      73)
          74    5.482699   16.204872  (      74)
          75    5.484346   16.425302  (      75)
          76    5.485836   16.156867  (      76)
          77    5.487902   16.933967  (      77)
          78    5.487930   16.324300  (      78)
          79    5.489622   16.806048  (      79)
          80    5.489744   14.271106  (      80)
          81    5.495123   16.355693  (      81)
          82    5.501500   16.662780  (      82)
          83    5.501619   16.883596  (      83)
          84    5.502417   18.687695  (      84)
          85    5.503599   16.991304  (      85)
          86    5.503630   16.232172  (      86)
          87    5.505453   18.182173  (      87)
          88    5.506319   15.879938  (      88)
          89    5.507252   16.750163  (      89)
          90    5.507545   16.691490  (      90)
          91    5.508817   17.152278  (      91)
          92    5.511089   16.886213  (      92)
          93    5.512539   17.620906  (      93)
          94    5.513463   17.397153  (      94)
          95    5.514683   17.161779  (      95)
          96    5.515405   17.208964  (      96)
          97    5.515972   16.949087  (      97)
          98    5.516611   16.872720  (      98)
          99    5.517181   18.307003  (      99)
         100    5.517631   16.264951  (     100)
