        Rank        RMSE       MaxAE  Feature_ID
           1    4.250052   15.150625  (       1   10001)
           2    4.265347   15.241922  (      20   10001)
           3    4.273529   11.320667  (      20   10002)
           4    4.318178   14.803879  (      20   10006)
           5    4.327999   11.495004  (       1   10002)
           6    4.337263   14.780449  (      20   10003)
           7    4.339777   13.325512  (       1   10007)
           8    4.340668   14.730108  (       1   10003)
           9    4.345541   13.254060  (      20   10007)
          10    4.351624   11.459943  (      20   10005)
          11    4.356073   15.765655  (       1   10004)
          12    4.361416   13.377611  (       1   10217)
          13    4.362065   13.590830  (       1   10731)
          14    4.369049   12.493893  (       1   10048)
          15    4.370256   13.374869  (       1   10210)
          16    4.378059   13.890963  (       1   16333)
          17    4.378401   13.871991  (       1   15327)
          18    4.379994   12.763160  (      20   10032)
          19    4.382135   13.881418  (       1   13879)
          20    4.384768   12.769492  (       1   10018)
          21    4.384986   13.881778  (       1   15911)
          22    4.385328   13.525871  (       1   10105)
          23    4.389687   13.618189  (       1   10188)
          24    4.389701   13.522357  (       1   10101)
          25    4.390064   13.863811  (       1   15135)
          26    4.390127   13.418533  (       1   10052)
          27    4.390521   13.280384  (      20   10208)
          28    4.390874   13.418209  (       1   10055)
          29    4.390990   11.656826  (       1   10005)
          30    4.392854   13.872603  (       1   13717)
          31    4.393875   13.847490  (       1   15767)
          32    4.394375   13.219668  (      20   10044)
          33    4.394387   13.874397  (       1   15730)
          34    4.396526   13.873146  (       1   15717)
          35    4.397081   13.228353  (       1   11335)
          36    4.397316   14.782651  (       1   10006)
          37    4.399874   12.735291  (      20   10018)
          38    4.403665   13.104688  (       1   10009)
          39    4.404159   13.903136  (       1   13018)
          40    4.405007   13.839087  (       1   15544)
          41    4.406564   11.643615  (      20   10012)
          42    4.407174   11.995174  (      20   10036)
          43    4.409282   13.895426  (       1   15940)
          44    4.410493   12.707158  (       1   10008)
          45    4.410720   13.107595  (      20   10009)
          46    4.411119   13.593967  (      20   10731)
          47    4.411611   12.356906  (       1   11660)
          48    4.411763   13.945722  (       1   11497)
          49    4.412007   14.482992  (       1   16324)
          50    4.412211   12.767203  (       1   10032)
          51    4.412452   13.543755  (       1   14021)
          52    4.412884   13.893057  (       1   12861)
          53    4.413868   13.872067  (      20   16185)
          54    4.413899   12.138662  (      20   10014)
          55    4.414353   13.440040  (      20   10052)
          56    4.414632   13.370613  (      20   10217)
          57    4.414712   13.901018  (       1   16185)
          58    4.415167   13.439705  (      20   10055)
          59    4.415248   13.578228  (       1   12365)
          60    4.415360   12.650236  (       1   10647)
          61    4.415610   13.230301  (      20   11335)
          62    4.416036   13.874053  (      20   15940)
          63    4.416489   12.762658  (       1   10833)
          64    4.416862   13.896548  (       1   17645)
          65    4.417192   13.939552  (       1   11458)
          66    4.417626   14.186983  (       1   18457)
          67    4.418024   12.669275  (      20   10819)
          68    4.418291   13.940114  (       1   11802)
          69    4.418490   12.224210  (       1   10014)
          70    4.418920   13.962199  (       1   12256)
          71    4.419651   13.762411  (       1   19128)
          72    4.420107   13.557973  (       1   13259)
          73    4.420467   13.338688  (       1   15736)
          74    4.420954   13.362883  (       1   10596)
          75    4.421190   13.107308  (       1   10417)
          76    4.421431   13.962520  (      20   14757)
          77    4.421917   14.571225  (       1   10054)
          78    4.422569   13.566398  (      20   17408)
          79    4.422598   13.858584  (       1   18641)
          80    4.422631   13.177112  (       1   14520)
          81    4.422708   11.736630  (      20   10058)
          82    4.423289   11.648778  (       1   10010)
          83    4.423338   14.678316  (      20   10016)
          84    4.423622   13.934188  (       1   11769)
          85    4.423804   12.428815  (      20   10048)
          86    4.423969   13.910908  (      20   16333)
          87    4.424178   13.367628  (      20   10210)
          88    4.424224   11.923115  (       1   10012)
          89    4.424274   11.742636  (       1   10011)
          90    4.424382   13.573381  (       1   12267)
          91    4.424481   17.242194  (       1   10075)
          92    4.424851   13.950467  (       1   12033)
          93    4.424948   14.512216  (       1   10399)
          94    4.425131   12.782965  (       1   14326)
          95    4.425248   12.919557  (      20   10856)
          96    4.425471   13.553582  (       1   15068)
          97    4.425478   11.609456  (      20   10025)
          98    4.425549   11.756499  (       1   10013)
          99    4.425549   13.863828  (       1   16155)
         100    4.426630   12.753524  (      20   13397)
