     Index              y_true              y_pred        descriptor_1        descriptor_2
         1    0.2050000000E+02    0.2064585981E+02   -0.1996400000E+01    0.0000000000E+00
         2    0.1399000000E+03    0.1339441831E+03   -0.1453808320E+01   -0.2192622600E+00
         3    0.4610000000E+03    0.3542671042E+03    0.1102064800E+00   -0.4527058000E-01
         4    0.7620000000E+02    0.6523667894E+02   -0.1456861640E+01    0.2983100400E+00
         5    0.3200000000E+03    0.3142370369E+03    0.1806536000E+00    0.3414877300E+00
         6    0.2482000000E+03    0.2761674290E+03   -0.3810896500E+00   -0.3248580000E-01
         7    0.8981300000E+02    0.9345490911E+02   -0.1624213440E+01   -0.1131792000E+00
         8    0.1114000000E+03    0.1412381279E+03   -0.9583340800E+00    0.3099728400E+00
         9    0.3540000000E+03    0.3353794805E+03    0.7006725000E-01    0.5064336000E-01
        10    0.1338500000E+03    0.1545789153E+03   -0.1277595270E+01   -0.1678882500E+00
        11    0.2362500000E+03    0.2043119927E+03   -0.7010290000E+00    0.1351013400E+00
        12    0.3137600000E+03    0.3218856559E+03    0.4447880000E-02    0.7558154000E-01
        13    0.3535000000E+03    0.3344522049E+03    0.1090311200E+00    0.1036468700E+00
        14    0.2287000000E+03    0.2557708813E+03   -0.3575600000E+00    0.1499907700E+00
        15    0.2677000000E+03    0.2694190782E+03   -0.3321231000E+00    0.7647416000E-01
        16    0.1875850000E+03    0.1844923397E+03   -0.9429191000E+00    0.5855000000E-04
        17    0.2234200000E+03    0.1867154902E+03   -0.9318469600E+00   -0.3742000000E-02
        18    0.1721500000E+03    0.1914565299E+03   -0.8907876000E+00    0.8737280000E-02
        19    0.1984000000E+03    0.2198424499E+03   -0.7229015400E+00   -0.8508870000E-02
        20    0.2443500000E+03    0.2507242198E+03   -0.5254645500E+00   -0.9822750000E-02
        21    0.1516000000E+03    0.1565500788E+03   -0.1090372860E+01    0.3804548000E-01
        22    0.1839000000E+03    0.1555613809E+03   -0.1028311680E+01    0.1187652100E+00
        23    0.2720000000E+03    0.3419001385E+03    0.1146590900E+00    0.5379114000E-01
        24    0.3410000000E+03    0.3553550635E+03    0.1462212800E+00   -0.1103278000E-01
        25    0.3340000000E+03    0.3299365521E+03    0.1892068800E+00    0.2324916600E+00
        26    0.3958500000E+03    0.4065819272E+03    0.6151429500E+00    0.1536262600E+00
        27    0.4062400000E+03    0.4060542753E+03    0.1813195000E-01   -0.5467274600E+00
        28    0.3590000000E+03    0.3631614240E+03    0.1349853900E+00   -0.8350338000E-01
        29    0.3410000000E+03    0.3413137225E+03   -0.4319040000E-02   -0.8213157000E-01
        30    0.3474000000E+03    0.3482979659E+03   -0.1887270000E-02   -0.1322409100E+00
        31    0.3124500000E+03    0.3201935428E+03   -0.1527253600E+00   -0.9701676000E-01
        32    0.1591000000E+03    0.1687929282E+03   -0.9706503000E+00    0.8642764000E-01
        33    0.1744500000E+03    0.1719714434E+03   -0.9067560600E+00    0.1377000000E+00
        34    0.4260000000E+03    0.4252020517E+03    0.4104220800E+00   -0.2291456000E+00
        35    0.2375000000E+03    0.2128574225E+03   -0.5802789600E+00    0.2127421700E+00
        36    0.3670000000E+03    0.3772175154E+03    0.4284105600E+00    0.1560596900E+00
