Model_ID, [(c_i,i=0,n)_j,j=1,ntask]
           1    0.2590843658E+03    0.1630246793E+03
           2    0.2843399440E+03    0.9556054025E+02
           3    0.3632865084E+03   -0.3226725835E+03
           4    0.3008436530E+03   -0.1790893939E+03
           5    0.3721311730E+03    0.2727557171E+03
           6    0.2791704087E+03    0.9063812327E+02
           7    0.3837835297E+03   -0.2671751062E+03
           8    0.2952983217E+03   -0.1720572287E+03
           9    0.2942361913E+03    0.1694731864E+03
          10    0.3610868875E+03    0.1635567316E+03
          11    0.2524570600E+03    0.7792588968E+02
          12    0.3138521677E+03   -0.2124457918E+03
          13    0.2959614150E+03    0.1723601564E+03
          14    0.2992243681E+03    0.1695799818E+03
          15    0.2881668449E+03    0.1032812278E+03
          16    0.2954194177E+03   -0.1701617310E+03
          17    0.2980841834E+03   -0.2517033202E+03
          18    0.2953044953E+03   -0.1702261910E+03
          19    0.2885038953E+03    0.9515887175E+02
          20    0.3020091468E+03    0.2327457795E+03
          21    0.3714168808E+03    0.2708665649E+03
          22    0.2910200276E+03    0.1606779528E+03
          23    0.2961112903E+03    0.1723439041E+03
          24    0.3855958965E+03    0.2481855497E+03
          25    0.2896216582E+03    0.1593015109E+03
          26    0.2786201018E+03    0.1005987538E+03
          27    0.3547897362E+03   -0.2643951858E+03
          28    0.2067592370E+03    0.1350583012E+03
          29    0.3746212012E+03    0.2677941347E+03
          30    0.3126634881E+03   -0.2026093708E+03
          31    0.2939084176E+03   -0.1675542585E+03
          32    0.3359141099E+03    0.1174870323E+03
          33    0.2954110388E+03    0.1673959415E+03
          34    0.2658545056E+03   -0.1693191117E+03
          35    0.3061965648E+03   -0.2354098474E+03
          36    0.2501443099E+03    0.8278035479E+02
          37    0.3013094852E+03    0.1927593970E+03
          38    0.3013079921E+03    0.1927633910E+03
          39    0.2996606269E+03   -0.1632962482E+03
          40    0.2999182708E+03   -0.1991340781E+03
          41    0.3012360622E+03    0.2287233845E+03
          42    0.3609839629E+03    0.3123628355E+03
          43    0.3002330953E+03   -0.2479335812E+03
          44    0.3000496650E+03   -0.2622892125E+03
          45    0.3057094711E+03   -0.1855666288E+03
          46    0.2992509636E+03   -0.1974899935E+03
          47    0.3122713289E+03   -0.2134065295E+03
          48    0.1655597794E+03    0.1044308446E+03
          49    0.2847212691E+03    0.2031520163E+03
          50    0.3625406003E+03    0.1640479078E+03
          51    0.2848819554E+03    0.2029567428E+03
          52    0.2947129977E+03    0.9973633151E+02
          53    0.2990719011E+03   -0.1967901458E+03
          54    0.2989956051E+03   -0.2649327370E+03
          55    0.2030360434E+03    0.1237955737E+03
          56    0.2947467645E+03    0.1675769680E+03
          57    0.3003560298E+03   -0.1996135025E+03
          58    0.2990008682E+03   -0.1964726604E+03
          59    0.3030149950E+03   -0.1897339273E+03
          60    0.3670317669E+03    0.1755664809E+03
          61    0.3005963090E+03   -0.2601386070E+03
          62    0.3064950761E+03   -0.1442202702E+03
          63    0.3396528542E+03    0.1206786598E+03
          64    0.2779311858E+03   -0.1622216298E+03
          65    0.2927234914E+03    0.9711750941E+02
          66    0.3005971673E+03    0.2424691425E+03
          67    0.3000410688E+03   -0.2456729558E+03
          68    0.3328535623E+03    0.1196616993E+03
          69    0.3635468709E+03    0.1634684586E+03
          70    0.3822307469E+03    0.9844344681E+02
          71    0.3037976091E+03   -0.1892259635E+03
          72    0.3013162585E+03   -0.2588043105E+03
          73    0.2999089624E+03    0.2607720792E+03
          74    0.3071525570E+03   -0.2080061510E+03
          75    0.3014419128E+03   -0.2585124804E+03
          76    0.3008917533E+03    0.2408589737E+03
          77    0.3003798171E+03    0.2424438894E+03
          78    0.3022577030E+03   -0.2581874695E+03
          79    0.2975626481E+03   -0.1644907301E+03
          80    0.1824372337E+03   -0.9156099869E+02
          81    0.2987928729E+03   -0.1953878199E+03
          82    0.2847651137E+03    0.1055374877E+03
          83    0.2996826745E+03    0.1006985668E+03
          84    0.3672560837E+03    0.2619157234E+03
          85    0.3036965049E+03   -0.2391676885E+03
          86    0.3275967490E+03   -0.2504800733E+03
          87    0.3015255714E+03    0.2223895400E+03
          88    0.3597904614E+03    0.1505053967E+03
          89    0.3487493627E+03    0.2946998597E+03
          90    0.3039501346E+03    0.2351094468E+03
          91    0.2595023389E+03   -0.1719514422E+03
          92    0.3039772473E+03   -0.2397020816E+03
          93    0.2502013269E+03    0.7395063138E+02
          94    0.3676875646E+03    0.1789066974E+03
          95    0.2933611707E+03    0.9544499256E+02
          96    0.2078649149E+03    0.1295305314E+03
          97    0.3518904411E+03    0.1550900490E+03
          98    0.3033634892E+03    0.1356124991E+03
          99    0.3041518843E+03    0.2399364363E+03
         100    0.3647510069E+03    0.2561803740E+03
