Model_ID, [(c_i,i=0,n)_j,j=1,ntask]
           1    0.4260603657E+01    0.5426717491E+02
           2    0.4643384644E+01   -0.3333603081E+02
           3    0.3809247002E+01    0.3551710992E+02
           4    0.4104543221E+01    0.5309501648E+02
           5    0.2504037244E+01    0.2046332431E+02
           6    0.3869725095E+01    0.5295893309E+02
           7    0.3683299564E+01    0.3834036396E+02
           8    0.2137852333E+01    0.1693579778E+02
           9    0.3819042625E+01    0.3470250555E+02
          10    0.2343471119E+01    0.2142462915E+02
          11    0.2963850185E+01    0.2789580860E+02
          12    0.3524344973E+01    0.3451474283E+02
          13    0.4392212675E+01    0.3287654415E+02
          14    0.3171521736E+01    0.3896248247E+02
          15    0.5232340572E+01    0.1592211822E+03
          16    0.4201809402E+01    0.3421739888E+02
          17    0.3523254958E+01    0.7276816720E+02
          18    0.2893911117E+01    0.3001090818E+02
          19    0.4630450355E+01    0.3157358643E+02
          20    0.4347860041E+01    0.3344315425E+02
          21    0.1904613842E+01    0.3226567891E+02
          22    0.2823334834E+01    0.2802723227E+02
          23    0.5147645548E+01    0.4596758697E+02
          24    0.1157570628E+01    0.1648702424E+02
          25    0.5218037242E+01    0.2375913562E+02
          26    0.4037124262E+01    0.2606179229E+02
          27    0.3654928637E+01    0.5286306456E+02
          28    0.4660536526E+01    0.6533411258E+02
          29    0.3692190285E+01    0.3529280980E+02
          30    0.3178739222E+01   -0.3481320509E+02
          31    0.2561290249E+01    0.3902693726E+02
          32    0.3983251172E+01    0.2994556241E+02
          33    0.3087850030E+01    0.3894019848E+02
          34    0.3784118149E+01    0.3606417938E+02
          35    0.2102369910E+01    0.1571510888E+02
          36    0.4338961827E+01    0.2637386967E+02
          37    0.5139982302E+01    0.2437558126E+02
          38    0.5390582010E+01   -0.3419344402E+02
          39    0.1733345750E+01    0.1677205153E+02
          40    0.4447478604E+01   -0.2484472727E+02
          41    0.7564233467E+00    0.1704148990E+02
          42    0.3509275070E+01    0.2666165738E+02
          43    0.3390780758E+01    0.3376792425E+02
          44    0.3339760731E+01    0.1442688627E+02
          45    0.2950777879E+01    0.3768575025E+02
          46    0.2088745451E+01    0.1537376036E+02
          47    0.3220688024E+01    0.3945996545E+02
          48    0.1358557096E+01    0.1764267134E+02
          49    0.3766368688E+01    0.2627826914E+02
          50    0.3611551906E+01    0.2650959749E+02
          51    0.4722202362E+01    0.2577290342E+02
          52    0.4617964695E+01   -0.3122621598E+02
          53    0.4694621616E+01   -0.4816123782E+02
          54    0.4814027956E+01   -0.2414231333E+02
          55    0.4758608030E+01    0.3721239684E+02
          56    0.3436255475E+01    0.5729018708E+02
          57    0.4499758839E+01    0.2608170706E+02
          58    0.4434194414E+01    0.2618104902E+02
          59    0.4934134565E+01   -0.2396497976E+02
          60    0.3854077434E+01    0.2612722252E+02
          61    0.1425499447E+01    0.1621826244E+02
          62    0.4870815952E+01   -0.2404850130E+02
          63    0.3723179261E+01    0.2632232827E+02
          64    0.4574960843E+01    0.2594351754E+02
          65    0.4788150510E+01   -0.2415996765E+02
          66    0.4271862345E+01    0.2647710410E+02
          67    0.4366690949E+01    0.4802884115E+02
          68    0.4059896341E+01    0.3177031155E+02
          69    0.2210613228E+01    0.1518492862E+02
          70    0.4929298296E+01   -0.2394728407E+02
          71    0.4817830734E+01   -0.2409201603E+02
          72    0.4969614426E+01   -0.2387347508E+02
          73    0.3743833761E+01    0.1013138929E+03
          74    0.1347409732E+01    0.1678735388E+02
          75    0.4331069504E+01    0.3603639417E+02
          76    0.3539170444E+01    0.1027223309E+03
          77    0.3881977575E+01    0.1004689952E+03
          78    0.4822960217E+01    0.3709406538E+02
          79    0.3783429648E+01    0.1010393526E+03
          80    0.3690973424E+01    0.1015821620E+03
          81    0.3652086934E+01    0.1017890393E+03
          82    0.4992734094E+01    0.3801004722E+02
          83    0.3286882692E+01    0.3212753002E+02
          84    0.4017291892E+01    0.9970612679E+02
          85    0.4366632433E+01   -0.1717134233E+03
          86    0.2626313561E+01    0.6508109756E+02
          87    0.3948225652E+01    0.1000045136E+03
          88    0.1274184557E+01    0.1661116654E+02
          89    0.4033196056E+01    0.2603625321E+02
          90    0.3455164269E+01    0.3602347274E+02
          91    0.4254599164E+01   -0.6046975897E+03
          92    0.3357999671E+01    0.4084603697E+02
          93    0.2993223159E+01    0.1955607039E+02
          94    0.4042488970E+01    0.9951459784E+02
          95    0.3833070862E+01    0.1006264254E+03
          96    0.3941123833E+01    0.5318932626E+03
          97    0.4671923305E+01    0.2573736263E+02
          98    0.5039853328E+01    0.4422855164E+02
          99    0.3150674876E+01    0.4629832373E+02
         100    0.4216724323E+01    0.1019168259E+03
