        Rank        RMSE       MaxAE  Feature_ID
           1    3.446459   10.228438  (       1)
           2    3.478219   10.476779  (       2)
           3    3.515713   10.680515  (       3)
           4    3.536609   10.720314  (       4)
           5    3.563820   10.034400  (       5)
           6    3.591508   10.879286  (       6)
           7    3.596618   10.701172  (       7)
           8    3.609720   10.316863  (       8)
           9    3.623935   10.828660  (       9)
          10    3.628308   10.669215  (      10)
          11    3.638049   10.686676  (      11)
          12    3.638949   10.901574  (      12)
          13    3.640680   10.995855  (      13)
          14    3.660546   10.785181  (      14)
          15    3.667168    7.927659  (      15)
          16    3.688257   10.816143  (      16)
          17    3.690934   10.929861  (      17)
          18    3.711247   10.714226  (      18)
          19    3.712923   10.967569  (      19)
          20    3.713637   10.728256  (      20)
          21    3.719399   10.805809  (      21)
          22    3.725116   10.768398  (      22)
          23    3.733825   11.065218  (      23)
          24    3.736153   10.453591  (      24)
          25    3.738862   10.200946  (      25)
          26    3.740473   10.433868  (      26)
          27    3.741192   10.634042  (      27)
          28    3.748297   10.900224  (      28)
          29    3.752024   10.999435  (      29)
          30    3.752685   11.165512  (      30)
          31    3.764374   11.045997  (      31)
          32    3.765654    9.775991  (      32)
          33    3.776300   10.918924  (      33)
          34    3.777791   11.014717  (      34)
          35    3.778706   10.376648  (      35)
          36    3.785903   10.491893  (      36)
          37    3.786398   10.001097  (      37)
          38    3.790554   10.669857  (      38)
          39    3.795073   10.535958  (      39)
          40    3.798349   10.482102  (      40)
          41    3.799190   10.398624  (      41)
          42    3.800433   10.693361  (      42)
          43    3.802695   11.084613  (      43)
          44    3.806364   10.781104  (      44)
          45    3.807235   11.041829  (      45)
          46    3.807331   10.787126  (      46)
          47    3.807688   10.886068  (      47)
          48    3.807967   10.303662  (      48)
          49    3.809793   10.607780  (      49)
          50    3.811645   10.659110  (      50)
          51    3.814555   10.366120  (      51)
          52    3.816848   10.841290  (      52)
          53    3.822002   10.564178  (      53)
          54    3.822098   10.432213  (      54)
          55    3.822518   10.957166  (      55)
          56    3.822620   10.503467  (      56)
          57    3.824629   10.456265  (      57)
          58    3.826766   10.479269  (      58)
          59    3.832927   10.392051  (      59)
          60    3.834146   10.587644  (      60)
          61    3.834264   10.804166  (      61)
          62    3.835371   10.417717  (      62)
          63    3.835657   10.631259  (      63)
          64    3.836601   10.440266  (      64)
          65    3.842298   10.450131  (      65)
          66    3.843389   10.514765  (      66)
          67    3.846692   11.382345  (      67)
          68    3.847480   11.230752  (      68)
          69    3.850125   10.453061  (      69)
          70    3.851610   10.404865  (      70)
          71    3.853295   10.451085  (      71)
          72    3.853357   10.397823  (      72)
          73    3.857781   11.766223  (      73)
          74    3.859034   10.288880  (      74)
          75    3.860095   11.167052  (      75)
          76    3.861837   11.823251  (      76)
          77    3.862428   11.716644  (      77)
          78    3.862956   10.925929  (      78)
          79    3.863315   11.755405  (      79)
          80    3.863966   11.790963  (      80)
          81    3.864191   11.808164  (      81)
          82    3.864928   10.007577  (      82)
          83    3.865105    9.678053  (      83)
          84    3.871173   11.661295  (      84)
          85    3.872776    8.793368  (      85)
          86    3.874555   10.607306  (      86)
          87    3.874658   11.699083  (      87)
          88    3.875155   10.527345  (      88)
          89    3.875578   10.942301  (      89)
          90    3.875966   11.053102  (      90)
          91    3.876793    9.436553  (      91)
          92    3.878441   10.900508  (      92)
          93    3.878947   10.725542  (      93)
          94    3.879240   11.656174  (      94)
          95    3.881435   11.749048  (      95)
          96    3.881894    9.218876  (      96)
          97    3.882811   10.431625  (      97)
          98    3.882863   11.452822  (      98)
          99    3.884414   12.511905  (      99)
         100    3.884903   11.403964  (     100)
