        Rank        RMSE       MaxAE  Feature_ID
           1    4.969559   14.570567  (       1)
           2    5.082471   14.499150  (       2)
           3    5.092667   14.637898  (       3)
           4    5.119814   17.732998  (       4)
           5    5.142247   12.771303  (       5)
           6    5.142543   17.826229  (       6)
           7    5.144330   17.827882  (       7)
           8    5.148841   14.886879  (       8)
           9    5.160871   19.441069  (       9)
          10    5.163493   13.582466  (      10)
          11    5.188130   13.958600  (      11)
          12    5.200555   17.788686  (      12)
          13    5.201814   15.606033  (      13)
          14    5.202224   13.891526  (      14)
          15    5.206348   14.369525  (      15)
          16    5.212452   14.936614  (      16)
          17    5.221721   13.547106  (      17)
          18    5.223533   14.222106  (      18)
          19    5.224145   15.931104  (      19)
          20    5.225066   19.465359  (      20)
          21    5.226611   16.000845  (      21)
          22    5.232456   15.087229  (      22)
          23    5.242894   13.899258  (      23)
          24    5.247937   13.698623  (      24)
          25    5.248964   15.537989  (      25)
          26    5.249452   15.884184  (      26)
          27    5.256073   14.131196  (      27)
          28    5.263146   13.806035  (      28)
          29    5.266895   15.909936  (      29)
          30    5.267312   16.663689  (      30)
          31    5.268745   14.090028  (      31)
          32    5.268818   15.600376  (      32)
          33    5.271875   14.008690  (      33)
          34    5.273853   14.570772  (      34)
          35    5.276426   17.764173  (      35)
          36    5.278336   16.418409  (      36)
          37    5.278367   14.844020  (      37)
          38    5.279045   14.363498  (      38)
          39    5.281349   13.565127  (      39)
          40    5.282077   20.389872  (      40)
          41    5.282968   18.238151  (      41)
          42    5.283337   18.238701  (      42)
          43    5.283430   17.985258  (      43)
          44    5.284485   21.320434  (      44)
          45    5.284518   13.573622  (      45)
          46    5.284927   16.498770  (      46)
          47    5.286002   15.669566  (      47)
          48    5.287691   18.293425  (      48)
          49    5.289276   18.263872  (      49)
          50    5.290592   13.588217  (      50)
          51    5.290620   16.537007  (      51)
          52    5.291739   18.250365  (      52)
          53    5.292455   15.446004  (      53)
          54    5.295798   14.717453  (      54)
          55    5.298106   15.940889  (      55)
          56    5.299678   16.579367  (      56)
          57    5.302193   17.383092  (      57)
          58    5.303374   18.267170  (      58)
          59    5.303534   18.306743  (      59)
          60    5.305231   13.008368  (      60)
          61    5.306922   16.850971  (      61)
          62    5.307141   15.421296  (      62)
          63    5.307238   18.102284  (      63)
          64    5.307347   15.976741  (      64)
          65    5.309308   18.297101  (      65)
          66    5.309487   18.285698  (      66)
          67    5.310311   15.184866  (      67)
          68    5.311715   16.534762  (      68)
          69    5.314822   15.106143  (      69)
          70    5.315135   16.550585  (      70)
          71    5.321230   16.201462  (      71)
          72    5.322145   13.788707  (      72)
          73    5.323601   16.532629  (      73)
          74    5.323917   18.350976  (      74)
          75    5.324186   20.292237  (      75)
          76    5.325096   14.946855  (      76)
          77    5.325129   17.504857  (      77)
          78    5.326249   17.497333  (      78)
          79    5.327691   17.329463  (      79)
          80    5.328054   16.573701  (      80)
          81    5.328181   17.458879  (      81)
          82    5.329454   14.932596  (      82)
          83    5.329475   14.408680  (      83)
          84    5.329614   15.762444  (      84)
          85    5.329990   18.369249  (      85)
          86    5.331901   14.044740  (      86)
          87    5.332685   18.073917  (      87)
          88    5.333314   13.696752  (      88)
          89    5.333942   14.808762  (      89)
          90    5.334832   14.532996  (      91)
          91    5.334832   15.677309  (      90)
          92    5.335163   20.146711  (      92)
          93    5.335446   13.490324  (      93)
          94    5.335618   16.507471  (      94)
          95    5.336006   16.534427  (      95)
          96    5.336023   14.071872  (      96)
          97    5.336307   18.316810  (      97)
          98    5.336993   18.370328  (      98)
          99    5.337175   16.893455  (      99)
         100    5.337273   18.376629  (     100)
