      rank       #data_overlap        size_overlap          feature_ID
         1                  17             0.17514   (     250    1964)
         2                  17             0.17514   (     253    1964)
         3                  17             0.29889   (     447    1121)
         4                  18             0.10936   (     442    1964)
         5                  18             0.13659   (      68    1965)
         6                  18             0.13659   (     859    1965)
         7                  18             0.15539   (      68    1964)
         8                  18             0.16022   (     127    1964)
         9                  18             0.16422   (     256    1964)
        10                  18             0.19507   (     243    1964)
        11                  18             0.19507   (     244    1964)
        12                  18             0.19507   (     246    1964)
        13                  18             0.19507   (     128    1875)
        14                  18             0.19507   (     252    1964)
        15                  18             0.19507   (     128    1964)
        16                  18             0.19507   (     432    1964)
        17                  18             0.19507   (     438    1964)
        18                  18             0.19507   (     255    1964)
        19                  18             0.19507   (     431    1964)
        20                  18             0.20149   (      60     493)
        21                  18             0.31886   (     290    1030)
        22                  19             0.10673   (     799    1964)
        23                  19             0.12347   (     855    1965)
        24                  19             0.12381   (     493    1965)
        25                  19             0.12382   (     494    1965)
        26                  19             0.13659   (     808    1965)
        27                  19             0.13659   (     453    1965)
        28                  19             0.13659   (     473    1965)
        29                  19             0.13659   (     775    1965)
        30                  19             0.13659   (     805    1965)
        31                  19             0.14385   (     125    1965)
        32                  19             0.14670   (     249    1964)
        33                  19             0.15003   (     443    1964)
        34                  19             0.15584   (     125    1964)
        35                  19             0.15995   (     859    1964)
        36                  19             0.17394   (      68    1022)
        37                  19             0.17394   (      67    1022)
        38                  19             0.18218   (     251    1875)
        39                  19             0.18218   (     251    1964)
        40                  19             0.18218   (     410    1964)
        41                  19             0.18218   (     436    1964)
        42                  19             0.18218   (     441    1964)
        43                  19             0.18218   (     797    1964)
        44                  19             0.18218   (     411    1964)
        45                  19             0.18218   (     771    1964)
        46                  19             0.18218   (     254    1875)
        47                  19             0.18218   (     254    1964)
        48                  19             0.18218   (     770    1964)
        49                  19             0.18614   (      60     453)
        50                  19             0.18614   (      60     775)
        51                  19             0.18614   (      68     407)
        52                  19             0.19163   (     117     228)
        53                  19             0.19163   (     117    1209)
        54                  19             0.20129   (      60     855)
        55                  19             0.20173   (      60     857)
        56                  19             0.20173   (      60     859)
        57                  19             0.20358   (      60     854)
        58                  19             0.20380   (      67     407)
        59                  19             0.20380   (      60     452)
        60                  19             0.20380   (      60     774)
        61                  19             0.20568   (      69     228)
        62                  19             0.20568   (      69    1209)
        63                  19             0.20676   (     129     228)
        64                  19             0.20676   (     129    1209)
        65                  19             0.28744   (     992    1964)
        66                  19             0.29769   (     859    1764)
        67                  19             0.29769   (     859    1821)
        68                  19             0.29769   (     859    1601)
        69                  19             0.29769   (     859    1688)
        70                  19             0.29769   (     859    1717)
        71                  19             0.32063   (     280    1030)
        72                  19             0.34110   (     537    1030)
        73                  19             0.34461   (     917    1121)
        74                  19             0.34634   (     304    1030)
        75                  19             0.34634   (     306    1030)
        76                  19             0.39755   (     387    1875)
        77                  19             0.39755   (     387    1964)
        78                  19             0.39755   (     711    1964)
        79                  19             0.39755   (     673    1964)
        80                  19             0.39755   (     689    1964)
        81                  19             0.39755   (     733    1964)
        82                  19             0.48272   (    1121    1739)
        83                  19             0.48272   (    1121    1776)
        84                  19             0.48272   (    1121    1570)
        85                  20             0.12597   (     857    1965)
        86                  20             0.12597   (     858    1965)
        87                  20             0.15879   (     248    1964)
        88                  20             0.15985   (     855    1964)
        89                  20             0.18614   (      68     404)
        90                  20             0.18614   (      68     758)
        91                  20             0.19514   (     144    1875)
        92                  20             0.19514   (     144    1964)
        93                  20             0.20265   (     228     267)
        94                  20             0.20553   (     127     407)
        95                  20             0.20685   (     144    1209)
        96                  20             0.20685   (     144     228)
        97                  20             0.20690   (     228     263)
        98                  20             0.23166   (     854    1209)
        99                  20             0.23229   (     857    1209)
       100                  20             0.25661   (     877    1964)
