      rank       #data_overlap        size_overlap          feature_ID
         1                   0            -1.21190   (       1)
         2                   0            -1.19700   (       2)
         3                   0            -1.18670   (       3)
         4                   0            -1.14910   (       4)
         5                   0            -1.09070   (       5)
         6                   0            -1.02810   (       6)
         7                   0            -1.01260   (       7)
         8                   0            -0.97550   (       8)
         9                   0            -0.96740   (       9)
        10                   0            -0.95227   (      10)
        11                   0            -0.88070   (      11)
        12                   0            -0.85510   (      12)
        13                   0            -0.84796   (      13)
        14                   0            -0.82180   (      14)
        15                   0            -0.82095   (      15)
        16                   0            -0.81980   (      16)
        17                   0            -0.80630   (      17)
        18                   0            -0.79330   (      18)
        19                   0            -0.78570   (      19)
        20                   0            -0.78570   (      20)
        21                   0            -0.77120   (      21)
        22                   0            -0.74980   (      22)
        23                   0            -0.74943   (      23)
        24                   0            -0.74940   (      24)
        25                   0            -0.74940   (      25)
        26                   0            -0.74360   (      26)
        27                   0            -0.74240   (      27)
        28                   0            -0.74240   (      28)
        29                   0            -0.74070   (      29)
        30                   0            -0.73680   (      30)
        31                   0            -0.72493   (      31)
        32                   0            -0.72180   (      32)
        33                   0            -0.72180   (      33)
        34                   0            -0.71340   (      34)
        35                   0            -0.71280   (      35)
        36                   0            -0.71140   (      36)
        37                   0            -0.71066   (      37)
        38                   0            -0.70240   (      38)
        39                   0            -0.70056   (      39)
        40                   0            -0.69580   (      40)
        41                   0            -0.68417   (      41)
        42                   0            -0.67886   (      42)
        43                   0            -0.66030   (      43)
        44                   0            -0.65420   (      44)
        45                   0            -0.65420   (      45)
        46                   0            -0.65380   (      46)
        47                   0            -0.65260   (      47)
        48                   0            -0.63960   (      48)
        49                   0            -0.63660   (      49)
        50                   0            -0.62640   (      50)
        51                   0            -0.61880   (      51)
        52                   0            -0.61240   (      52)
        53                   0            -0.61240   (      53)
        54                   0            -0.61090   (      54)
        55                   0            -0.60430   (      55)
        56                   0            -0.60120   (      56)
        57                   0            -0.59894   (      57)
        58                   0            -0.59800   (      58)
        59                   0            -0.58880   (      59)
        60                   0            -0.58880   (      60)
        61                   0            -0.58700   (      61)
        62                   0            -0.58410   (      62)
        63                   0            -0.58290   (      63)
        64                   0            -0.58220   (      64)
        65                   0            -0.57620   (      65)
        66                   0            -0.57620   (      66)
        67                   0            -0.57340   (      67)
        68                   0            -0.57150   (      68)
        69                   0            -0.57100   (      69)
        70                   0            -0.56670   (      70)
        71                   0            -0.56080   (      71)
        72                   0            -0.55887   (      72)
        73                   0            -0.55850   (      73)
        74                   0            -0.55670   (      74)
        75                   0            -0.55670   (      75)
        76                   0            -0.55117   (      76)
        77                   0            -0.54760   (      77)
        78                   0            -0.54663   (      78)
        79                   0            -0.54530   (      79)
        80                   0            -0.54279   (      80)
        81                   0            -0.53790   (      81)
        82                   0            -0.52869   (      82)
        83                   0            -0.52630   (      83)
        84                   0            -0.52630   (      84)
        85                   0            -0.52630   (      85)
        86                   0            -0.52630   (      86)
        87                   0            -0.52630   (      87)
        88                   0            -0.52470   (      88)
        89                   0            -0.52390   (      89)
        90                   0            -0.52242   (      90)
        91                   0            -0.51834   (      91)
        92                   0            -0.51780   (      92)
        93                   0            -0.51180   (      93)
        94                   0            -0.51040   (      94)
        95                   0            -0.51011   (      95)
        96                   0            -0.50590   (      96)
        97                   0            -0.50227   (      97)
        98                   0            -0.49420   (      98)
        99                   0            -0.49280   (      99)
       100                   0            -0.48845   (     100)
