     Index              y_true              y_pred        descriptor_1
         1    0.1000000000E+00    0.4889687746E+01    0.3700000000E-02
         2    0.2600000000E+01    0.4840138748E+01    0.7675500000E-02
         3    0.4090000000E+02    0.2604751511E+02   -0.1693871000E+01
         4    0.1560000000E+01    0.3047570881E+00    0.3715660000E+00
         5    0.6650000000E+01    0.1197160026E+02   -0.5645081200E+00
         6    0.1316000000E+02    0.1286286329E+02   -0.6360174600E+00
         7    0.2280000000E+01    0.5430818770E+01   -0.3971695000E-01
         8    0.3140000000E+01    0.2389828794E+01    0.2042729600E+00
         9    0.6070000000E+01    0.1544028700E+01    0.2721346400E+00
        10    0.2141000000E+02    0.1995256044E+02   -0.1204850170E+01
        11    0.1012000000E+02    0.7426916278E+01   -0.1998712600E+00
        12    0.1470000000E+02    0.1617261548E+02   -0.9015711600E+00
        13    0.1128000000E+02    0.1075479726E+02   -0.4668795000E+00
        14    0.7530000000E+01    0.1397590966E+02   -0.7253213000E+00
        15    0.5980000000E+01    0.5878773871E+01   -0.7565805000E-01
        16    0.4390000000E+01    0.6608385521E+01   -0.1341975000E+00
        17    0.7350000000E+01    0.1280030966E+02   -0.6309985500E+00
        18    0.1002000000E+02    0.2401984073E+02   -0.1531183160E+01
        19    0.1925000000E+02    0.2829529748E+02   -0.1874218920E+01
        20    0.2977000000E+02    0.2592452417E+02   -0.1684002980E+01
        21    0.2492000000E+02    0.3117441198E+02   -0.2105220960E+01
        22    0.2638000000E+02    0.2427929327E+02   -0.1552000000E+01
        23    0.2218000000E+02    0.2242345551E+02   -0.1403099250E+01
        24    0.1799000000E+02    0.1814213738E+02   -0.1059593210E+01
        25    0.1262000000E+02    0.1907843697E+02   -0.1134716000E+01
        26    0.5650000000E+01    0.5813498191E+01   -0.7042074000E-01
        27    0.2455000000E+02    0.1855565733E+02   -0.1092771450E+01
        28    0.1040000000E+01    0.7190990009E+01   -0.1809420200E+00
        29    0.7980000000E+01    0.5794434260E+01   -0.6889117000E-01
        30    0.4200000000E+00   -0.4937456395E+01    0.7921682400E+00
        31    0.3850000000E+02    0.2756805491E+02   -0.1815869550E+01
        32    0.2347000000E+02    0.2226307192E+02   -0.1390231080E+01
        33    0.2613000000E+02    0.1750215526E+02   -0.1008245070E+01
        34    0.1546000000E+02    0.1147031521E+02   -0.5242881600E+00
        35    0.2213000000E+02    0.2001385076E+02   -0.1209767720E+01
        36    0.9540000000E+01    0.8796524377E+01   -0.3097600000E+00
