        Rank        RMSE       MaxAE  Feature_ID
           1   34.285413   75.977466  (       1)
           2   34.415954   76.354692  (       2)
           3   34.661966   68.676876  (       3)
           4   35.001254   71.393559  (       4)
           5   35.047457   74.966221  (       5)
           6   35.078585   78.894821  (       6)
           7   35.127790   72.030486  (       7)
           8   35.549176   78.152524  (       8)
           9   35.555033   76.873407  (       9)
          10   35.711615   80.021185  (      10)
          11   35.836002   77.894850  (      11)
          12   35.954901  112.643467  (      12)
          13   35.997458   87.284546  (      13)
          14   36.189936   82.016814  (      14)
          15   36.205617   83.133223  (      15)
          16   36.219381   82.094035  (      16)
          17   36.267668   75.426709  (      17)
          18   36.295399  101.756516  (      18)
          19   36.349057   86.102400  (      19)
          20   36.382252   82.225690  (      20)
          21   36.393136   87.517651  (      21)
          22   36.464817  130.599167  (      22)
          23   36.465127   85.376582  (      23)
          24   36.748323   87.863060  (      24)
          25   36.850762   79.066674  (      25)
          26   36.885986  102.666216  (      26)
          27   36.913930   80.276477  (      27)
          28   36.928950   79.277324  (      28)
          29   36.941321   90.663841  (      29)
          30   36.942059   87.228899  (      30)
          31   36.958735   78.777355  (      31)
          32   36.977974   84.992978  (      32)
          33   37.010318   79.673460  (      33)
          34   37.020351   83.978539  (      34)
          35   37.037011   93.545616  (      35)
          36   37.042064  115.475961  (      36)
          37   37.059087   83.255254  (      37)
          38   37.079425   83.592042  (      38)
          39   37.096059   83.222853  (      39)
          40   37.151434   83.184468  (      40)
          41   37.198395  113.307988  (      41)
          42   37.213133   97.801640  (      42)
          43   37.225999   98.563742  (      43)
          44   37.253228   84.503538  (      44)
          45   37.273581   83.475507  (      45)
          46   37.284392  100.393793  (      46)
          47   37.292059   83.146906  (      47)
          48   37.306509   84.389474  (      48)
          49   37.327964   84.591104  (      49)
          50   37.333888   81.982113  (      50)
          51   37.345814   78.813219  (      51)
          52   37.364552   87.652186  (      52)
          53   37.374613   79.895609  (      53)
          54   37.378391   84.085243  (      54)
          55   37.390780  122.901185  (      55)
          56   37.394411  122.770940  (      56)
          57   37.395166  104.942574  (      57)
          58   37.395739   82.991802  (      58)
          59   37.411060  137.173132  (      59)
          60   37.414884   83.812012  (      60)
          61   37.459633   77.694404  (      61)
          62   37.487150   83.070825  (      62)
          63   37.499337   93.909962  (      63)
          64   37.505405   84.721836  (      64)
          65   37.507804   81.952316  (      65)
          66   37.520372   85.451062  (      66)
          67   37.574567   81.142564  (      67)
          68   37.579140   79.392232  (      68)
          69   37.580121   75.336559  (      69)
          70   37.614072   87.129862  (      70)
          71   37.656312  127.369781  (      71)
          72   37.667334   82.883898  (      72)
          73   37.696384   93.347608  (      73)
          74   37.726905   85.258785  (      74)
          75   37.726930   83.047109  (      75)
          76   37.769092   82.779924  (      76)
          77   37.776542   83.045535  (      77)
          78   37.778827   79.788970  (      78)
          79   37.783287   82.805109  (      79)
          80   37.794858   82.818923  (      80)
          81   37.833807   89.820591  (      81)
          82   37.842152   79.718142  (      82)
          83   37.843914   82.804126  (      83)
          84   37.864285   84.990813  (      84)
          85   37.866927   84.234414  (      85)
          86   37.875167   91.166115  (      86)
          87   37.894054   84.559004  (      87)
          88   37.913664   82.799403  (      88)
          89   37.918837   82.931463  (      89)
          90   37.922987   82.803005  (      90)
          91   37.935186   87.983715  (      91)
          92   37.944830   85.187661  (      92)
          93   37.945871  105.902763  (      93)
          94   37.962039   79.108899  (      94)
          95   37.964459   90.034329  (      95)
          96   37.971741   82.974005  (      96)
          97   37.973287  119.418582  (      97)
          98   37.978626   90.208342  (      98)
          99   37.990582   94.305776  (      99)
         100   37.995882  111.109389  (     100)
