        Rank        RMSE       MaxAE  Feature_ID
           1   20.999345   49.391724  (      22   10945)
           2   21.334065   61.516703  (     335   15208)
           3   21.435452   53.494399  (      16   10281)
           4   21.517605   54.135064  (      20   10281)
           5   21.559673   60.160890  (    1592   17155)
           6   21.575217   52.846808  (      22   11565)
           7   21.579746   59.969118  (    1549   17155)
           8   21.609810   71.879619  (    1592   10781)
           9   21.619885   55.522261  (      22   17810)
          10   21.642619   71.658285  (    1549   10781)
          11   21.655383   64.849967  (     146   12420)
          12   21.683408   52.597468  (      16   11077)
          13   21.733152   52.495781  (      14   10281)
          14   21.795638   53.223435  (      20   11077)
          15   21.837844   53.239101  (     166   17810)
          16   21.936174   51.619173  (      14   11077)
          17   21.956615   54.786104  (    2145   15548)
          18   21.970690   49.917050  (      22   12257)
          19   21.979893   56.614142  (     884   10008)
          20   21.982226   62.685442  (    1809   12420)
          21   22.059819   63.565574  (    1523   12420)
          22   22.069971   46.234340  (      16   10586)
          23   22.098705   76.307055  (     961   10781)
          24   22.113958   46.925372  (     983   12420)
          25   22.146606   53.172573  (      16   10344)
          26   22.151718   46.195104  (      20   10586)
          27   22.201354   55.458912  (      59   12257)
          28   22.204117   62.102541  (    3305   16625)
          29   22.216318   53.817414  (      20   10344)
          30   22.216694   45.050976  (    9089   15404)
          31   22.226490   58.929168  (    1578   17155)
          32   22.244079   56.367722  (      59   10945)
          33   22.245807   45.302680  (      16   10721)
          34   22.267618   65.236071  (     421   12420)
          35   22.268016   65.515484  (     423   12420)
          36   22.268736   59.387216  (     146   17810)
          37   22.287535   65.764913  (     429   12420)
          38   22.301399   54.720103  (    3033   17810)
          39   22.310354   65.924635  (     435   12420)
          40   22.312430   46.397640  (      14   10586)
          41   22.326827   62.091240  (    9509   10975)
          42   22.348886   45.874486  (      20   10721)
          43   22.350791   66.122937  (     439   12420)
          44   22.354437   66.234177  (    1341   10291)
          45   22.368251   70.445860  (    1578   10781)
          46   22.398587   56.014519  (      59   13548)
          47   22.444930   52.169686  (      14   10344)
          48   22.466126   44.431805  (      14   10721)
          49   22.470515   64.213350  (    1341   10865)
          50   22.477293   52.905227  (      16   10923)
          51   22.502368   48.337234  (      56   17320)
          52   22.506680   51.355762  (      22   12546)
          53   22.522940   44.384572  (    9328   15404)
          54   22.567864   53.448117  (      20   10923)
          55   22.572636   70.166521  (    1549   11669)
          56   22.582673   70.373011  (    1592   11669)
          57   22.582994   63.422066  (    1341   10901)
          58   22.597184   66.784097  (     501   12420)
          59   22.601225   58.126603  (      56   13548)
          60   22.602537   53.185734  (      16   10413)
          61   22.611581   57.494441  (      56   10947)
          62   22.636044   54.254912  (      22   13548)
          63   22.647757   53.840853  (      20   10413)
          64   22.658464   66.896005  (     509   12420)
          65   22.659404   50.336959  (      16   10292)
          66   22.666226   48.928228  (      16   10462)
          67   22.679580   48.942747  (      20   12790)
          68   22.684163   48.949610  (      14   10049)
          69   22.689089   52.448360  (      56   10945)
          70   22.699830   50.309920  (      20   10292)
          71   22.700119   56.255084  (     884   10096)
          72   22.701275   44.210165  (    9570   15404)
          73   22.707114   44.205321  (    9584   15404)
          74   22.717794   60.556050  (    2130   13175)
          75   22.720867   48.895907  (      20   10462)
          76   22.726349   63.987034  (    3661   10008)
          77   22.733713   71.163090  (     787   12420)
          78   22.742102   52.039775  (      14   10923)
          79   22.747867   64.768341  (     961   17155)
          80   22.754118   47.583966  (      56   17790)
          81   22.765023   48.892093  (      16   10049)
          82   22.811907   55.708941  (     884   10172)
          83   22.825146   47.936320  (      16   10187)
          84   22.827991   67.157923  (     545   12420)
          85   22.836723   49.030701  (      16   12790)
          86   22.852997   52.388835  (      16   10772)
          87   22.857567   47.891740  (      20   10187)
          88   22.861730   52.076509  (      16   11878)
          89   22.881289   54.663863  (      49   10281)
          90   22.899606   51.675798  (      16   14187)
          91   22.911097   70.665438  (     364   12420)
          92   22.911883   53.033196  (      20   10772)
          93   22.922710   52.170683  (      14   10413)
          94   22.928128   49.077036  (      14   10462)
          95   22.933580   48.009161  (      56   19881)
          96   22.935984   50.476181  (      14   10292)
          97   22.942828   53.204237  (      56   12257)
          98   22.949128   53.745351  (      56   16265)
          99   22.962919   52.610401  (      20   11878)
         100   22.967245   56.030785  (     884   10147)
