Materials	Properties	feature1	feature2	feature3	feature4	feature5	feature6	feature7	feature8	feature9	feature10	feature11	feature12	feature13	feature14	feature15	feature16	feature17	feature18	feature19	feature20
sample1	20.5000	0.0000	0.0000	0.0000	0.0000	0.0000	0.0000	0.0000	0.0000	0.0000	0.0000	0.0000	0.0000	0.0000	0.0000	0.0000	0.0000	1.0000	1.0000	1.0000	1.0000
sample2	139.9000	0.0000	0.0000	0.0000	0.0000	0.0000	0.0000	0.0000	0.0000	0.0000	0.2979	0.0000	0.0000	0.0000	0.1777	0.0000	0.6204	0.9425	0.5608	0.9618	1.0000
sample3	461.0000	0.0000	0.0000	0.0000	0.0000	0.0000	0.0000	0.0000	0.0000	0.0000	0.9645	0.0000	0.0000	0.7326	0.3805	0.0000	0.8417	0.1967	0.3635	0.4044	0.4762
sample4	320.0000	0.0000	0.0000	0.0000	1.0000	0.0000	0.0000	0.0000	0.0000	0.0000	0.6028	0.0047	0.0000	0.3372	1.0000	0.0000	0.8096	0.9036	0.6514	0.9739	0.9999
sample5	248.2000	0.0000	0.0000	0.0000	0.0000	1.0000	0.0000	0.0000	0.0000	0.0000	0.9078	0.0022	0.0000	0.4535	0.4058	0.0000	0.7129	0.6513	0.5382	0.9043	0.5369
sample6	89.8130	0.0000	0.0000	0.0000	0.0000	0.0000	0.0000	0.0000	0.0000	0.0000	0.0780	0.4029	0.0000	0.0000	0.1330	0.2160	0.1609	0.9682	0.7795	0.9801	0.2284
sample7	111.4000	0.0000	0.0000	0.0000	0.0000	0.0000	0.0000	0.0000	0.0000	0.0000	0.2340	0.3148	0.8523	0.7326	0.0949	0.4630	0.2222	0.7253	0.7336	0.7978	0.0944
sample8	354.0000	0.0000	0.0000	0.0000	0.0000	0.0000	0.0000	0.0000	0.0000	0.0000	0.6879	0.2212	0.8523	0.7326	0.2851	0.4630	0.6410	0.1806	0.5650	0.4917	0.2820
sample9	133.8500	0.0000	0.0000	0.0000	0.0000	0.0000	0.0000	0.0000	0.0000	0.0000	0.5035	1.0000	0.0000	0.0000	0.2217	0.2160	0.7720	0.9098	0.3253	0.9504	0.5620
sample10	313.7600	0.0000	0.0000	0.0000	0.0000	0.0000	0.0000	0.0000	0.0000	0.0000	0.6454	0.2949	0.9841	0.7326	0.2787	0.2840	0.7420	0.2725	0.2768	0.4465	0.3796
sample11	280.0000	0.0000	0.0000	0.0000	0.0000	0.0000	0.0000	0.0000	0.0000	0.0000	0.4752	0.3427	0.8523	0.7326	0.2724	0.4630	0.6947	0.1051	0.8326	0.1533	0.4244
sample12	260.6000	0.0000	0.0000	0.0000	0.0000	0.0000	0.0000	0.0000	0.0000	0.0000	0.4468	0.3360	0.7441	0.6395	0.2762	0.4784	0.6582	0.7416	0.5008	0.8877	0.4564
sample13	267.7000	0.0000	0.0000	0.0000	0.0000	0.0000	0.0000	0.0000	0.0000	0.0000	0.6099	0.3146	0.8592	0.6395	0.3738	0.5525	0.6952	0.7365	0.4973	0.8694	0.5356
sample14	311.6500	0.0000	0.0000	0.0000	0.0000	0.0000	0.0000	0.0000	0.0000	0.0000	0.7447	0.2602	0.7441	0.6395	0.4727	0.4784	0.7449	0.7952	0.4939	0.8824	0.5005
sample15	219.5740	0.0000	0.0000	0.3333	0.0000	0.0000	0.0000	0.0000	0.0000	0.0000	0.3688	0.2373	0.4194	0.3605	0.2420	0.3148	0.5952	0.8432	0.6468	0.9044	0.6486
sample16	187.5850	0.0000	0.0000	0.6667	0.0000	0.0000	0.0000	0.0000	0.0000	0.0000	0.4184	0.2236	0.4843	0.3605	0.3066	0.3642	0.5939	0.8468	0.6613	0.9019	0.4424
sample17	223.4200	0.0000	0.0000	1.0000	0.0000	0.0000	0.0000	0.0000	0.0000	0.0000	0.4397	0.1726	0.4194	0.3605	0.3713	0.3148	0.5709	0.8784	0.6923	0.9627	0.4125
sample18	172.1500	0.0000	0.0000	0.0000	0.0000	0.0000	0.3333	0.0000	0.0000	0.0000	0.5390	0.4777	0.4194	0.3605	0.2863	0.5309	0.7315	0.8098	0.4610	0.8950	0.3630
sample19	198.4000	0.0000	0.0000	0.0000	0.0000	0.0000	0.6667	0.0000	0.0000	0.0000	0.7660	0.5013	0.4843	0.3605	0.3966	0.6142	0.8847	0.8193	0.4759	0.8941	0.2019
sample20	244.3500	0.0000	0.0000	0.0000	0.0000	0.0000	1.0000	0.0000	0.0000	0.0000	0.9929	0.2761	0.4194	0.3605	0.5056	0.5309	1.0000	0.8137	0.4297	0.8950	0.1923
sample21	183.9000	0.0000	0.0000	0.0000	0.0000	0.0000	0.0000	0.0000	1.0000	0.0000	0.4752	0.2191	0.7441	0.6395	0.2217	0.2160	0.6201	0.8190	0.5910	0.9059	0.5900
sample22	341.0000	1.0000	0.0000	0.0000	0.0000	0.0000	0.0000	0.0000	0.0000	0.0000	0.9716	0.1480	0.0000	0.7326	0.4372	0.2778	0.8694	0.1220	0.3116	0.3432	0.4803
sample23	334.0000	0.0000	1.0000	0.0000	0.0000	0.0000	0.0000	0.0000	0.0000	0.0000	0.9716	0.2540	0.0000	0.7326	0.4892	0.5309	0.9928	0.0463	0.4129	0.3823	0.5573
sample24	395.8500	0.0000	0.0000	0.0000	0.0000	0.0000	0.0000	0.0000	0.0000	0.0000	0.9716	0.2515	0.0000	0.7326	0.4245	0.2160	0.8665	0.0000	0.3249	0.4508	0.7536
sample25	406.2400	0.0000	0.0000	0.0000	0.0000	0.0000	0.0000	0.0000	0.0000	0.0000	0.7730	0.1599	0.3112	1.0000	0.3332	0.2315	0.7408	0.2647	0.0466	0.0000	0.2591
sample26	359.0000	0.0000	0.0000	0.0000	0.0000	0.0000	0.0000	0.0000	0.0000	0.0000	0.9787	0.0089	0.3112	1.0000	0.3776	0.0154	0.8946	0.1419	0.3788	0.4324	0.2326
sample27	341.0000	0.0000	0.0000	0.0000	0.0000	0.0000	0.0000	0.0000	0.0000	0.0000	1.0000	0.0060	0.3593	1.0000	0.3738	0.0185	0.9240	0.3782	0.0000	0.6056	0.3840
sample28	347.4000	0.0000	0.0000	0.0000	0.0000	0.0000	0.0000	0.0000	0.0000	0.0000	0.9504	0.2070	0.1082	0.7326	0.4283	0.2315	0.8208	0.5504	0.4083	0.6365	0.5640
sample29	312.4500	0.0000	0.0000	0.0000	0.0000	0.0000	0.0000	0.0000	0.0000	0.0000	0.8865	0.1367	0.1082	0.7326	0.5234	0.2315	0.8024	0.8906	0.5887	0.9542	0.6671
sample30	183.2000	0.0000	0.0000	0.0000	0.2500	0.0000	0.0000	0.0000	0.0000	0.0000	0.3901	0.5270	0.3923	0.3372	0.3840	1.0000	0.6596	0.8761	0.6021	0.9323	0.4304
sample31	230.0000	0.0000	0.0000	0.0000	0.0000	0.0000	0.0000	0.0000	0.0000	0.0000	0.4894	0.3664	0.8523	0.7326	0.2280	0.5000	0.5399	0.4288	0.8701	0.1782	0.0000
sample32	159.1000	0.0000	0.0000	0.0000	0.0000	0.0000	0.0000	1.0000	0.0000	0.0000	0.3688	0.2563	0.4735	0.4070	0.2787	0.2901	0.7983	0.8460	0.3597	0.8681	0.4304
sample33	352.5250	0.0000	0.0000	0.0000	0.0000	0.0000	0.0000	0.0000	0.0000	0.0000	0.6170	0.2815	1.0000	1.0000	0.2825	0.2778	0.6924	0.3112	0.1288	0.1657	0.3572
sample34	309.2000	0.0000	0.0000	0.0000	0.0000	0.0000	0.0000	0.0000	0.0000	0.0000	0.6170	0.3320	0.9259	0.7326	0.3269	0.4599	0.7200	0.4400	0.5218	0.6281	0.3650
sample35	352.0000	0.0000	0.0000	0.0000	0.0000	0.0000	0.0000	0.0000	0.0000	0.0000	0.7730	0.0932	0.8226	0.7326	0.3776	0.3889	0.7715	0.4523	0.6101	0.6503	0.4341
sample36	213.8000	0.0000	0.0000	0.3333	0.0000	0.0000	0.0000	0.0000	0.0000	0.0000	0.5035	0.2993	0.7221	0.6395	0.3409	0.4753	0.6417	0.7035	0.4950	0.8753	0.5732
