     Index              y_true              y_pred        descriptor_1        descriptor_2
         1    0.1000000000E+00    0.3630300493E+01    0.0000000000E+00    0.0000000000E+00
         2    0.2600000000E+01    0.3630300493E+01    0.0000000000E+00    0.0000000000E+00
         3    0.4660000000E+01    0.4569869743E+01    0.4599672731E-02    0.9538461569E-02
         4    0.2280000000E+01    0.3630300493E+01    0.0000000000E+00    0.0000000000E+00
         5    0.3140000000E+01    0.4457561803E+01    0.1582766495E-01    0.1276209181E-01
         6    0.6070000000E+01    0.3630300493E+01    0.0000000000E+00    0.0000000000E+00
         7    0.4360000000E+01    0.7617429156E+01   -0.6456260484E-01    0.9324166641E-02
         8    0.2141000000E+02    0.2166629945E+02   -0.1683975754E+00    0.8799361662E-01
         9    0.1012000000E+02    0.1269745351E+02   -0.1823124317E+00    0.8054708534E-02
        10    0.4660000000E+01    0.7729952498E+01   -0.4703566344E-02    0.3244068805E-01
        11    0.1128000000E+02    0.1099559123E+02   -0.8086923938E-01    0.3144994700E-01
        12    0.6140000000E+01    0.3819546756E+01    0.1240781451E-01    0.6175160351E-02
        13    0.5980000000E+01    0.4169189900E+01    0.2621745306E-02    0.5464704936E-02
        14    0.4390000000E+01    0.5350910550E+01   -0.9548335520E-02    0.1080891674E-01
        15    0.3600000000E+01    0.5626319667E+01   -0.1724687792E-01    0.1025293554E-01
        16    0.7350000000E+01    0.6026793021E+01   -0.2774540351E-01    0.9702337417E-02
        17    0.4810000000E+01    0.7008292443E+01   -0.1546646769E-01    0.2243565084E-01
        18    0.1925000000E+02    0.2017171422E+02   -0.4143786745E+00   -0.1560652827E-01
        19    0.2305000000E+02    0.2302603909E+02   -0.4693547000E+00   -0.1217590819E-01
        20    0.2977000000E+02    0.3204763027E+02   -0.6075786101E+00    0.1183407617E-01
        21    0.3366000000E+02    0.3431298612E+02   -0.4005686000E+00    0.1074218775E+00
        22    0.2492000000E+02    0.2457385235E+02   -0.3569014400E+00    0.4239484704E-01
        23    0.2638000000E+02    0.2639486835E+02   -0.5405184000E+00   -0.1045296000E-01
        24    0.2218000000E+02    0.2261041824E+02   -0.3868813258E+00    0.1491568801E-01
        25    0.1799000000E+02    0.1907267227E+02   -0.3005698882E+00    0.1739665860E-01
        26    0.5650000000E+01    0.3828207291E+01    0.6450045895E-02    0.4039968498E-02
        27    0.2455000000E+02    0.2209020702E+02   -0.3631662664E+00    0.1936473650E-01
        28    0.1040000000E+01   -0.3517897633E+01    0.0000000000E+00   -0.5960255018E-01
        29    0.7980000000E+01    0.6487893233E+01   -0.6333164128E-01    0.3620405562E-03
        30    0.4200000000E+00    0.3630300493E+01    0.0000000000E+00    0.0000000000E+00
        31    0.2347000000E+02    0.2278208185E+02   -0.3828826800E+00    0.1782857286E-01
        32    0.1576000000E+02    0.1446697922E+02   -0.1213578863E+00    0.4539341303E-01
        33    0.2613000000E+02    0.2052565701E+02   -0.2119676315E+00    0.6233972039E-01
        34    0.1546000000E+02    0.1244085730E+02   -0.1303948800E+00    0.2515107686E-01
        35    0.2213000000E+02    0.2135568194E+02   -0.2458188378E+00    0.5671840702E-01
        36    0.9540000000E+01    0.9723439661E+01   -0.3532649351E-01    0.3771657021E-01
