Model_ID, [(c_i,i=0,n)_j,j=1,ntask]
           1    0.5570806803E+02    0.4837107508E+02   -0.1815281250E+03
           2    0.5266879170E+02   -0.4224716954E+02   -0.1387381214E+03
           3    0.5253572706E+02   -0.4263846864E+02   -0.1382339297E+03
           4    0.7890470219E+01    0.4240955047E+02   -0.6036378714E+02
           5    0.7957201909E+01    0.4226786796E+02   -0.5744394922E+02
           6    0.1193325395E+02    0.3075747337E+02    0.1939101882E+03
           7    0.1282354257E+02   -0.2960789647E+02    0.1855151395E+03
           8    0.1398327556E+02    0.2516940526E+02    0.1802261364E+03
           9    0.1322840793E+02    0.2808493047E+02    0.1927641692E+03
          10    0.5351751502E+02   -0.4155520293E+02   -0.1207089231E+03
          11    0.1334809526E+02    0.2542089464E+02   -0.1374014031E+03
          12    0.1451768190E+02    0.6371742967E+02    0.5379445295E+03
          13    0.9085115776E+01    0.3589978287E+02    0.1941510341E+03
          14    0.8656625108E+01    0.2311715182E+02    0.1967143983E+03
          15    0.9499763373E+01    0.3562703707E+02    0.1917688688E+03
          16    0.1277501713E+02   -0.2961700259E+02    0.1861574931E+03
          17    0.5104856784E+02   -0.4194541802E+02   -0.1475572104E+03
          18    0.1280206425E+02    0.2956938305E+02    0.1859491340E+03
          19    0.1275871032E+02   -0.2962591612E+02    0.1861434638E+03
          20    0.1275268506E+02    0.2963476880E+02    0.1861648231E+03
          21    0.1311057756E+02    0.5327896686E+02    0.1982985292E+03
          22    0.1248429555E+02   -0.3011801602E+02    0.1827660042E+03
          23    0.1290310701E+02   -0.2931786667E+02    0.1863979154E+03
          24    0.1274158878E+02    0.2963755654E+02    0.1863137781E+03
          25    0.1441281146E+02   -0.5924290378E+02   -0.2213755814E+03
          26    0.1292680782E+02   -0.2924656684E+02    0.1866170723E+03
          27    0.1299514119E+02   -0.2917881898E+02    0.1861537453E+03
          28    0.1269043252E+02   -0.2974064993E+02    0.1862991626E+03
          29    0.1316159063E+02    0.5331468614E+02    0.1974842955E+03
          30    0.1290251402E+02   -0.2927753131E+02    0.1867528021E+03
          31    0.1271554164E+02    0.2966669223E+02    0.1865198086E+03
          32    0.5336949094E+02   -0.4189746926E+02   -0.1197959071E+03
          33    0.1413757703E+02    0.4635830609E+02   -0.1525165842E+03
          34    0.1294042588E+02   -0.2919158806E+02    0.1868956583E+03
          35    0.1430900886E+02   -0.5971078189E+02   -0.2203649593E+03
          36    0.1677093781E+02    0.5552718147E+02    0.2184295631E+03
          37    0.1414336178E+02    0.5254696083E+02   -0.5943501786E+02
          38    0.1219291667E+02    0.1511264806E+02    0.1821382357E+03
          39    0.1286963132E+02   -0.2990635842E+02    0.1869235743E+03
          40    0.1255462376E+02   -0.3014097711E+02    0.1853620255E+03
          41    0.1936513396E+02    0.5161889814E+02   -0.1149452527E+03
          42    0.1257225829E+02   -0.3013114803E+02    0.1851888045E+03
          43    0.1256902358E+02   -0.3002070169E+02    0.1860568162E+03
          44    0.1132437599E+02    0.6459393225E+02   -0.7992569851E+02
          45    0.1319477663E+02   -0.2885821159E+02    0.1863513381E+03
          46    0.1398889559E+02    0.2710473941E+02   -0.1436946980E+03
          47    0.1253410802E+02   -0.2952191327E+02    0.1833906329E+03
          48    0.1199269290E+02   -0.2976212803E+02    0.1924390476E+03
          49    0.1387716469E+02    0.4658475539E+02   -0.1508803940E+03
          50    0.1251956293E+02   -0.3019154866E+02    0.1855259023E+03
          51    0.1215081935E+02    0.2858642386E+02    0.1826792612E+03
          52    0.1319247779E+02   -0.2873414213E+02    0.1868166186E+03
          53    0.1366729809E+02   -0.2889131685E+02    0.1789806728E+03
          54    0.1030704531E+02    0.3500866454E+02    0.1896172610E+03
          55    0.1613520089E+02    0.5945012603E+02    0.2497162297E+03
          56    0.9505656327E+01   -0.1782996995E+02    0.1864024443E+03
          57    0.1296851240E+02   -0.3002005364E+02    0.1864414546E+03
          58    0.9405528079E+01   -0.3605827856E+02    0.1906755753E+03
          59    0.1548179366E+02   -0.3391477880E+02    0.1884968298E+03
          60    0.7895490545E+01    0.1841690197E+02    0.1874316018E+03
          61    0.1212441935E+02    0.3064756098E+02    0.1865176093E+03
          62    0.1190334304E+02    0.3077519124E+02    0.1878488788E+03
          63    0.1022128460E+02   -0.3475501022E+02    0.1896236305E+03
          64    0.1272884228E+02   -0.2937501586E+02    0.1860773972E+03
          65    0.1418290497E+02    0.6021729039E+02   -0.2193102314E+03
          66    0.1041574239E+02   -0.3446343785E+02    0.1893689708E+03
          67    0.1309718910E+02    0.2887691337E+02    0.1871530971E+03
          68    0.9140982257E+01   -0.3596610874E+02    0.1815424190E+03
          69    0.1327201794E+02   -0.2894177380E+02    0.1881915121E+03
          70    0.1020804430E+02    0.3475878321E+02    0.1897985309E+03
          71    0.1001998422E+02    0.3522901581E+02    0.1890467563E+03
          72    0.1464904308E+02    0.5827368261E+02   -0.2232658341E+03
          73    0.1773263384E+02   -0.6340005806E+02    0.3393891767E+03
          74    0.1766857722E+02    0.4528450650E+02   -0.1556511544E+03
          75    0.9978661723E+01    0.3528374816E+02    0.1892407945E+03
          76    0.1000437506E+02   -0.3519383024E+02    0.1895335272E+03
          77    0.5091373248E+02   -0.4223758145E+02   -0.1457744673E+03
          78    0.9754563495E+01    0.1752983963E+02    0.1874171534E+03
          79    0.1659406029E+02    0.2204079736E+02   -0.1593187180E+03
          80    0.1250971323E+02   -0.3044680487E+02    0.1842320210E+03
          81    0.1272686194E+02    0.3024911361E+02    0.1849289354E+03
          82    0.1016229736E+02    0.3482694385E+02    0.1899986893E+03
          83    0.1377042070E+02    0.4941044779E+02    0.1667908623E+03
          84    0.1868894727E+02    0.4171713712E+02   -0.1548036574E+03
          85    0.1307630018E+02   -0.2891064784E+02    0.1872705240E+03
          86    0.1001064406E+02   -0.3515372998E+02    0.1897856287E+03
          87    0.1001114705E+02   -0.3519304135E+02    0.1880651463E+03
          88    0.1218014207E+02   -0.3004063931E+02    0.1806479033E+03
          89    0.8195153055E+01    0.1808850093E+02    0.1884159783E+03
          90    0.1596218951E+02    0.6060181026E+02   -0.9763098434E+02
          91    0.1346587653E+02    0.5320975296E+02   -0.5831270759E+02
          92    0.1509479213E+02    0.5311700521E+02   -0.6259702307E+02
          93    0.1247404577E+02   -0.3039004785E+02    0.1848438981E+03
          94    0.1246061691E+02   -0.3037822111E+02    0.1851225467E+03
          95    0.1193719747E+02    0.3315411740E+02   -0.1531744475E+03
          96    0.1390309075E+02    0.5276956001E+02   -0.5880804148E+02
          97    0.1729906196E+02    0.5325880483E+02    0.2249130740E+03
          98    0.9935963215E+01   -0.3532303556E+02    0.1896507067E+03
          99    0.1378061292E+02    0.6033330502E+02   -0.2214577353E+03
         100    0.1488457635E+02    0.2878639258E+02    0.1737464748E+03
