Model_ID, [(c_i,i=0,n)_j,j=1,ntask]
           1    0.2834791592E+02   -0.2585031708E+02    0.2225779381E+03
           2    0.2699788733E+02    0.2544963196E+02    0.2235563906E+03
           3    0.2689220271E+02    0.9669734979E+01    0.2157987055E+03
           4    0.2809096373E+02   -0.2545581359E+02    0.5028505070E+03
           5    0.2809067718E+02    0.1008108992E+02    0.1339442755E+03
           6    0.1960426926E+02    0.1526471344E+02    0.2132490182E+03
           7    0.2109281177E+02   -0.2242576826E+02    0.2222979250E+03
           8    0.2933544359E+02   -0.1583135872E+02    0.2227454762E+03
           9    0.2027860451E+02    0.1097626576E+02    0.2153815669E+03
          10    0.2044325305E+02    0.1524633828E+02    0.2222073601E+03
          11    0.2525355193E+02    0.9132414989E+01    0.2156740519E+03
          12    0.2328489875E+02   -0.1148434228E+02    0.4993167952E+03
          13    0.2031149188E+02    0.1526138154E+02    0.2125418693E+03
          14    0.1982222048E+02    0.1538889130E+02    0.2062493594E+03
          15    0.2890236085E+02    0.2962879928E+02    0.2088032262E+03
          16    0.2994532560E+02    0.2949791490E+02    0.1275282559E+03
          17    0.2977969933E+02    0.3122689464E+02    0.2132248404E+03
          18    0.1723721588E+02    0.1524701315E+02    0.2220151841E+03
          19    0.2134775893E+02    0.2212404915E+02    0.2161889606E+03
          20    0.2033389514E+02    0.1524625914E+02    0.2113371540E+03
          21    0.2954967745E+02   -0.9744703186E+01    0.2053219878E+03
          22    0.2882589006E+02    0.2643502196E+02    0.5014784485E+03
          23    0.2034021603E+02    0.1096901527E+02    0.2126427861E+03
          24    0.2671708246E+02    0.2497498743E+02    0.5005385418E+03
          25    0.2868707291E+02    0.2826799750E+02    0.2040475954E+03
          26    0.2961171915E+02   -0.1368345184E+02    0.2197192120E+03
          27    0.2903762916E+02   -0.1556331715E+02    0.5010741762E+03
          28    0.2426895600E+02    0.1320314819E+02    0.2213042046E+03
          29    0.1591768724E+02    0.9117499673E+01    0.2175425133E+03
          30    0.2876566666E+02   -0.1585544090E+02    0.2175937959E+03
          31    0.2819269381E+02    0.2648118261E+02    0.1377225908E+03
          32    0.2343253889E+02   -0.1162033919E+02    0.2188567124E+03
          33    0.2929372099E+02   -0.9606282172E+01    0.4642328897E+03
          34    0.2881679286E+02   -0.1587685943E+02    0.2163312921E+03
          35    0.2278665763E+02   -0.1161942416E+02    0.2120360617E+03
          36    0.2063459825E+02    0.1530008577E+02    0.2153119881E+03
          37    0.2146152245E+02   -0.2217361781E+02    0.2122023263E+03
          38    0.2092850799E+02   -0.2202687730E+02    0.4988475268E+03
          39    0.2788502081E+02   -0.1395266448E+02    0.2213128744E+03
          40    0.2262469327E+02   -0.1145319207E+02    0.4798597140E+03
          41    0.2927406650E+02   -0.1611571997E+02    0.2151640828E+03
          42    0.2115156496E+02    0.2187865574E+02    0.2207132958E+03
          43    0.3074267032E+02    0.3071942390E+02    0.1342088744E+03
          44    0.2406836051E+02    0.1299395821E+02    0.4993027001E+03
          45    0.3110897157E+02   -0.1010896024E+02    0.4681618060E+03
          46    0.2660409610E+02    0.9481354499E+01    0.4809153503E+03
          47    0.2012909364E+02    0.1077935637E+02    0.4822810688E+03
          48    0.2148515364E+02   -0.2215647192E+02    0.2109707648E+03
          49    0.2702009760E+02    0.2726151989E+02    0.2006968363E+03
          50    0.2112047750E+02   -0.2180679460E+02    0.2212659016E+03
          51    0.2112083948E+02   -0.2183204522E+02    0.2213015808E+03
          52    0.2112073426E+02   -0.2185602933E+02    0.2213372818E+03
          53    0.2841892200E+02    0.2496184622E+02    0.2119879945E+03
          54    0.2755624947E+02   -0.2776588103E+02    0.2177323294E+03
          55    0.1960948588E+02   -0.1087167226E+02    0.2090469038E+03
          56    0.2118265011E+02    0.2173844263E+02    0.4850115092E+03
          57    0.2442378644E+02    0.1323456423E+02    0.2159608583E+03
          58    0.2270532884E+02   -0.1106350112E+02    0.4831746288E+03
          59    0.2922835203E+02   -0.1490379166E+02    0.2090074688E+03
          60    0.3048293759E+02   -0.9914889967E+01    0.4944759052E+03
          61    0.2901838189E+02   -0.1480861226E+02    0.2135931525E+03
          62    0.2918351015E+02   -0.7406641801E+01    0.2138423471E+03
          63    0.2701243949E+02    0.2532444213E+02    0.2134252646E+03
          64    0.1748264042E+02   -0.1536834789E+02    0.2209728900E+03
          65    0.2117769302E+02    0.2191073222E+02    0.2201851961E+03
          66    0.1594564526E+02    0.1618441251E+02    0.2124442239E+03
          67    0.2679166008E+02    0.2496585403E+02    0.4834047484E+03
          68    0.1562098128E+02   -0.1623988607E+02    0.2197949774E+03
          69    0.2614667840E+02   -0.1401126950E+02    0.4804587753E+03
          70    0.1584762204E+02    0.8961711000E+01    0.4887494809E+03
          71    0.1904916323E+02    0.7749610599E+01    0.2195984838E+03
          72    0.2761733923E+02   -0.1372182175E+02    0.4984092750E+03
          73    0.2606116548E+02   -0.2310680400E+02    0.4833727854E+03
          74    0.5020760042E+01    0.2866884313E+02    0.1425566261E+03
          75    0.2970288146E+02   -0.1474527426E+02    0.4914851957E+03
          76    0.2929807636E+02   -0.1344160759E+02    0.4930508359E+03
          77    0.2809666500E+02   -0.2810585283E+02    0.2173022520E+03
          78    0.2115604179E+02    0.1139173590E+02    0.1318733763E+03
          79    0.1536555616E+02    0.1668128993E+02    0.2205170737E+03
          80    0.2371978280E+02   -0.2178846392E+02    0.4891411777E+03
          81    0.1617041130E+02    0.1627731390E+02    0.2189606558E+03
          82    0.2422902993E+02    0.1303425169E+02    0.4879188453E+03
          83    0.2634779132E+02   -0.1420090420E+02    0.2116413697E+03
          84    0.1586202506E+02    0.1609560579E+02    0.2153746211E+03
          85    0.3001230919E+02   -0.1486488678E+02    0.2177629270E+03
          86    0.2019268345E+02    0.1077674344E+02    0.4764947130E+03
          87    0.1541138317E+02    0.1625078771E+02    0.2197175288E+03
          88    0.2129948899E+02   -0.2180004750E+02    0.4765057002E+03
          89    0.3134028918E+02   -0.1022462542E+02    0.2050043286E+03
          90    0.2698251345E+02   -0.2821383819E+02    0.2197863234E+03
          91    0.5109795504E+01    0.2942667311E+02    0.6191697740E+02
          92    0.2898041370E+02   -0.1584479672E+02    0.4835885676E+03
          93    0.2058072509E+02   -0.1108691107E+02    0.2197304437E+03
          94    0.1967875925E+02   -0.1087809281E+02    0.2063209185E+03
          95    0.3179126919E+02   -0.2765774286E+02    0.4754550764E+03
          96    0.2586929956E+02   -0.2640052903E+02    0.2182543118E+03
          97    0.2900894733E+02    0.2669457156E+02    0.2185707878E+03
          98    0.2795186302E+02    0.9768613310E+01    0.2052162976E+03
          99    0.1667034596E+02   -0.1644275221E+02    0.2137048902E+03
         100    0.2973513288E+02   -0.1464220382E+02    0.4923886047E+03
