     Index              y_true              y_pred        descriptor_1        descriptor_2
         1    0.9070000000E+02    0.5896323122E+02   -0.9783000000E+00    0.1000000000E+01
         2    0.2566500000E+03    0.2059451138E+03   -0.5275670400E+00    0.6446000000E+00
         3    0.5132000000E+03    0.4705536975E+03    0.3682904400E+00    0.1968639200E+00
         4    0.2490000000E+03    0.2537949605E+03   -0.2777695800E+00    0.7634220100E+00
         5    0.9034100000E+02    0.6979491933E+02   -0.1283677260E+01    0.2033216800E+00
         6    0.1588000000E+03    0.1708009812E+03   -0.9158216700E+00    0.9132642000E-01
         7    0.3387000000E+03    0.3717381493E+03    0.9982754000E-01    0.5144500200E+00
         8    0.1743000000E+03    0.1924959551E+03   -0.7660278000E+00    0.2283406000E+00
         9    0.3945000000E+03    0.3902395338E+03    0.1216392100E+00    0.3902415000E+00
        10    0.3010000000E+03    0.2924400064E+03   -0.1481970000E+00    0.6951558600E+00
        11    0.2990000000E+03    0.2841707787E+03   -0.4669827600E+00    0.4744121000E-01
        12    0.3260000000E+03    0.3290302376E+03   -0.2791795200E+00    0.5329031000E-01
        13    0.3275000000E+03    0.3311426819E+03   -0.2631257600E+00    0.6997260000E-01
        14    0.2480000000E+03    0.2640066631E+03   -0.5327368200E+00    0.8727982000E-01
        15    0.2396000000E+03    0.2552458176E+03   -0.5899041200E+00    0.3951101000E-01
        16    0.2401500000E+03    0.2488188487E+03   -0.5892216000E+00    0.1014530000E+00
        17    0.2466500000E+03    0.2502232925E+03   -0.6280517800E+00   -0.1035000000E-03
        18    0.2530000000E+03    0.2516152191E+03   -0.6008477500E+00    0.4872192000E-01
        19    0.2886400000E+03    0.2909063870E+03   -0.4236960500E+00    0.8265348000E-01
        20    0.2744000000E+03    0.2637074695E+03   -0.5579085600E+00    0.3281148000E-01
        21    0.2720000000E+03    0.2662470361E+03   -0.5572710600E+00    0.1039995000E-01
        22    0.4780000000E+03    0.4416921164E+03    0.2568018600E+00    0.2143540800E+00
        23    0.4097000000E+03    0.4074145183E+03    0.9234638000E-01    0.1622050900E+00
        24    0.4920000000E+03    0.4544010234E+03    0.2061141000E+00   -0.2040360000E-01
        25    0.4460000000E+03    0.4184960546E+03    0.3077274000E+00    0.5481919100E+00
        26    0.3380000000E+03    0.3775320076E+03    0.2579782400E+00    0.8198901600E+00
        27    0.3860000000E+03    0.4104958315E+03    0.2744976000E+00    0.5477472000E+00
        28    0.4380000000E+03    0.4500936355E+03    0.2329031200E+00    0.8102916000E-01
        29    0.3450000000E+03    0.3508724867E+03   -0.2102055500E+00    0.5010750000E-02
        30    0.3990000000E+03    0.3956974880E+03    0.3541384500E+00    0.8680218500E+00
        31    0.2561000000E+03    0.2755834930E+03   -0.5153437600E+00    0.1808080000E-01
        32    0.2680300000E+03    0.3348393678E+03   -0.5486025000E-01    0.5091570000E+00
        33    0.4680000000E+03    0.4767592483E+03    0.3193863400E+00    0.2727168000E-01
        34    0.3891500000E+03    0.3775837643E+03    0.1945495600E+00    0.6750685600E+00
        35    0.4240000000E+03    0.3871436342E+03    0.5975068000E-01    0.2785005000E+00
        36    0.2561000000E+03    0.3047253506E+03   -0.2372139000E+00    0.3771580800E+00
