      rank       #data_overlap        size_overlap          feature_ID
         1                   5             0.14746   (       1)
         2                   6             0.14143   (       2)
         3                   6             0.14143   (       3)
         4                   6             0.14143   (       4)
         5                   6             0.14746   (       5)
         6                   6             0.14746   (       6)
         7                   6             0.14746   (       7)
         8                   6             0.14746   (       8)
         9                   6             0.14746   (       9)
        10                   6             0.14746   (      10)
        11                   6             0.17547   (      11)
        12                   7             0.17659   (      12)
        13                   7             0.27199   (      13)
        14                   7             0.55927   (      14)
        15                   7             0.61309   (      15)
        16                   8             0.26600   (      16)
        17                   8             0.29623   (      17)
        18                   8             0.33871   (      18)
        19                   8             0.46172   (      19)
        20                   9             0.24452   (      20)
        21                   9             0.28173   (      21)
        22                   9             0.34435   (      22)
        23                   9             0.48119   (      23)
        24                   9             0.54078   (      24)
        25                   9             0.57008   (      25)
        26                   9             0.63098   (      26)
        27                   9             0.65205   (      27)
        28                   9             0.65216   (      28)
        29                  10             0.19002   (      29)
        30                  10             0.22804   (      30)
        31                  10             0.24350   (      31)
        32                  10             0.24452   (      32)
        33                  10             0.24452   (      33)
        34                  10             0.24452   (      34)
        35                  10             0.24452   (      35)
        36                  10             0.28712   (      36)
        37                  10             0.29652   (      37)
        38                  10             0.32114   (      38)
        39                  10             0.34435   (      39)
        40                  10             0.34435   (      40)
        41                  10             0.34435   (      41)
        42                  10             0.34577   (      42)
        43                  10             0.36545   (      43)
        44                  10             0.36787   (      44)
        45                  10             0.39592   (      45)
        46                  10             0.39592   (      46)
        47                  10             0.39592   (      47)
        48                  10             0.39592   (      48)
        49                  10             0.39592   (      49)
        50                  10             0.39592   (      50)
        51                  10             0.39592   (      51)
        52                  10             0.39592   (      52)
        53                  10             0.39592   (      53)
        54                  10             0.39592   (      54)
        55                  10             0.39592   (      55)
        56                  10             0.44862   (      56)
        57                  10             0.47161   (      57)
        58                  10             0.47161   (      58)
        59                  10             0.47161   (      59)
        60                  10             0.48921   (      60)
        61                  10             0.49306   (      61)
        62                  10             0.50862   (      62)
        63                  10             0.50862   (      63)
        64                  10             0.50862   (      64)
        65                  10             0.50862   (      65)
        66                  10             0.50862   (      66)
        67                  10             0.57207   (      67)
        68                  10             0.59015   (      68)
        69                  10             0.59388   (      69)
        70                  10             0.65990   (      70)
        71                  10             0.69856   (      71)
        72                  10             0.79135   (      72)
        73                  10             0.81016   (      73)
        74                  10             0.82214   (      74)
        75                  10             0.98425   (      75)
        76                  10             1.00000   (      76)
        77                  10             1.00000   (      77)
        78                  10             1.00000   (      78)
        79                  10             1.00000   (      79)
        80                  10             1.00000   (      80)
        81                  10             1.00000   (      81)
        82                  11             0.18179   (      82)
        83                  11             0.22059   (      83)
        84                  11             0.22059   (      84)
        85                  11             0.22059   (      85)
        86                  11             0.23960   (      86)
        87                  11             0.25899   (      87)
        88                  11             0.26449   (      88)
        89                  11             0.32610   (      89)
        90                  11             0.32610   (      90)
        91                  11             0.32610   (      91)
        92                  11             0.32610   (      92)
        93                  11             0.32610   (      93)
        94                  11             0.32610   (      94)
        95                  11             0.32610   (      95)
        96                  11             0.32610   (      96)
        97                  11             0.32610   (      97)
        98                  11             0.32610   (      98)
        99                  11             0.32610   (      99)
       100                  11             0.32610   (     100)
