      rank       #data_overlap        size_overlap          feature_ID
         1                   0            -0.11444   (      17     520)
         2                   0            -0.07182   (      57      74)
         3                   0            -0.07182   (      58      73)
         4                   0            -0.07182   (      59      74)
         5                   0            -0.05106   (     173     193)
         6                   0            -0.04990   (      17     195)
         7                   0            -0.04945   (      74     876)
         8                   0            -0.04456   (      17     589)
         9                   0            -0.03743   (      17      27)
        10                   0            -0.03635   (      13    1151)
        11                   0            -0.03343   (      14    1988)
        12                   0            -0.03343   (      14    1969)
        13                   0            -0.03343   (      14    1978)
        14                   0            -0.03343   (      14    1998)
        15                   0            -0.03155   (      18     539)
        16                   0            -0.02633   (      59     167)
        17                   0            -0.02633   (      57     167)
        18                   0            -0.02633   (      58     166)
        19                   0            -0.02633   (      58     168)
        20                   0            -0.02485   (     193     942)
        21                   0            -0.02457   (      27     461)
        22                   0            -0.02457   (      27     535)
        23                   0            -0.02457   (      27     536)
        24                   0            -0.02457   (      27     537)
        25                   0            -0.02457   (      27     538)
        26                   0            -0.02457   (      27     126)
        27                   0            -0.02457   (      27     462)
        28                   0            -0.02457   (      27     539)
        29                   0            -0.02198   (      14    1910)
        30                   0            -0.02198   (      14    1916)
        31                   0            -0.02198   (      14    1936)
        32                   0            -0.02198   (      14    1927)
        33                   0            -0.02198   (      14    1929)
        34                   0            -0.02151   (      14     876)
        35                   0            -0.02071   (      18     166)
        36                   0            -0.02071   (      18     168)
        37                   0            -0.01907   (     160     166)
        38                   0            -0.01907   (     160     168)
        39                   0            -0.01734   (      14      57)
        40                   0            -0.01734   (      14      59)
        41                   0            -0.01696   (      61    1845)
        42                   0            -0.01652   (      57     262)
        43                   0            -0.01652   (      59     262)
        44                   0            -0.01582   (      17      56)
        45                   0            -0.01473   (      61     196)
        46                   0            -0.01355   (      17      24)
        47                   0            -0.01325   (      13    1972)
        48                   0            -0.01325   (      13    1977)
        49                   0            -0.01325   (      13    1981)
        50                   0            -0.01325   (     566    1969)
        51                   0            -0.01325   (     566    1978)
        52                   0            -0.01325   (     566    1988)
        53                   0            -0.01325   (     566    1998)
        54                   0            -0.01252   (       1    1773)
        55                   0            -0.01215   (       1    1945)
        56                   0            -0.01215   (       1    1946)
        57                   0            -0.00885   (       1    1820)
        58                   0            -0.00878   (     177     942)
        59                   0            -0.00780   (      61     193)
        60                   0            -0.00777   (     486     520)
        61                   0            -0.00752   (       1    1148)
        62                   0            -0.00634   (      57     566)
        63                   0            -0.00634   (      59     566)
        64                   0            -0.00355   (     196     534)
        65                   0            -0.00344   (      17      18)
        66                   0            -0.00307   (      57     260)
        67                   0            -0.00307   (      59     293)
        68                   0            -0.00307   (      57     293)
        69                   0            -0.00307   (      59     260)
        70                   1             0.00000   (      57     444)
        71                   1             0.00000   (      87     103)
        72                   1             0.00000   (      44      94)
        73                   1             0.00000   (      44      98)
        74                   1             0.00000   (      44     102)
        75                   1             0.00000   (      88     103)
        76                   1             0.00000   (      57      93)
        77                   1             0.00000   (      58      92)
        78                   1             0.00000   (      58      96)
        79                   1             0.00000   (      57     105)
        80                   1             0.00000   (      57     101)
        81                   1             0.00000   (      58     100)
        82                   1             0.00000   (       2    1847)
        83                   1             0.00001   (      94    1151)
        84                   1             0.00001   (      98    1151)
        85                   1             0.00001   (     102    1151)
        86                   1             0.00001   (      44     103)
        87                   1             0.00001   (      58     431)
        88                   1             0.00001   (      58     408)
        89                   1             0.00001   (      57     103)
        90                   1             0.00001   (      58     405)
        91                   1             0.00001   (      58     409)
        92                   1             0.00001   (      58     426)
        93                   1             0.00001   (      58     406)
        94                   1             0.00001   (      58     407)
        95                   1             0.00001   (      57     410)
        96                   1             0.00001   (      57     412)
        97                   1             0.00001   (      57     413)
        98                   1             0.00001   (      57     414)
        99                   1             0.00001   (      57     415)
       100                   1             0.00001   (      58     103)
