Model_ID, [(c_i,i=0,n)_j,j=1,ntask]
           1    0.2612009606E+03    0.1120613261E+03
           2    0.2117063138E+03   -0.9204164852E+02
           3    0.2323391971E+03    0.1585318648E+03
           4    0.2141248772E+03    0.1718616386E+03
           5    0.1413111407E+03   -0.1099091984E+03
           6    0.2145036179E+03   -0.8915785047E+02
           7    0.1725161346E+03   -0.7572712093E+02
           8    0.2736304994E+03    0.1317806191E+03
           9    0.2080395548E+03   -0.8554706957E+02
          10    0.2557909574E+03    0.1104600478E+03
          11    0.2704320370E+03   -0.2147456083E+03
          12    0.2549001676E+03    0.1898892903E+03
          13    0.1617432479E+03   -0.1273422462E+03
          14    0.2740959664E+03    0.1441563995E+03
          15    0.2118940573E+03    0.1829326286E+03
          16    0.2612501804E+03    0.2639092457E+03
          17    0.2159210308E+03   -0.8315455175E+02
          18    0.1776689301E+03    0.7110530759E+02
          19    0.2119813744E+03   -0.8896784116E+02
          20    0.1242437166E+03    0.7986330313E+02
          21    0.2070462179E+03   -0.9358910652E+02
          22    0.2768064329E+03    0.2165509769E+03
          23    0.2771327226E+03   -0.2170646898E+03
          24    0.2766949091E+03    0.2163506742E+03
          25    0.2136981775E+03    0.1503906696E+03
          26    0.2766688481E+03   -0.2163021413E+03
          27    0.1414656573E+03   -0.1372441306E+03
          28    0.1726734558E+03   -0.1084026282E+03
          29    0.2765024382E+03    0.2159772952E+03
          30    0.2098169686E+03   -0.9325063644E+02
          31    0.2481249807E+03   -0.1868049878E+03
          32    0.2764346404E+03   -0.2158377290E+03
          33    0.2727995964E+03    0.2176342468E+03
          34    0.2722044332E+03   -0.2191768737E+03
          35    0.2696590573E+03    0.2621664394E+03
          36    0.2614974373E+03    0.1986320110E+03
          37    0.2775828899E+03    0.2175769920E+03
          38    0.2757310794E+03    0.1226186592E+03
          39    0.2535961254E+03    0.1894453095E+03
          40    0.2762178213E+03    0.2153645276E+03
          41    0.2723840715E+03   -0.2142976807E+03
          42    0.2761854851E+03   -0.2152905493E+03
          43    0.2499708276E+03   -0.1898539322E+03
          44    0.2822885950E+03   -0.1141010985E+03
          45    0.2480079189E+03   -0.1863892815E+03
          46    0.2630325957E+03   -0.2668455254E+03
          47    0.2301112913E+03   -0.1578668572E+03
          48    0.1128445285E+03    0.8681996990E+02
          49    0.2133645682E+03    0.1492469399E+03
          50    0.2280992801E+03   -0.1609601779E+03
          51    0.2133402837E+03    0.1491102376E+03
          52    0.2756519524E+03    0.1339057213E+03
          53    0.1212630959E+03   -0.9785998737E+02
          54    0.2761326403E+03    0.2123824764E+03
          55    0.1156761827E+03   -0.8501955003E+02
          56    0.2143390050E+03    0.1511107907E+03
          57    0.2778852993E+03    0.2177741016E+03
          58    0.2696996983E+03    0.1217271903E+03
          59    0.2434717716E+03    0.1622172020E+03
          60    0.2790039836E+03    0.2163065535E+03
          61    0.2278950119E+03    0.1613099219E+03
          62    0.2278937297E+03   -0.1613120655E+03
          63    0.2714721407E+03   -0.2166009794E+03
          64    0.2799052564E+03    0.1525527732E+03
          65    0.2763659916E+03    0.2116883278E+03
          66    0.2195392128E+03   -0.9449507288E+02
          67    0.2012807512E+03    0.1546590715E+03
          68    0.2133021756E+03    0.1488672279E+03
          69    0.2707616527E+03    0.2317998670E+03
          70    0.2761298577E+03    0.2135729561E+03
          71    0.2183242404E+03   -0.8081873824E+02
          72    0.2501662921E+03    0.1898444966E+03
          73    0.2277814314E+03    0.1614972251E+03
          74    0.1663192463E+03   -0.8141993261E+02
          75    0.2120824946E+03    0.8521599528E+02
          76    0.2216653568E+03   -0.1615797150E+03
          77    0.2715380083E+03    0.2653457165E+03
          78    0.2144828482E+03   -0.1511516046E+03
          79    0.2295789048E+03    0.1564877363E+03
          80    0.2877590254E+03   -0.2656789733E+03
          81    0.2264774484E+03    0.1719348597E+03
          82    0.2265321076E+03    0.1720444315E+03
          83    0.2683950787E+03    0.2172377680E+03
          84    0.2682723961E+03    0.2170261555E+03
          85    0.2682630774E+03    0.2170093082E+03
          86    0.2457620460E+03    0.1182917033E+03
          87    0.2682390931E+03    0.2169654500E+03
          88    0.2263874893E+03    0.1717318188E+03
          89    0.2684603720E+03    0.2173425585E+03
          90    0.2684840514E+03    0.2173791962E+03
          91    0.1793112219E+03   -0.6951741476E+02
          92    0.2685437534E+03   -0.2174683056E+03
          93    0.2685686177E+03    0.2175040269E+03
          94    0.2756068944E+03    0.2138277686E+03
          95    0.2680864779E+03    0.2166698288E+03
          96    0.2307706885E+03   -0.1585290569E+03
          97    0.1970211503E+03    0.1546262360E+03
          98    0.2680245584E+03    0.2165418657E+03
          99    0.2686696242E+03    0.2176406089E+03
         100    0.3067155572E+03    0.1582035780E+03
