     Index              y_true              y_pred        descriptor_1
         1    0.1000000000E+00    0.2005629872E+01    0.0000000000E+00
         2    0.2600000000E+01    0.2005629872E+01    0.0000000000E+00
         3    0.4090000000E+02    0.2421114367E+02    0.7065927000E+00
         4    0.4660000000E+01    0.7469674165E+01    0.1738691500E+00
         5    0.6650000000E+01    0.8393447225E+01    0.2032641600E+00
         6    0.1316000000E+02    0.1494339164E+02    0.4116873000E+00
         7    0.3140000000E+01    0.3546533721E+01    0.4903248000E-01
         8    0.2309000000E+02    0.1770967760E+02    0.4997121700E+00
         9    0.4360000000E+01    0.3616013248E+01    0.5124336000E-01
        10    0.1337000000E+02    0.1367214679E+02    0.3712355300E+00
        11    0.1012000000E+02    0.1691730183E+02    0.4744983000E+00
        12    0.4660000000E+01    0.7743544265E+01    0.1825838600E+00
        13    0.1128000000E+02    0.1140984855E+02    0.2992478500E+00
        14    0.6140000000E+01    0.4315384168E+01    0.7349776000E-01
        15    0.5980000000E+01    0.4795946494E+01    0.8878954000E-01
        16    0.6970000000E+01    0.4928621253E+01    0.9301133000E-01
        17    0.4390000000E+01    0.5537912781E+01    0.1123993500E+00
        18    0.3600000000E+01    0.4187102790E+01    0.6941577000E-01
        19    0.7350000000E+01    0.3127071757E+01    0.3568495000E-01
        20    0.4060000000E+01    0.3150154920E+01    0.3641947000E-01
        21    0.1002000000E+02    0.1611080721E+02    0.4488351600E+00
        22    0.1925000000E+02    0.2480063922E+02    0.7253508000E+00
        23    0.2492000000E+02    0.2904688077E+02    0.8604687400E+00
        24    0.2638000000E+02    0.2734529797E+02    0.8063233600E+00
        25    0.2218000000E+02    0.2538221348E+02    0.7438568400E+00
        26    0.1799000000E+02    0.2513201987E+02    0.7358955300E+00
        27    0.1262000000E+02    0.1692063583E+02    0.4746043900E+00
        28    0.5650000000E+01    0.4435970215E+01    0.7733488000E-01
        29    0.2455000000E+02    0.2588209757E+02    0.7597634500E+00
        30    0.7980000000E+01    0.3511870009E+01    0.4792946000E-01
        31    0.4200000000E+00    0.7765072145E+01    0.1832688900E+00
        32    0.3850000000E+02    0.2609513914E+02    0.7665425600E+00
        33    0.2347000000E+02    0.2428251694E+02    0.7088638400E+00
        34    0.2613000000E+02    0.1649983606E+02    0.4612142900E+00
        35    0.2213000000E+02    0.2222785183E+02    0.6434831700E+00
        36    0.9540000000E+01    0.9184975121E+01    0.2284510500E+00
