        Rank        RMSE       MaxAE  Feature_ID
           1    9.670626   23.547242  (       1)
           2    9.762207   23.265525  (       2)
           3    9.787079   23.230347  (       3)
           4    9.847467   28.600553  (       4)
           5    9.870973   28.647487  (       5)
           6    9.999515   26.993810  (       6)
           7   10.103183   29.366100  (       7)
           8   10.116293   29.311484  (       8)
           9   10.118094   22.605673  (       9)
          10   10.136157   26.042205  (      10)
          11   10.148618   29.129160  (      11)
          12   10.158850   26.111049  (      12)
          13   10.169942   24.514559  (      13)
          14   10.179082   25.959954  (      14)
          15   10.187319   26.380829  (      15)
          16   10.188167   22.474051  (      16)
          17   10.189964   25.668471  (      17)
          18   10.200700   24.063456  (      18)
          19   10.201834   25.693339  (      19)
          20   10.209149   25.331816  (      20)
          21   10.212843   22.401003  (      21)
          22   10.215629   23.364582  (      22)
          23   10.215741   24.696221  (      23)
          24   10.223865   25.798084  (      24)
          25   10.229276   25.859072  (      25)
          26   10.234796   22.985116  (      26)
          27   10.242007   24.221023  (      27)
          28   10.245907   25.193895  (      28)
          29   10.246452   25.889196  (      29)
          30   10.246618   25.997604  (      30)
          31   10.248065   27.874681  (      31)
          32   10.248361   25.905432  (      32)
          33   10.250277   28.480081  (      33)
          34   10.250418   27.854685  (      34)
          35   10.254193   25.684340  (      35)
          36   10.265124   27.344099  (      36)
          37   10.268469   29.516746  (      37)
          38   10.273766   24.934124  (      38)
          39   10.274366   25.756568  (      39)
          40   10.274375   24.363138  (      40)
          41   10.275324   29.311982  (      41)
          42   10.277778   28.205635  (      42)
          43   10.279387   28.638664  (      43)
          44   10.280035   24.631084  (      44)
          45   10.282728   22.573729  (      45)
          46   10.283827   26.054672  (      46)
          47   10.284521   25.094220  (      47)
          48   10.287181   24.393535  (      48)
          49   10.287352   22.717582  (      49)
          50   10.292504   27.502069  (      50)
          51   10.295046   24.382388  (      51)
          52   10.297808   25.665972  (      52)
          53   10.302915   27.786231  (      53)
          54   10.303320   27.784700  (      54)
          55   10.309736   24.166616  (      55)
          56   10.310894   25.047393  (      56)
          57   10.313299   22.528709  (      57)
          58   10.313917   25.428471  (      58)
          59   10.315964   25.097276  (      59)
          60   10.316423   28.057572  (      60)
          61   10.319736   25.119081  (      61)
          62   10.319807   24.514717  (      62)
          63   10.320695   27.953880  (      63)
          64   10.320828   24.812324  (      64)
          65   10.321201   27.640513  (      65)
          66   10.321301   26.192436  (      66)
          67   10.321337   26.528927  (      67)
          68   10.321639   23.582900  (      68)
          69   10.322965   25.275251  (      69)
          70   10.323659   28.689321  (      70)
          71   10.326368   27.448392  (      71)
          72   10.326896   25.543523  (      72)
          73   10.327744   27.602345  (      73)
          74   10.327779   28.643528  (      74)
          75   10.328340   26.275903  (      75)
          76   10.329479   23.544930  (      76)
          77   10.330288   24.788556  (      77)
          78   10.334369   24.646386  (      78)
          79   10.335171   27.074867  (      79)
          80   10.335994   24.637109  (      80)
          81   10.336963   26.207455  (      81)
          82   10.337226   27.914220  (      82)
          83   10.337569   25.025603  (      83)
          84   10.338119   27.925620  (      84)
          85   10.338733   28.413715  (      85)
          86   10.338769   23.667716  (      86)
          87   10.340537   23.822122  (      87)
          88   10.341479   27.326602  (      88)
          89   10.343625   24.724920  (      89)
          90   10.347132   27.970164  (      90)
          91   10.349180   24.745970  (      91)
          92   10.349346   29.535817  (      92)
          93   10.350171   24.879662  (      93)
          94   10.350340   22.484744  (      94)
          95   10.350451   27.659607  (      95)
          96   10.353367   23.841913  (      96)
          97   10.353971   27.265610  (      97)
          98   10.355684   27.231481  (      98)
          99   10.356063   27.672615  (      99)
         100   10.356577   28.472250  (     100)
