        Rank        RMSE       MaxAE  Feature_ID
           1    3.972646   11.570513  (    3423   10140)
           2    4.004231   10.533717  (    1007   10140)
           3    4.040385   13.684431  (       1   10006)
           4    4.040902   12.246124  (    5148   10140)
           5    4.044442   10.459979  (    1365   10140)
           6    4.044870   10.683812  (    1307   10140)
           7    4.051534   10.873875  (       1   10001)
           8    4.060340   10.504100  (    2179   10140)
           9    4.065187   10.589797  (     847   16052)
          10    4.066208   10.373066  (     888   16052)
          11    4.074496   10.581794  (     404   16052)
          12    4.075722   10.433743  (    1748   10140)
          13    4.078627   11.774670  (    6632   10140)
          14    4.086018   10.678138  (     290   16052)
          15    4.089050   10.349633  (    2452   10140)
          16    4.090760   11.863141  (    7306   10140)
          17    4.093356   10.346149  (    1565   10140)
          18    4.097860   10.271690  (       1   10002)
          19    4.100207   13.871095  (       1   10033)
          20    4.117492   14.090465  (       1   10286)
          21    4.118271   13.538379  (       1   10003)
          22    4.122667   13.758208  (       1   10056)
          23    4.124431   14.023044  (       1   10014)
          24    4.127827   10.357201  (       1   10060)
          25    4.127961   13.561914  (       1   10004)
          26    4.128982   13.798309  (       1   10101)
          27    4.129122   10.632792  (     255   16052)
          28    4.131028   11.053372  (    7215   10140)
          29    4.131390   13.796390  (       1   10106)
          30    4.133891   11.726958  (    3744   10140)
          31    4.135732   13.852334  (       1   10110)
          32    4.136756   13.567463  (       1   10506)
          33    4.142381   13.790113  (       1   10072)
          34    4.143453   11.832611  (       1   10005)
          35    4.143564   14.520197  (       1   10074)
          36    4.145646   13.179368  (       1   10010)
          37    4.148242   11.808386  (    9568   10140)
          38    4.148512   12.651877  (       1   10024)
          39    4.149245   11.668345  (       1   10007)
          40    4.149783   13.806589  (       1   10172)
          41    4.151008   13.539056  (       1   10008)
          42    4.152466   13.779642  (       1   10137)
          43    4.152686   13.410690  (       1   10025)
          44    4.152962   11.671739  (    4026   10140)
          45    4.156800   13.672737  (       1   10023)
          46    4.158053   11.609077  (       1   10009)
          47    4.158577   14.130132  (       1   10013)
          48    4.159940   13.810042  (       1   10184)
          49    4.160028   11.703716  (    5356   10140)
          50    4.162448   13.714783  (       1   10098)
          51    4.162449   12.637717  (       1   10573)
          52    4.164559   13.759760  (       1   10222)
          53    4.167796   13.898342  (       1   10016)
          54    4.168056   13.404232  (       1   10028)
          55    4.168836   14.277540  (       1   10041)
          56    4.168903   10.181618  (       1   10245)
          57    4.169274   14.468439  (       1   10011)
          58    4.169702   12.209607  (    3423   10459)
          59    4.170657   14.020680  (       1   10018)
          60    4.170822   13.677484  (       1   10031)
          61    4.171069   13.612127  (       1   10012)
          62    4.171333   13.931413  (       1   10020)
          63    4.171449   13.948761  (       1   10019)
          64    4.171610   13.913973  (       1   10120)
          65    4.171810   13.696760  (       1   10036)
          66    4.172256   13.968001  (       1   10021)
          67    4.173089   10.973229  (    8800   10140)
          68    4.173165   10.662305  (    1738   16052)
          69    4.173247   10.302443  (       1   10065)
          70    4.173942   13.629146  (       1   10026)
          71    4.173995   10.637940  (    1252   16052)
          72    4.176025   10.375685  (       1   10015)
          73    4.176534   13.429852  (       1   10035)
          74    4.177873   12.457814  (       1   10017)
          75    4.180535   13.710217  (       1   10326)
          76    4.180985   13.729650  (       1   10378)
          77    4.182397   13.647659  (       1   10129)
          78    4.183081   13.977324  (       1   10039)
          79    4.183129   12.948237  (       1   10027)
          80    4.183250   11.770356  (       1   10022)
          81    4.183349   11.708905  (    5123   10140)
          82    4.184981   10.798599  (     572   16052)
          83    4.185095   10.813801  (    8417   10140)
          84    4.185516   13.652072  (       1   10049)
          85    4.186627   13.919728  (       1   10037)
          86    4.187560   13.589587  (       1   10029)
          87    4.187875   14.017591  (       1   10050)
          88    4.187892   13.586825  (       1   10030)
          89    4.188512   10.712333  (       1   10349)
          90    4.188551   14.197383  (       1   10054)
          91    4.190994   11.594783  (    6962   10140)
          92    4.191088   11.861813  (       1   10032)
          93    4.191090   11.356765  (    5326   10140)
          94    4.191765   11.857447  (       1   10034)
          95    4.191767   13.934514  (       1   10058)
          96    4.193013   11.545257  (       1   10052)
          97    4.193042   13.935224  (       1   10061)
          98    4.193348   10.424956  (       1   10233)
          99    4.193502   13.641617  (       1   10059)
         100    4.194637   11.894298  (       1   10038)
