      rank       #data_overlap        size_overlap          feature_ID
         1                  20             0.23857   (       8    1422)
         2                  20             0.27967   (       6    1422)
         3                  21             0.24558   (      12    1422)
         4                  21             0.24716   (      13    1422)
         5                  21             0.26330   (      11    1422)
         6                  22             0.13949   (       4    1009)
         7                  22             0.13964   (       5    1042)
         8                  22             0.15284   (     196    1048)
         9                  22             0.19002   (     800    1274)
        10                  22             0.19260   (       4    1048)
        11                  22             0.19767   (       9    1202)
        12                  22             0.23954   (       9    1289)
        13                  22             0.27820   (       5    1386)
        14                  23             0.10309   (       2    1048)
        15                  23             0.10373   (       1    1048)
        16                  23             0.11177   (       7    1048)
        17                  23             0.13102   (      10    1189)
        18                  23             0.13656   (      19    1060)
        19                  23             0.14615   (       1    1013)
        20                  23             0.15063   (       4    1261)
        21                  23             0.15127   (       4    1263)
        22                  23             0.15488   (       5    1263)
        23                  23             0.15527   (       5    1261)
        24                  23             0.15644   (       8    1042)
        25                  23             0.15894   (       9    1189)
        26                  23             0.17085   (     196    1189)
        27                  23             0.17675   (     196    1013)
        28                  23             0.17991   (     196    1178)
        29                  23             0.18479   (       4    1083)
        30                  23             0.18692   (       4    1054)
        31                  23             0.19013   (       5    1182)
        32                  23             0.19630   (       5    1178)
        33                  23             0.20662   (     196    1289)
        34                  23             0.20971   (     984    1274)
        35                  23             0.22621   (       5    1038)
        36                  23             0.23396   (       5    1765)
        37                  23             0.23396   (       5    1742)
        38                  23             0.24787   (       5    1603)
        39                  23             0.24787   (       5    1769)
        40                  23             0.26138   (     196    1182)
        41                  23             0.27791   (       5    1833)
        42                  23             0.27791   (       5    1745)
        43                  23             0.27791   (       5    1846)
        44                  23             0.28320   (       5    1841)
        45                  23             0.28320   (       5    1561)
        46                  23             0.28320   (       5    1744)
        47                  23             0.28717   (       8    1386)
        48                  24             0.10347   (       1    1178)
        49                  24             0.14510   (       1    1064)
        50                  24             0.14538   (       4    1274)
        51                  24             0.15110   (       4    1262)
        52                  24             0.15575   (       5    1262)
        53                  24             0.15695   (       1    1047)
        54                  24             0.15711   (       1    1202)
        55                  24             0.15808   (       1    1062)
        56                  24             0.15907   (       1    1044)
        57                  24             0.17359   (     787    1274)
        58                  24             0.17986   (       5    1044)
        59                  24             0.18479   (       4    1268)
        60                  24             0.18479   (       4    1269)
        61                  24             0.18479   (       4    1275)
        62                  24             0.18479   (       4    1276)
        63                  24             0.18479   (       4    1277)
        64                  24             0.18479   (       4    1279)
        65                  24             0.18479   (       4    1283)
        66                  24             0.19292   (       4    1278)
        67                  24             0.19679   (       5    1048)
        68                  24             0.20171   (       1    1655)
        69                  24             0.20171   (       1    1641)
        70                  24             0.20481   (       1    1636)
        71                  24             0.20505   (       5    1047)
        72                  24             0.20971   (     982    1274)
        73                  24             0.20971   (     983    1274)
        74                  24             0.21202   (       5    1808)
        75                  24             0.21202   (       5    1621)
        76                  24             0.21246   (       5    1615)
        77                  24             0.21919   (       5    1143)
        78                  24             0.22211   (       5    1758)
        79                  24             0.22239   (       4    1765)
        80                  24             0.22239   (       4    1742)
        81                  24             0.22705   (       4    1300)
        82                  24             0.23131   (       5    1300)
        83                  24             0.23135   (       5    1710)
        84                  24             0.23135   (       5    1752)
        85                  24             0.23135   (       5    1770)
        86                  24             0.23260   (       5    1147)
        87                  24             0.23260   (       5    1135)
        88                  24             0.23561   (       4    1603)
        89                  24             0.23561   (       4    1769)
        90                  24             0.23614   (       5    1152)
        91                  24             0.25116   (       5     179)
        92                  24             0.25234   (       4    1798)
        93                  24             0.25234   (       4    1808)
        94                  24             0.25234   (       4    1497)
        95                  24             0.25234   (       4    1621)
        96                  24             0.25234   (       4    1476)
        97                  24             0.25287   (       4    1810)
        98                  24             0.28197   (     510     986)
        99                  24             0.28912   (     984    1422)
       100                  24             0.33884   (     982    1422)
