        Rank        RMSE       MaxAE  Feature_ID
           1    5.004256   16.688856  (       1)
           2    5.019871   16.607437  (       2)
           3    5.020340   15.075818  (       3)
           4    5.061391   12.436992  (       4)
           5    5.130752   12.676901  (       5)
           6    5.148125   12.665838  (       6)
           7    5.158123   12.819634  (       7)
           8    5.160218   13.063688  (       8)
           9    5.175863   17.248244  (       9)
          10    5.182414   13.664016  (      10)
          11    5.197359   16.571750  (      11)
          12    5.197411   12.626603  (      12)
          13    5.202416   12.728605  (      13)
          14    5.218586   16.636471  (      14)
          15    5.223671   15.690205  (      15)
          16    5.228424   15.055949  (      16)
          17    5.236943   16.204132  (      17)
          18    5.241236   16.607117  (      18)
          19    5.241822   16.621597  (      19)
          20    5.243704   16.149202  (      20)
          21    5.248977   13.303818  (      21)
          22    5.249191   13.112367  (      22)
          23    5.249953   15.215627  (      23)
          24    5.255610   14.437519  (      24)
          25    5.256160   12.093218  (      25)
          26    5.261560   13.064644  (      26)
          27    5.263833   19.493652  (      27)
          28    5.264713   16.624398  (      28)
          29    5.271080   15.342933  (      29)
          30    5.273927   16.829633  (      30)
          31    5.274215   17.529393  (      31)
          32    5.277446   13.100371  (      32)
          33    5.281921   14.580524  (      33)
          34    5.285417   16.639714  (      34)
          35    5.288486   12.571963  (      35)
          36    5.288924   16.633850  (      36)
          37    5.289127   16.638158  (      37)
          38    5.289809   16.634395  (      38)
          39    5.289965   17.078961  (      39)
          40    5.293847   15.708929  (      40)
          41    5.294806   18.402347  (      41)
          42    5.294910   16.656295  (      42)
          43    5.295120   16.436068  (      43)
          44    5.297027   12.046453  (      44)
          45    5.301117   17.708686  (      45)
          46    5.313137   16.757995  (      46)
          47    5.313973   13.490692  (      47)
          48    5.315964   16.654575  (      48)
          49    5.321208   16.689022  (      49)
          50    5.322659   19.885235  (      50)
          51    5.322775   19.571955  (      51)
          52    5.325480   13.078050  (      52)
          53    5.326043   16.722621  (      53)
          54    5.326370   16.567549  (      54)
          55    5.327121   16.572468  (      55)
          56    5.327992   16.491054  (      56)
          57    5.328927   16.339151  (      57)
          58    5.330620   15.626370  (      58)
          59    5.333811   12.470289  (      59)
          60    5.335790   16.580544  (      60)
          61    5.336658   16.307949  (      61)
          62    5.337821   16.635477  (      62)
          63    5.339511   16.741653  (      63)
          64    5.340086   16.738425  (      64)
          65    5.341274   16.864648  (      65)
          66    5.341609   17.592050  (      66)
          67    5.343532   16.531550  (      67)
          68    5.345301   16.766950  (      68)
          69    5.346241   14.415282  (      69)
          70    5.346554   17.822642  (      70)
          71    5.348285   17.741476  (      71)
          72    5.349731   16.278425  (      72)
          73    5.350577   16.901571  (      73)
          74    5.351815   17.930663  (      74)
          75    5.353400   17.501124  (      75)
          76    5.356754   16.921894  (      76)
          77    5.356944   16.267616  (      77)
          78    5.358184   16.816581  (      78)
          79    5.359657   17.662198  (      79)
          80    5.360146   16.932354  (      80)
          81    5.360893   16.760699  (      81)
          82    5.362898   16.686166  (      82)
          83    5.365950   18.822718  (      83)
          84    5.367185   16.465311  (      84)
          85    5.371310   17.825760  (      85)
          86    5.371741   17.134969  (      86)
          87    5.373126   20.030590  (      87)
          88    5.374668   16.644566  (      88)
          89    5.376699   13.546483  (      89)
          90    5.379497   17.305871  (      90)
          91    5.380179   13.499609  (      91)
          92    5.380353   16.756586  (      92)
          93    5.381126   17.736914  (      93)
          94    5.381398   15.011166  (      94)
          95    5.381705   16.889564  (      95)
          96    5.382134   17.663987  (      96)
          97    5.382456   16.774932  (      97)
          98    5.384917   16.781097  (      98)
          99    5.385118   13.567677  (      99)
         100    5.386496   17.004931  (     100)
