     Index              y_true              y_pred        descriptor_1
         1    0.9070000000E+02    0.6753224193E+02   -0.9780000000E+00
         2    0.5132000000E+03    0.4057229549E+03    0.5229516900E+00
         3    0.8950000000E+02    0.1094701143E+03   -0.7918721200E+00
         4    0.2490000000E+03    0.2263491122E+03   -0.2731419400E+00
         5    0.3632000000E+03    0.3499115663E+03    0.2752506300E+00
         6    0.3674300000E+03    0.3748363774E+03    0.3858714600E+00
         7    0.9034100000E+02    0.9569805406E+02   -0.8529950200E+00
         8    0.1588000000E+03    0.2005468020E+03   -0.3876572700E+00
         9    0.3387000000E+03    0.3605450279E+03    0.3224438600E+00
        10    0.1743000000E+03    0.1793881169E+03   -0.4815633500E+00
        11    0.3281500000E+03    0.3204485449E+03    0.1444884000E+00
        12    0.3945000000E+03    0.3620938875E+03    0.3293179800E+00
        13    0.4711500000E+03    0.4328265234E+03    0.6432422400E+00
        14    0.3091000000E+03    0.3446825167E+03    0.2520431600E+00
        15    0.2990000000E+03    0.2525819929E+03   -0.1567156600E+00
        16    0.2480000000E+03    0.2131794248E+03   -0.3315914000E+00
        17    0.2466500000E+03    0.2857849270E+03   -0.9355020000E-02
        18    0.2744000000E+03    0.2180939920E+03   -0.3097796600E+00
        19    0.2720000000E+03    0.2407857916E+03   -0.2090693400E+00
        20    0.3334000000E+03    0.4116280562E+03    0.5491596000E+00
        21    0.4780000000E+03    0.4252387937E+03    0.6095665200E+00
        22    0.4097000000E+03    0.4318336707E+03    0.6388357800E+00
        23    0.3380000000E+03    0.3930697246E+03    0.4667943600E+00
        24    0.3860000000E+03    0.4143599636E+03    0.5612843000E+00
        25    0.4380000000E+03    0.4460285799E+03    0.7018353600E+00
        26    0.3990000000E+03    0.3975970430E+03    0.4868874200E+00
        27    0.2561000000E+03    0.2511052304E+03   -0.1632698000E+00
        28    0.4150000000E+03    0.4149799698E+03    0.5640360000E+00
        29    0.1693000000E+03    0.2253554958E+03   -0.2775517900E+00
        30    0.2634000000E+03    0.3230776601E+03    0.1561568900E+00
        31    0.4680000000E+03    0.3993536410E+03    0.4946835200E+00
        32    0.3602000000E+03    0.3583179309E+03    0.3125596000E+00
        33    0.4240000000E+03    0.3809392106E+03    0.4129569400E+00
        34    0.2561000000E+03    0.2838209513E+03   -0.1807150000E-01
        35    0.4010000000E+03    0.4474547407E+03    0.7081649200E+00
        36    0.2516000000E+03    0.2802823689E+03   -0.3377637000E-01
