        Rank        RMSE       MaxAE  Feature_ID
           1   10.174266   26.470290  (       1)
           2   10.185838   26.375337  (       2)
           3   10.189384   26.405090  (       3)
           4   10.189744   26.301580  (       4)
           5   10.198151   26.444100  (       5)
           6   10.199067   26.447290  (       6)
           7   10.209771   26.479075  (       7)
           8   10.227290   26.344625  (       8)
           9   10.450618   26.002343  (       9)
          10   10.480188   24.257797  (      10)
          11   10.489354   26.831634  (      11)
          12   10.593257   26.917164  (      12)
          13   10.630168   25.917314  (      13)
          14   10.656939   25.691446  (      14)
          15   10.670153   26.495925  (      15)
          16   10.728513   25.881180  (      16)
          17   10.737400   25.878176  (      17)
          18   10.854596   27.209545  (      18)
          19   10.864698   26.080578  (      19)
          20   10.923960   27.146148  (      20)
          21   10.992082   28.325142  (      21)
          22   10.993434   27.183910  (      22)
          23   11.029497   26.387344  (      23)
          24   11.031954   25.595439  (      24)
          25   11.055257   24.758008  (      25)
          26   11.073264   23.979333  (      26)
          27   11.075796   24.240745  (      27)
          28   11.086783   26.366211  (      28)
          29   11.096154   25.782393  (      29)
          30   11.097461   25.843195  (      30)
          31   11.108830   30.908898  (      31)
          32   11.109899   30.949532  (      32)
          33   11.113088   24.810619  (      33)
          34   11.114253   25.726723  (      34)
          35   11.180873   25.331466  (      35)
          36   11.203612   25.604956  (      36)
          37   11.204787   24.667663  (      37)
          38   11.220590   25.979249  (      38)
          39   11.238234   30.424780  (      39)
          40   11.243045   26.021715  (      40)
          41   11.246757   27.945838  (      41)
          42   11.254899   27.485861  (      42)
          43   11.278617   27.745877  (      43)
          44   11.282132   28.852667  (      44)
          45   11.315168   29.678784  (      45)
          46   11.326335   31.110884  (      46)
          47   11.333453   29.012187  (      47)
          48   11.337984   28.378102  (      48)
          49   11.353283   33.344380  (      49)
          50   11.358753   30.784360  (      50)
          51   11.365256   32.745117  (      51)
          52   11.384434   29.210855  (      52)
          53   11.387403   28.097999  (      53)
          54   11.389152   32.919788  (      54)
          55   11.412829   29.738975  (      55)
          56   11.416271   32.364211  (      56)
          57   11.422254   26.833361  (      57)
          58   11.428898   30.163048  (      58)
          59   11.429359   29.421214  (      59)
          60   11.437931   32.690522  (      60)
          61   11.439462   30.745014  (      61)
          62   11.440800   30.318331  (      62)
          63   11.451042   30.084163  (      63)
          64   11.460372   26.303758  (      64)
          65   11.460908   30.061351  (      65)
          66   11.461992   30.059042  (      66)
          67   11.465271   27.821534  (      67)
          68   11.469306   30.480485  (      68)
          69   11.486359   31.997678  (      69)
          70   11.489738   30.008380  (      70)
          71   11.490854   27.695570  (      71)
          72   11.491584   27.180499  (      72)
          73   11.495881   27.129544  (      73)
          74   11.499606   27.699234  (      74)
          75   11.501560   27.670261  (      75)
          76   11.502761   27.667717  (      76)
          77   11.505292   27.972845  (      77)
          78   11.508598   26.997329  (      78)
          79   11.511285   25.512754  (      79)
          80   11.513575   25.420160  (      80)
          81   11.519368   27.636546  (      81)
          82   11.520759   28.692997  (      82)
          83   11.521420   27.119110  (      83)
          84   11.523601   29.959525  (      84)
          85   11.527903   29.363304  (      85)
          86   11.528171   31.511687  (      86)
          87   11.529397   25.243840  (      87)
          88   11.529486   29.951933  (      88)
          89   11.531082   32.581950  (      89)
          90   11.534504   27.612689  (      90)
          91   11.539811   30.971659  (      91)
          92   11.540446   28.039483  (      92)
          93   11.541793   26.648073  (      93)
          94   11.542470   33.665418  (      94)
          95   11.548685   25.796975  (      95)
          96   11.554792   27.576756  (      96)
          97   11.560191   25.260771  (      97)
          98   11.576678   26.984246  (      98)
          99   11.581893   27.553200  (      99)
         100   11.586243   23.801859  (     100)
