     Index              y_true              y_pred        descriptor_1
         1    0.1000000000E+00   -0.4786356741E+01    0.1000000000E+01
         2    0.2600000000E+01    0.4915442796E+01    0.1389336000E+00
         3    0.4090000000E+02    0.2443523725E+02   -0.1593511920E+01
         4    0.6650000000E+01    0.8738227052E+01   -0.2003509900E+00
         5    0.1316000000E+02    0.1349168196E+02   -0.6222356400E+00
         6    0.3140000000E+01    0.1861946168E+01    0.4099414000E+00
         7    0.4360000000E+01    0.9303362759E+01   -0.2505086300E+00
         8    0.1337000000E+02    0.1635616458E+02   -0.8764678300E+00
         9    0.2141000000E+02    0.1759395136E+02   -0.9863254500E+00
        10    0.1012000000E+02    0.1667345950E+02   -0.9046287900E+00
        11    0.1470000000E+02    0.1691616763E+02   -0.9261699300E+00
        12    0.4660000000E+01    0.6548680035E+01   -0.6021540000E-02
        13    0.1128000000E+02    0.1070916758E+02   -0.3752784000E+00
        14    0.7530000000E+01    0.1320101727E+02   -0.5964382000E+00
        15    0.6140000000E+01    0.5094236891E+01    0.1230650400E+00
        16    0.5980000000E+01    0.6105725296E+01    0.3329214000E-01
        17    0.6970000000E+01    0.6010241712E+01    0.4176662000E-01
        18    0.4390000000E+01    0.7070742623E+01   -0.5235630000E-01
        19    0.3600000000E+01    0.6157403845E+01    0.2870550000E-01
        20    0.7350000000E+01    0.4380430149E+01    0.1864177200E+00
        21    0.4060000000E+01    0.5275230117E+01    0.1070013000E+00
        22    0.1002000000E+02    0.2381895887E+02   -0.1538815200E+01
        23    0.1925000000E+02    0.2490314206E+02   -0.1635040000E+01
        24    0.2305000000E+02    0.2377936641E+02   -0.1535301240E+01
        25    0.3366000000E+02    0.3158520823E+02   -0.2228095200E+01
        26    0.2492000000E+02    0.2809809489E+02   -0.1918602500E+01
        27    0.2638000000E+02    0.2841020757E+02   -0.1946303520E+01
        28    0.1799000000E+02    0.1842980015E+02   -0.1060509760E+01
        29    0.5650000000E+01    0.5819502028E+01    0.5869539000E-01
        30    0.7980000000E+01    0.5912242727E+01    0.5046435000E-01
        31    0.3850000000E+02    0.3073479559E+02   -0.2152618300E+01
        32    0.2347000000E+02    0.2571434116E+02   -0.1707036570E+01
        33    0.1576000000E+02    0.1360800399E+02   -0.6325596000E+00
        34    0.2613000000E+02    0.1726718829E+02   -0.9573241600E+00
        35    0.1546000000E+02    0.1105086092E+02   -0.4056048000E+00
        36    0.2213000000E+02    0.1763612728E+02   -0.9900687000E+00
