Model_ID, [(c_i,i=0,n)_j,j=1,ntask]
           1    0.2468243692E+02   -0.1259922136E+02    0.9655880125E+03
           2   -0.9185479030E+00   -0.2755884803E+02   -0.8937614921E+02
           3    0.5825196015E+01   -0.3172082073E+02    0.4992177346E+03
           4    0.1976247630E+02   -0.1175255243E+02    0.2440320167E+03
           5   -0.1803451885E+01   -0.2861954890E+02   -0.5753614796E+02
           6    0.3511699659E+01   -0.2719969318E+02   -0.2604157393E+03
           7    0.3418776797E+01   -0.2721725971E+02   -0.2517329178E+03
           8   -0.1062696047E+01    0.1975358849E+02   -0.5455615508E+02
           9    0.3785689247E+01   -0.1258047749E+02    0.4894429713E+03
          10    0.5813736846E+01   -0.3214050218E+02    0.5329839600E+03
          11    0.4088778636E+01   -0.1244989898E+02    0.4980186469E+03
          12   -0.7166691421E+00    0.1883429048E+02   -0.5457577344E+02
          13    0.3856476626E+00   -0.1430494766E+02    0.3722930557E+02
          14   -0.8566577090E+00    0.2758602019E+02   -0.9546767555E+02
          15    0.7366082586E+01    0.4679452503E+02   -0.1996525593E+03
          16   -0.2008975961E+01   -0.2860379562E+02   -0.5760198721E+02
          17    0.5030706985E+01    0.3134799409E+02   -0.5428350605E+02
          18   -0.1707619630E+01   -0.2822377699E+02   -0.5741366350E+02
          19    0.5866774610E+01   -0.3177055310E+02   -0.4135469008E+03
          20    0.5626672240E+01   -0.3235102085E+02    0.4817213727E+03
          21    0.7618512811E+01   -0.4618890212E+02   -0.2151256869E+03
          22    0.3250016541E+01    0.3368280162E+02   -0.1792030516E+03
          23   -0.1506131978E+01   -0.2806539551E+02   -0.5573947559E+02
          24    0.5731156352E+01   -0.3221397399E+02   -0.6746147351E+03
          25    0.4691792693E+01   -0.1056424610E+02    0.4469591689E+03
          26    0.6381516492E+01   -0.3446995794E+02   -0.6879195565E+02
          27   -0.9187793994E+00   -0.2677954032E+02   -0.5005762277E+02
          28    0.7674835943E+01    0.4624054564E+02   -0.2174006163E+03
          29    0.4870632744E+01    0.3141965181E+02    0.5730188197E+02
          30    0.5118050591E+01    0.2850719497E+02   -0.8533077302E+02
          31    0.5039693604E+01    0.3447925389E+02   -0.2351854013E+03
          32    0.5164011437E+01    0.3573818333E+02    0.6986141581E+02
          33   -0.1432461210E+01   -0.2774181962E+02   -0.5181013286E+02
          34    0.7244318819E-01    0.1648322661E+02   -0.5335879168E+02
          35    0.3180622875E+01    0.3372999232E+02   -0.1808120094E+03
          36   -0.1160395164E+01   -0.2759122211E+02   -0.5585167334E+02
          37   -0.2058585382E+01   -0.2868257320E+02   -0.5635541834E+02
          38   -0.1824038192E+01   -0.2828599839E+02   -0.5792438976E+02
          39    0.5634393179E+00   -0.1383624798E+02    0.3881432479E+02
          40    0.5289633790E+01   -0.3472423317E+02   -0.2397805131E+03
          41    0.4357783681E+01    0.3433238832E+02    0.1048284154E+03
          42    0.7508652027E+01    0.4626058784E+02   -0.1994470954E+03
          43    0.7598518957E+01    0.4633787694E+02   -0.2025611235E+03
          44    0.4745116211E+01    0.3174459839E+02   -0.7355994233E+02
          45    0.4807926383E+01    0.1054029647E+02   -0.3971276036E+03
          46    0.5385220383E+01    0.3468252870E+02    0.9464063762E+03
          47    0.6874358432E+01    0.3425036600E+02   -0.7325746884E+02
          48    0.5415729737E+01    0.3205270468E+02    0.4627147760E+03
          49   -0.1013682719E+01   -0.2753385970E+02    0.5409291565E+02
          50    0.6270110719E+01    0.3072068266E+02    0.4336226249E+03
          51    0.2532829311E+02   -0.1423585878E+02   -0.1828042059E+03
          52    0.4118838389E+01   -0.1248697854E+02   -0.4155123943E+03
          53    0.4098507184E+01   -0.2988888694E+02   -0.7656889060E+02
          54    0.8512154729E+00    0.2315818261E+02   -0.4760763736E+02
          55    0.3566596167E+01   -0.1249976649E+02   -0.5262037710E+03
          56    0.6732629018E+01   -0.1457471899E+02   -0.1696803506E+03
          57    0.6669711055E+01   -0.3423944892E+02   -0.7275849705E+02
          58    0.7511408616E+01   -0.1862495224E+02    0.1856321110E+03
          59    0.3573189601E+01   -0.1250206157E+02    0.5267924657E+03
          60    0.5520097035E+01    0.3190906143E+02   -0.6463182510E+03
          61    0.5029303932E+01    0.2930753451E+02   -0.9775864039E+02
          62    0.3771877844E+00   -0.1793242409E+02   -0.5321620170E+02
          63    0.5537483307E+01    0.2824057641E+02    0.1452372390E+03
          64   -0.9221233920E+00   -0.1983123873E+02   -0.4885361313E+02
          65    0.4843731884E+01   -0.1053435813E+02   -0.3971973108E+03
          66    0.5563256220E+00   -0.2342852152E+02   -0.4865745154E+02
          67    0.7534654965E+00   -0.1422733520E+02    0.3557941944E+02
          68    0.6184266820E+01   -0.3121805220E+02   -0.4260790844E+03
          69    0.6759663128E+01    0.3436167166E+02   -0.7464810480E+02
          70    0.3300526853E+01   -0.1276577893E+02   -0.5243705747E+03
          71    0.3849533247E+01   -0.8318113539E+01    0.5151772037E+03
          72    0.4907666731E+01    0.2972373002E+02   -0.1156209057E+03
          73    0.3810692045E+01    0.3444819984E+02   -0.6430087155E+02
          74    0.6372832737E+01   -0.3481692248E+02   -0.7540028769E+02
          75    0.2861869495E+02   -0.1338096166E+02    0.5235931183E+03
          76    0.4475135072E+01   -0.2227467681E+02   -0.2065166158E+03
          77    0.4537198442E+01   -0.2224117287E+02   -0.2128311164E+03
          78    0.1589874845E+01   -0.2375026914E+02   -0.7688871149E+02
          79   -0.8947486771E+00   -0.9653810024E+01   -0.5019064593E+02
          80    0.1804362697E+01    0.2296832115E+02   -0.8355317506E+02
          81    0.4566240038E+01   -0.1181412452E+02    0.4750610418E+03
          82    0.4485452394E+01    0.3280481074E+02   -0.6124712426E+02
          83    0.1204285613E+01   -0.1482628796E+02   -0.5202921912E+02
          84    0.1217196677E+01    0.1490539002E+02   -0.5021144700E+02
          85    0.5537524727E+01   -0.3193317503E+02   -0.7326967974E+02
          86    0.6771130541E+01   -0.1456241039E+02   -0.1705504377E+03
          87    0.6773080798E+01    0.3435895361E+02   -0.7393988034E+02
          88   -0.2001816610E+00   -0.9004576048E+01   -0.5323104246E+02
          89    0.6723054353E+01    0.3444956932E+02   -0.7084410328E+02
          90    0.5302302258E+01   -0.3139183859E+02   -0.5380418503E+02
          91    0.6099410557E+01   -0.3166885545E+02    0.4991691608E+03
          92    0.5793898187E+01   -0.3536823350E+02   -0.7321514403E+02
          93    0.3631733837E+01    0.3394832051E+02   -0.8165371398E+02
          94    0.1622008835E+01   -0.1449321787E+02   -0.5147644040E+02
          95    0.1583818532E+01    0.1160230057E+02   -0.8236706638E+02
          96    0.8537433638E+01   -0.2934647405E+02    0.1845225079E+03
          97    0.5925984465E+01    0.3130123507E+02    0.2056784478E+03
          98    0.3123771013E+01   -0.1279850080E+02   -0.5130070115E+03
          99    0.6798566562E+01    0.3438088975E+02   -0.7528678590E+02
         100    0.5233510644E+00   -0.1408929714E+02    0.3753864297E+02
