     Index              y_true              y_pred        descriptor_1        descriptor_2
         1    0.9070000000E+02    0.1129071022E+03   -0.2000000000E+01    0.0000000000E+00
         2    0.2566500000E+03    0.2351567357E+03   -0.9630209000E+00    0.0000000000E+00
         3    0.5132000000E+03    0.4393063921E+03    0.4205041600E+00   -0.6175499319E-01
         4    0.8950000000E+02    0.8137978668E+02   -0.1552648760E+01    0.1267813126E+00
         5    0.3632000000E+03    0.3331822158E+03   -0.4604355000E+00   -0.5833959245E-01
         6    0.9034100000E+02    0.1126292828E+03   -0.1909601400E+01    0.1645207200E-01
         7    0.1743000000E+03    0.1745500293E+03   -0.8965183300E+00    0.1029810564E+00
         8    0.3945000000E+03    0.3831840957E+03    0.3301929800E+00    0.6664877376E-02
         9    0.4711500000E+03    0.4961097523E+03    0.1129813120E+01   -0.2140736350E-01
        10    0.3091000000E+03    0.3167380918E+03    0.5114995000E+00    0.1387942911E+00
        11    0.3010000000E+03    0.3274893482E+03    0.1704321000E+00    0.6212312638E-01
        12    0.2990000000E+03    0.3097725924E+03   -0.4418687600E+00   -0.1982559264E-01
        13    0.3260000000E+03    0.3312457166E+03   -0.1747512800E+00   -0.4753979040E-02
        14    0.3275000000E+03    0.3339943365E+03   -0.6249964000E-01    0.1102077620E-01
        15    0.2480000000E+03    0.2537716605E+03   -0.8027559600E+00    0.4193687880E-03
        16    0.2401500000E+03    0.2572828872E+03   -0.7519467200E+00    0.4148655192E-02
        17    0.2466500000E+03    0.2586166409E+03   -0.4548008000E+00    0.5484700242E-01
        18    0.2530000000E+03    0.2380706184E+03   -0.7955265000E-01    0.1523174906E+00
        19    0.2886400000E+03    0.2483057798E+03    0.2842761000E+00    0.2014508745E+00
        20    0.2744000000E+03    0.2569967877E+03   -0.8250814000E+00   -0.8392859160E-02
        21    0.2720000000E+03    0.2647143878E+03   -0.5428005000E+00    0.3006409047E-01
        22    0.3334000000E+03    0.3764395942E+03    0.1801826400E+00   -0.9795193920E-02
        23    0.4780000000E+03    0.4900978339E+03    0.1019895800E+01   -0.3185830326E-01
        24    0.4097000000E+03    0.4410037602E+03    0.6479600400E+00   -0.2396470447E-01
        25    0.4460000000E+03    0.4337184307E+03    0.7809120000E+00    0.1057820000E-01
        26    0.3380000000E+03    0.3939487309E+03    0.4286201500E+00    0.7927128984E-02
        27    0.3860000000E+03    0.3758974175E+03    0.2308080000E+00    0.0000000000E+00
        28    0.4380000000E+03    0.4276167282E+03    0.4824970200E+00   -0.3317165438E-01
        29    0.3990000000E+03    0.4104229912E+03    0.3544051200E+00   -0.3002270126E-01
        30    0.2561000000E+03    0.2100363665E+03   -0.9596160000E+00    0.3839862245E-01
        31    0.4150000000E+03    0.3810586059E+03    0.1764502500E+00   -0.1740671609E-01
        32    0.2680300000E+03    0.2770691836E+03    0.1447550000E+00    0.1334280952E+00
        33    0.1693000000E+03    0.2013196618E+03   -0.6831786500E+00    0.1005452255E+00
        34    0.3602000000E+03    0.3719203664E+03    0.2586397200E+00    0.1092018406E-01
        35    0.4240000000E+03    0.4001482540E+03    0.3921017000E+00   -0.7877634380E-02
        36    0.4010000000E+03    0.3946088351E+03    0.5530024500E+00    0.2899577329E-01
