     Index              y_true              y_pred        descriptor_1        descriptor_2
         1    0.3200000000E+01    0.3939036037E+01   -0.9964000000E+00    0.0000000000E+00
         2    0.1850000000E+02    0.2163202265E+02   -0.4315707000E+00    0.0000000000E+00
         3    0.8872000000E+02    0.6853150997E+02    0.1065644280E+01    0.0000000000E+00
         4    0.2045000000E+02    0.1544857553E+02   -0.6282875200E+00   -0.2798449560E-03
         5    0.2078000000E+02    0.3357485006E+02   -0.5024512000E-01   -0.2615799200E-04
         6    0.5301000000E+02    0.4589945550E+02    0.3431536500E+00   -0.5336584000E-05
         7    0.2548000000E+02    0.2423933165E+02   -0.1302825000E+00   -0.8934446961E-01
         8    0.2817000000E+02    0.3023776488E+02    0.1098364900E+00   -0.1092682039E+00
         9    0.6524000000E+02    0.5256306204E+02    0.6356928600E+00   -0.3270686689E-01
        10    0.4537000000E+02    0.3908254648E+02   -0.3795504000E-01    0.6698120797E-01
        11    0.1845000000E+02    0.1429589791E+02    0.4083326400E+00   -0.4401000000E+00
        12    0.4263000000E+02    0.5101435782E+02    0.6522369000E+00   -0.5974331667E-01
        13    0.6056000000E+02    0.5881612074E+02    0.6259896000E+00    0.5306167002E-01
        14    0.5090000000E+02    0.5456367707E+02    0.8474457600E+00   -0.9330114804E-01
        15    0.4216000000E+02    0.3835610480E+02    0.3497319900E+00   -0.1013710589E+00
        16    0.3187000000E+02    0.2946531260E+02   -0.6581812000E-01   -0.4739985630E-01
        17    0.3120000000E+02    0.2982074571E+02   -0.9549540000E-01   -0.3059072774E-01
        18    0.2551000000E+02    0.2346960206E+02    0.2504040000E-02   -0.1538205552E+00
        19    0.1790000000E+02    0.2339777511E+02    0.3018036000E-01   -0.1661001219E+00
        20    0.3007000000E+02    0.3196083342E+02    0.5954640000E-01   -0.6612395493E-01
        21    0.2681000000E+02    0.3281077617E+02   -0.6880831000E-01   -0.2414535156E-02
        22    0.2622000000E+02    0.3664715706E+02    0.1875812400E+00   -0.5728552572E-01
        23    0.3682000000E+02    0.6672978791E+02    0.1008819360E+01   -0.2839860000E-03
        24    0.5646000000E+02    0.6289008783E+02    0.1173076530E+01   -0.1178113400E+00
        25    0.6900000000E+02    0.6969424672E+02    0.1182897870E+01   -0.3283414130E-01
        26    0.7520000000E+02    0.7821286688E+02    0.1446753770E+01   -0.2951864115E-01
        27    0.8285000000E+02    0.8245236850E+02    0.1576374300E+01   -0.2717455684E-01
        28    0.6942000000E+02    0.7268296164E+02    0.1198384180E+01   -0.8577190800E-04
        29    0.7737000000E+02    0.7507569452E+02    0.1274676820E+01   -0.4776976300E-04
        30    0.6383000000E+02    0.6414399987E+02    0.1033907040E+01   -0.4438659939E-01
        31    0.5774000000E+02    0.5844768816E+02    0.8088976800E+00   -0.2670197245E-01
        32    0.5015000000E+02    0.3407451021E+02   -0.3406548000E-01   -0.1197972990E-03
        33    0.2680000000E+02    0.3332480567E+02    0.4835600000E-01   -0.4369746958E-01
        34    0.9080000000E+02    0.8531568847E+02    0.1700343700E+01   -0.4051604800E-01
        35    0.6511000000E+02    0.5666048144E+02    0.8631584800E+00   -0.7231212749E-01
        36    0.6029000000E+02    0.5556829689E+02    0.8440351600E+00   -0.7876282910E-01
