Model_ID, [(c_i,i=0,n)_j,j=1,ntask]
           1    0.8391784373E+02   -0.8664001708E+02   -0.2691664630E+03
           2    0.8315939929E+02   -0.8635591708E+02   -0.2656929839E+03
           3    0.8199006183E+02   -0.7123786534E+02   -0.1560090897E+03
           4    0.8214833721E+02    0.7122162627E+02   -0.1564892914E+03
           5    0.8437852167E+02   -0.8669144156E+02   -0.2712485360E+03
           6    0.7901077713E+02   -0.6904241074E+02    0.2311349863E+03
           7    0.8184262535E+02   -0.7099595387E+02    0.1261059025E+03
           8    0.8377716615E+02   -0.8646065084E+02   -0.2638237919E+03
           9    0.8161835743E+02   -0.7151261411E+02   -0.1052594136E+03
          10    0.8245785465E+02   -0.8374317481E+02   -0.2596934541E+03
          11    0.7916215174E+02   -0.6909807537E+02   -0.2143677995E+03
          12    0.9317790825E+02   -0.9196651175E+02    0.1752183534E+03
          13    0.7915721508E+02    0.6902422657E+02    0.2320244090E+03
          14    0.7787634594E+02    0.7182233525E+02   -0.2682997415E+03
          15    0.8169389381E+02   -0.7981465411E+02   -0.2704861256E+03
          16    0.8243407599E+02   -0.8416817975E+02   -0.2655180378E+03
          17    0.8101133008E+02   -0.7005886740E+02   -0.7442134540E+02
          18    0.8214283492E+02   -0.8394140467E+02   -0.2672394476E+03
          19    0.7785713464E+02   -0.6509777647E+02   -0.2747340085E+03
          20    0.7694414085E+02    0.7048236204E+02   -0.1339947684E+03
          21    0.8199961794E+02    0.7097811947E+02    0.1265055050E+03
          22    0.8410447823E+02    0.8625303953E+02   -0.2729814334E+03
          23    0.9395259554E+02   -0.9395039125E+02    0.3554788937E+03
          24    0.9313408275E+02   -0.9204549284E+02    0.1743580352E+03
          25    0.5734625679E+02    0.2508826679E+02    0.9296717355E+03
          26    0.9320851515E+02   -0.7392609649E+02   -0.2525554368E+03
          27    0.8176542675E+02    0.7147849276E+02   -0.1054800551E+03
          28    0.9359644347E+02   -0.9307380510E+02    0.2014345232E+03
          29    0.8620361340E+02   -0.4201216461E+02   -0.1949882268E+03
          30    0.8625650263E+02   -0.4189987972E+02   -0.3632849232E+03
          31    0.7930893114E+02    0.6907938240E+02   -0.2151943913E+03
          32    0.8253958247E+02   -0.8396049428E+02   -0.2635050757E+03
          33    0.9315497283E+02   -0.9315236126E+02   -0.1729776938E+03
          34    0.8373343632E+02    0.8426228711E+02   -0.2557736495E+03
          35    0.8682479876E+02   -0.4238672948E+02   -0.2392308245E+03
          36    0.8531113770E+02   -0.4247191347E+02    0.1449271024E+03
          37    0.8247428994E+02   -0.8359665634E+02   -0.2506020140E+03
          38    0.9362627516E+02   -0.9335642960E+02    0.2010509969E+03
          39    0.7887490594E+02   -0.6922271435E+02    0.1236399757E+03
          40    0.6253573044E+02    0.6095390731E+02   -0.2271938672E+03
          41    0.8115437991E+02    0.7002195265E+02   -0.7460108510E+02
          42    0.6217357523E+02    0.6056785954E+02   -0.2251197226E+03
          43    0.9331188170E+02   -0.9288298977E+02    0.1736786702E+03
          44    0.8351040576E+02   -0.8603275354E+02   -0.2655949165E+03
          45    0.9267138627E+02   -0.9173806542E+02   -0.1698605146E+03
          46    0.7795762063E+02    0.6500488622E+02   -0.2748535991E+03
          47    0.7534784733E+02   -0.6403703793E+02    0.2697330527E+03
          48    0.9318464880E+02   -0.9237637386E+02    0.1711123264E+03
          49    0.7551678721E+02    0.6412257333E+02    0.2737889525E+03
          50    0.8216048712E+02   -0.8282768885E+02   -0.2564297672E+03
          51    0.8665737172E+02   -0.4211443114E+02   -0.2394804000E+03
          52    0.9281695851E+02   -0.9192509601E+02    0.1703434093E+03
          53    0.7652067599E+02   -0.7967239260E+02   -0.2490411015E+03
          54    0.8257389984E+02   -0.8306251008E+02   -0.2682849731E+03
          55    0.8318164630E+02    0.8505541930E+02   -0.2687014417E+03
          56    0.7975841918E+02    0.6631983485E+02   -0.8613225284E+02
          57    0.8381757885E+02    0.7486786345E+02   -0.2997407496E+03
          58    0.8218932144E+02    0.8378253079E+02   -0.2672480792E+03
          59    0.8382886626E+02    0.7488783540E+02   -0.2991740131E+03
          60    0.7810786660E+02   -0.6991769515E+02    0.5689607984E+03
          61    0.8670844919E+02   -0.4216020152E+02   -0.1552376073E+03
          62    0.9308244971E+02   -0.9267760936E+02    0.1712222998E+03
          63    0.8658489775E+02   -0.4211317222E+02   -0.2197467836E+03
          64    0.8495923283E+02   -0.4230624245E+02    0.1099450790E+03
          65    0.9266577873E+02   -0.9069175625E+02    0.2575009404E+03
          66    0.7850639238E+02    0.7311540277E+02   -0.1329769231E+03
          67    0.9306772826E+02   -0.9223457369E+02    0.1705019797E+03
          68    0.8103687912E+02    0.8172804614E+02   -0.2613953373E+03
          69    0.9303042435E+02   -0.9211637652E+02    0.1700669081E+03
          70    0.8682681132E+02   -0.4213863618E+02   -0.1801467828E+03
          71    0.9409959839E+02   -0.9289004905E+02    0.1532753927E+03
          72    0.6450261473E+02    0.6458702284E+02   -0.9748805327E+02
          73    0.9304131157E+02   -0.9216432664E+02    0.1701328075E+03
          74    0.8497899799E+02   -0.7145484126E+02    0.2777985986E+03
          75    0.9236002694E+02   -0.8139636903E+02   -0.1650004078E+03
          76    0.9305091316E+02   -0.9220878894E+02    0.1701583374E+03
          77    0.7901231857E+02    0.6918689159E+02    0.1239893075E+03
          78    0.8136894166E+02   -0.7919819343E+02   -0.2720520581E+03
          79    0.9301474566E+02   -0.9209366655E+02    0.1697569689E+03
          80    0.7697017673E+02   -0.3534203338E+02   -0.3716571165E+03
          81    0.8130820747E+02   -0.7120584796E+02    0.1671126002E+03
          82    0.7853332754E+02    0.7375574087E+02   -0.1596289748E+03
          83    0.9330715440E+02   -0.9290068113E+02    0.9175600701E+02
          84    0.7947375274E+02   -0.6897869090E+02    0.1133592024E+03
          85    0.8277798741E+02   -0.3783580319E+02   -0.1818529872E+03
          86    0.8611221781E+02   -0.4335608294E+02   -0.1885367638E+03
          87    0.8656864438E+02    0.6951335024E+02   -0.2627258374E+03
          88    0.8214935790E+02   -0.8220868739E+02   -0.2514847680E+03
          89    0.8717999533E+02   -0.4148993446E+02   -0.3764157650E+03
          90    0.8120893934E+02   -0.7106887226E+02    0.1664398592E+03
          91    0.7774305442E+02    0.7080114806E+02   -0.4839622094E+03
          92    0.8144573655E+02   -0.7127978135E+02    0.1355200676E+03
          93    0.8623716243E+02   -0.4178586070E+02   -0.1639929516E+03
          94    0.8347922877E+02    0.8359708783E+02   -0.2542853075E+03
          95    0.6602025805E+02    0.3247430213E+02    0.8234672981E+03
          96    0.9350065624E+02   -0.9430104512E+02   -0.1943593414E+03
          97    0.8110718838E+02   -0.7092832227E+02    0.1656403393E+03
          98    0.7835428271E+02   -0.7354068081E+02    0.1534425070E+03
          99    0.8119887418E+02   -0.7101817659E+02   -0.1634346756E+03
         100    0.8688424174E+02   -0.4146710507E+02   -0.7311102847E+03
