Model_ID, [(c_i,i=0,n)_j,j=1,ntask]
           1    0.1297736227E+02    0.1770116251E+03   -0.1493869891E+02
           2    0.4406226563E+01    0.1084674843E+03    0.8022997795E+01
           3    0.4723836373E+01    0.1066783460E+03    0.8368076393E+01
           4    0.1439073876E+02    0.1351468537E+03   -0.1543448750E+02
           5    0.1598193313E+02    0.3547168396E+02   -0.1448041564E+02
           6    0.1276581389E+02    0.1759106066E+03   -0.1457606043E+02
           7    0.1377520050E+02    0.1308646601E+03   -0.1369678673E+02
           8    0.1539729989E+02    0.3579946294E+02   -0.1376157274E+02
           9    0.4715982822E+01    0.1046205523E+03    0.8435290288E+01
          10    0.1309189949E+02    0.1368248994E+03   -0.1267960523E+02
          11    0.2067941439E+02    0.3474285856E+02   -0.1959372620E+02
          12    0.2071003286E+02   -0.3473194335E+02   -0.1964023397E+02
          13    0.4861170123E+01    0.8554290697E+02    0.7833091400E+01
          14    0.4356618148E+01    0.1065876233E+03    0.7748437067E+01
          15    0.1607084489E+02    0.3531593237E+02   -0.1449167115E+02
          16    0.1427685717E+02    0.2191438991E+03   -0.1407817642E+02
          17    0.2098600381E+02    0.3484849902E+02   -0.2012148624E+02
          18    0.1245468415E+02    0.1762777344E+03   -0.1414887304E+02
          19    0.1394396606E+02    0.1285604534E+03   -0.1389369230E+02
          20    0.4361480770E+01    0.1072808830E+03   -0.7992608315E+01
          21    0.1077799285E+02    0.5165917138E+02   -0.1132080680E+02
          22    0.1271514585E+02    0.1464708855E+03   -0.1440927735E+02
          23    0.2060510339E+02   -0.3464121449E+02   -0.1944092787E+02
          24    0.2131291628E+02   -0.3510275455E+02   -0.2072470686E+02
          25    0.1346885476E+02    0.3302003132E+02   -0.1415560789E+02
          26    0.1412674785E+02    0.1341114620E+03   -0.1497301481E+02
          27    0.1179417602E+02    0.1820518089E+03   -0.1313867514E+02
          28    0.4737090467E+01    0.1045893919E+03    0.8490100021E+01
          29    0.1398735415E+02    0.3258967249E+02   -0.1487979081E+02
          30    0.1413643594E+02    0.3258249251E+02   -0.1511717337E+02
          31    0.2026200605E+02    0.3453262562E+02   -0.1897291300E+02
          32    0.2025275639E+02    0.3453698180E+02   -0.1896529031E+02
          33    0.3550915348E+01    0.7250028654E+02   -0.8851769176E+02
          34    0.2044544547E+02    0.3442841017E+02   -0.1911942104E+02
          35    0.4667794007E+01    0.1049873555E+03   -0.8495287758E+01
          36    0.4661207186E+01    0.1050848742E+03   -0.8492840224E+01
          37    0.2064228485E+02    0.3429749105E+02   -0.1925579454E+02
          38    0.4527861896E+01    0.1057046082E+03   -0.8563875381E+01
          39    0.1132046072E+02    0.1861648846E+03   -0.1245733854E+02
          40    0.2064210974E+02    0.3426656731E+02   -0.1923866781E+02
          41    0.2025033599E+02    0.3454506224E+02   -0.1899001953E+02
          42    0.1174867903E+02    0.1831324637E+03   -0.1323988875E+02
          43    0.2025031585E+02    0.3451641601E+02   -0.1897353604E+02
          44    0.4562533781E+01    0.1095066192E+03    0.7737253299E+01
          45    0.4916558973E+01    0.1039058474E+03    0.8218207294E+01
          46    0.1362521856E+02    0.1311642297E+03   -0.1398364651E+02
          47    0.4418872807E+01    0.1063088451E+03   -0.8248750363E+01
          48    0.2062994910E+02    0.3429023948E+02   -0.1925804963E+02
          49    0.4696112780E+01    0.1046751437E+03    0.8462259440E+01
          50    0.3405291962E+01    0.1126191777E+03    0.6781769979E+01
          51    0.2063930935E+02    0.3428235925E+02   -0.1926485469E+02
          52    0.4594655755E+01    0.8650406251E+02    0.7305546748E+01
          53    0.1227046636E+02    0.1753518458E+03   -0.1384395782E+02
          54    0.4660739004E+01    0.1049075280E+03   -0.8454508392E+01
          55    0.4662123317E+01    0.1048993673E+03   -0.8453450360E+01
          56    0.4663505879E+01    0.1048912151E+03    0.8452363792E+01
          57    0.7359260960E+01    0.9449255599E+02    0.8998691970E+01
          58    0.1613884700E+02    0.6928809734E+02   -0.1634063654E+02
          59    0.2036313046E+02    0.3479800652E+02   -0.1923925565E+02
          60    0.1661934164E+02    0.3687669086E+02   -0.1444832176E+02
          61    0.1591016073E+02    0.3170088725E+02   -0.1741146524E+02
          62    0.1255370079E+02    0.1457280761E+03   -0.1415362757E+02
          63    0.1181431600E+01    0.1043116427E+03    0.2054217515E+02
          64    0.4627657446E+01    0.1051255163E+03   -0.8432393343E+01
          65    0.3786040996E+01    0.4878635079E+02   -0.1031575004E+03
          66    0.1217109755E+02    0.1517467862E+03   -0.1371428523E+02
          67    0.1158337664E+02    0.1450050725E+03   -0.1058135789E+02
          68    0.1601333970E+02    0.6947416456E+02   -0.1624023303E+02
          69    0.1222606316E+01    0.1049351664E+03   -0.2020977906E+02
          70    0.4122162857E+01    0.1080475423E+03   -0.7667266271E+01
          71    0.4662720096E+01    0.1047171252E+03    0.8408066600E+01
          72    0.3485997579E+01    0.7202758283E+02   -0.9626432075E+02
          73    0.4656232339E+01    0.1048135751E+03    0.8406292474E+01
          74    0.1664288966E+02    0.4126460817E+02   -0.1539927177E+02
          75    0.1568345735E+02    0.5513446237E+02   -0.1539190160E+02
          76    0.1404041921E+02    0.2178784293E+03   -0.1368637771E+02
          77    0.1277611680E+02    0.1424084947E+03   -0.1294148065E+02
          78    0.4269753041E+01    0.1111238109E+03    0.7143169817E+01
          79    0.1098894387E+02    0.1458822366E+03   -0.1262138703E+02
          80    0.4390326577E+01    0.1065721743E+03    0.7784344341E+01
          81    0.7439362290E+01    0.8618466580E+02    0.8976650511E+01
          82    0.1154941575E+02    0.1447882755E+03   -0.1052183715E+02
          83    0.3224643457E+01    0.1136502004E+03    0.6341116314E+01
          84    0.4337850924E+01    0.1069578732E+03   -0.7791907303E+01
          85    0.4374279649E+01    0.1153526521E+03    0.8326316483E+01
          86    0.4582912739E+01    0.1058159915E+03    0.7572430291E+01
          87    0.3882138743E+01    0.1113294930E+03    0.7042956145E+01
          88    0.1319933820E+02    0.1390142817E+03   -0.1356010005E+02
          89    0.2803626811E+01    0.6841898691E+02   -0.5731831717E+02
          90    0.2062650749E+02    0.3857182708E+02   -0.2024842764E+02
          91    0.1120257295E+02    0.1438191194E+03   -0.1300265709E+02
          92    0.4257715847E+01    0.1073002018E+03   -0.7846499304E+01
          93    0.1061366398E+02    0.1485657333E+03   -0.1194899948E+02
          94    0.4585507162E+01    0.1052173392E+03   -0.8359704457E+01
          95    0.1202960693E+02    0.1510698853E+03   -0.1349769663E+02
          96    0.1052490768E+02    0.1489739683E+03   -0.1158025067E+02
          97    0.4327768734E+01    0.1068522547E+03   -0.7769026862E+01
          98    0.1062102529E+02    0.1482765262E+03   -0.1196427399E+02
          99    0.4156951942E+01    0.1173866979E+03    0.7764922799E+01
         100    0.4366635666E+01    0.1066039100E+03    0.7761659388E+01
