     Index              y_true              y_pred        descriptor_1        descriptor_2
         1    0.3200000000E+01    0.7123841312E+01    0.2000000000E+01    0.0000000000E+00
         2    0.1850000000E+02    0.1125742927E+02    0.1830806250E+01    0.0000000000E+00
         3    0.8872000000E+02    0.7265424083E+02   -0.6822542900E+00    0.0000000000E+00
         4    0.2045000000E+02    0.2470227538E+02    0.1280489200E+01    0.0000000000E+00
         5    0.2067000000E+02    0.2211708186E+02    0.1386304920E+01    0.0000000000E+00
         6    0.2078000000E+02    0.2472791581E+02    0.1279439700E+01    0.0000000000E+00
         7    0.1845000000E+02    0.1730843642E+02    0.1858744340E+01   -0.8114023555E-02
         8    0.4263000000E+02    0.6314715743E+02   -0.2103050100E+00   -0.2437922122E-02
         9    0.6056000000E+02    0.5632126551E+02    0.3781681200E+00   -0.1153714343E-01
        10    0.3615000000E+02    0.4931525250E+02   -0.3257947000E+00    0.1762966971E-01
        11    0.1790000000E+02    0.3278097224E+02    0.7330831200E+00    0.6380573393E-02
        12    0.4216000000E+02    0.3506379423E+02    0.7267899100E+00    0.3815017121E-02
        13    0.1464000000E+02    0.3478808167E+02    0.7427343400E+00    0.3677853957E-02
        14    0.2796000000E+02    0.3748101806E+02    0.1261255200E+01   -0.1483228795E-01
        15    0.3187000000E+02    0.2663233919E+02    0.1064086110E+01    0.4045102945E-02
        16    0.3120000000E+02    0.2748928733E+02    0.1032423600E+01    0.3944606842E-02
        17    0.2551000000E+02    0.1960511442E+02    0.1258627330E+01    0.6785745528E-02
        18    0.1790000000E+02    0.2517905395E+02    0.1120692020E+01    0.4129864769E-02
        19    0.3682000000E+02    0.3542092284E+02   -0.6948544400E+00    0.4523752199E-01
        20    0.5646000000E+02    0.6967483870E+02   -0.5603030400E+00    0.0000000000E+00
        21    0.7520000000E+02    0.7289967289E+02   -0.6923001800E+00    0.0000000000E+00
        22    0.8285000000E+02    0.7231384652E+02   -0.7734325500E+00    0.3094443908E-02
        23    0.6942000000E+02    0.7936992777E+02   -0.1002631760E+01    0.1339351358E-02
        24    0.7737000000E+02    0.6940329251E+02   -0.9893817600E+00    0.1295918494E-01
        25    0.6383000000E+02    0.5428262597E+02    0.3560440000E-01    0.1004429689E-02
        26    0.5774000000E+02    0.4375795406E+02    0.6439605900E+00   -0.4223071394E-02
        27    0.4307000000E+02    0.4274485165E+02   -0.6355365500E+00    0.3466579984E-01
        28    0.2720000000E+02    0.2217236416E+02    0.1582483440E+01   -0.5842061660E-02
        29    0.6276000000E+02    0.4930467084E+02    0.3445284600E+00   -0.2091723027E-02
        30    0.5015000000E+02    0.4678706218E+02    0.3721709300E+00    0.1282370861E-03
        31    0.2680000000E+02    0.2249012215E+02    0.1371035840E+01    0.0000000000E+00
        32    0.9080000000E+02    0.9414236149E+02   -0.5005156800E+00   -0.3124377131E-01
        33    0.6660000000E+02    0.6955319454E+02   -0.6219367000E+00    0.1961061935E-02
        34    0.7420000000E+02    0.6526096920E+02   -0.2789262000E+00   -0.2964899217E-02
        35    0.6511000000E+02    0.6934486343E+02   -0.2663680000E+00   -0.8255748996E-02
        36    0.6029000000E+02    0.5930190170E+02   -0.5115845000E-01   -0.2489579051E-02
