     Index              y_true              y_pred        descriptor_1
         1    0.3200000000E+01    0.2423573480E+02    0.0000000000E+00
         2    0.1850000000E+02    0.2423573480E+02    0.0000000000E+00
         3    0.8872000000E+02    0.7938279076E+02   -0.4540466522E+00
         4    0.2067000000E+02    0.1760796761E+02    0.5456892403E-01
         5    0.2548000000E+02    0.3408020906E+02   -0.8105329469E-01
         6    0.2817000000E+02    0.2512768779E+02   -0.7343787584E-02
         7    0.6524000000E+02    0.4069189366E+02   -0.1354898046E+00
         8    0.4537000000E+02    0.5332760328E+02   -0.2395244000E+00
         9    0.4263000000E+02    0.4322930138E+02   -0.1563812459E+00
        10    0.5090000000E+02    0.5643073791E+02   -0.2650736857E+00
        11    0.1790000000E+02    0.2790165846E+02   -0.3018294146E-01
        12    0.4216000000E+02    0.3266456459E+02   -0.6939775627E-01
        13    0.1464000000E+02    0.3624859720E+02   -0.9890645765E-01
        14    0.2796000000E+02    0.2272655877E+02    0.1242561936E-01
        15    0.3187000000E+02    0.2347439108E+02    0.6268431960E-02
        16    0.3120000000E+02    0.2290271734E+02    0.1097523900E-01
        17    0.2551000000E+02    0.2411223849E+02    0.1016792040E-02
        18    0.1790000000E+02    0.2336634097E+02    0.7158049536E-02
        19    0.3007000000E+02    0.2517760213E+02   -0.7754751336E-02
        20    0.2681000000E+02    0.2301691549E+02    0.1003500219E-01
        21    0.2622000000E+02    0.3111643560E+02   -0.5665142240E-01
        22    0.5646000000E+02    0.7090576200E+02   -0.3842520555E+00
        23    0.6900000000E+02    0.6732812022E+02   -0.3547959722E+00
        24    0.7520000000E+02    0.7986075969E+02   -0.4579819519E+00
        25    0.8285000000E+02    0.7110940801E+02   -0.3859287504E+00
        26    0.6942000000E+02    0.6779443310E+02   -0.3586353032E+00
        27    0.7737000000E+02    0.8949147519E+02   -0.5372752896E+00
        28    0.6383000000E+02    0.6241126492E+02   -0.3143136355E+00
        29    0.5774000000E+02    0.5733794481E+02   -0.2725430646E+00
        30    0.4307000000E+02    0.2489372573E+02   -0.5417489168E-02
        31    0.2720000000E+02    0.2606829066E+02   -0.1508812822E-01
        32    0.5060000000E+01    0.2423573480E+02    0.0000000000E+00
        33    0.9080000000E+02    0.8641686971E+02   -0.5119608952E+00
        34    0.6660000000E+02    0.6958739826E+02   -0.3733974662E+00
        35    0.7420000000E+02    0.5354493101E+02   -0.2413137417E+00
        36    0.6511000000E+02    0.6298620071E+02   -0.3190473002E+00
