     Index              y_true              y_pred        descriptor_1        descriptor_2
         1    0.2050000000E+02    0.3676257758E+01    0.1000000000E+01    0.0000000000E+00
         2    0.1399000000E+03    0.1298042095E+03    0.6026058100E+00    0.0000000000E+00
         3    0.4610000000E+03    0.3844441248E+03   -0.1996939300E+00    0.0000000000E+00
         4    0.2256100000E+03    0.2411099488E+03    0.2519123000E+00    0.0000000000E+00
         5    0.3200000000E+03    0.3277162589E+03   -0.2096016000E-01    0.0000000000E+00
         6    0.8981300000E+02    0.8519436310E+02    0.6633510900E+00   -0.1487406958E+00
         7    0.1114000000E+03    0.1164692406E+03    0.5017370400E+00   -0.2662967036E+00
         8    0.3540000000E+03    0.3295641172E+03    0.4445186000E-01    0.1327613102E+00
         9    0.1338500000E+03    0.1780466429E+03    0.4837899600E+00    0.6184362541E-01
        10    0.2362500000E+03    0.2346405415E+03    0.3352190500E+00    0.1172724526E+00
        11    0.3535000000E+03    0.3433200460E+03   -0.3145402000E-01    0.7206930744E-01
        12    0.2800000000E+03    0.2706847755E+03    0.2000462400E+00    0.7700199300E-01
        13    0.2606000000E+03    0.2116763128E+03    0.4023630000E+00    0.1075624729E+00
        14    0.2677000000E+03    0.2762802248E+03    0.2645370400E+00    0.2300526380E+00
        15    0.2195740000E+03    0.1993921096E+03    0.4805435100E+00    0.1811359021E+00
        16    0.1875850000E+03    0.2057680857E+03    0.3743159400E+00    0.2059653960E-01
        17    0.2234200000E+03    0.2197261178E+03    0.3086414100E+00   -0.1984019425E-01
        18    0.1721500000E+03    0.1908675889E+03    0.3840384100E+00   -0.4878063916E-01
        19    0.1984000000E+03    0.1802931822E+03    0.2783837400E+00   -0.3077866719E+00
        20    0.2443500000E+03    0.2330730289E+03    0.1296432400E+00   -0.2750704230E+00
        21    0.1516000000E+03    0.1696660332E+03    0.5540573300E+00    0.1435913854E+00
        22    0.2720000000E+03    0.3310555480E+03   -0.2399613000E-01    0.1395041607E-01
        23    0.3340000000E+03    0.3409825148E+03   -0.3427180100E+00   -0.5217696729E+00
        24    0.4062400000E+03    0.3994059719E+03   -0.2468345600E+00    0.0000000000E+00
        25    0.3590000000E+03    0.3792149173E+03   -0.1814204800E+00    0.3350371500E-02
        26    0.3474000000E+03    0.3607065738E+03   -0.5959602000E-01    0.1217156445E+00
        27    0.3124500000E+03    0.2984195050E+03    0.1446672600E+00    0.1366516017E+00
        28    0.2930000000E+03    0.3076938387E+03    0.6162184000E-01    0.3633701699E-01
        29    0.3410000000E+03    0.3223966085E+03    0.9730467000E-01    0.1891764470E+00
        30    0.2300000000E+03    0.2202360327E+03    0.2912673300E+00   -0.4922655549E-01
        31    0.1591000000E+03    0.1822906676E+03    0.4413887800E+00    0.7740528693E-02
        32    0.4260000000E+03    0.4288789621E+03   -0.3346028400E+00    0.9491871060E-02
        33    0.3525250000E+03    0.3668823733E+03   -0.1294992000E+00    0.2769976309E-01
        34    0.3092000000E+03    0.2963017306E+03    0.1457688000E+00    0.1262687873E+00
        35    0.2375000000E+03    0.2519919108E+03    0.2764048000E+00    0.1095474716E+00
        36    0.3670000000E+03    0.3797466347E+03   -0.1885670000E-01    0.3094480400E+00
