Model_ID, [(c_i,i=0,n)_j,j=1,ntask]
           1    0.5049814527E+02   -0.4305286973E+02    0.1761585244E+03
           2    0.4994618024E+02   -0.4193325955E+02    0.4008058424E+03
           3    0.4996486969E+02   -0.4198571292E+02    0.4004412645E+03
           4    0.4790776013E+02    0.3890288773E+02    0.1925029185E+03
           5    0.4662250306E+02    0.4393839801E+02    0.3696923225E+03
           6    0.4664378278E+02    0.4389135290E+02    0.3711127864E+03
           7    0.4752914376E+02   -0.4320939509E+02    0.3126185179E+03
           8    0.4750107536E+02    0.3891260746E+02    0.1859161940E+03
           9    0.4840297054E+02    0.3843836639E+02    0.1935205573E+03
          10    0.4657919500E+02    0.4402076092E+02    0.3627137998E+03
          11    0.5077807103E+02   -0.4388955145E+02    0.1703626588E+03
          12    0.4981850683E+02   -0.4128163248E+02    0.1709958012E+03
          13    0.4838508463E+02    0.3880993065E+02   -0.1934533330E+03
          14    0.4722876205E+02    0.4378195749E+02   -0.3743051852E+03
          15    0.4934796277E+02   -0.4034910802E+02    0.3935459105E+03
          16    0.4721667646E+02    0.3796008486E+02    0.4328537985E+03
          17    0.4736304697E+02    0.4458217834E+02    0.3852661968E+03
          18    0.4977880511E+02   -0.4118247634E+02    0.1703753888E+03
          19    0.4801735319E+02    0.3866999618E+02    0.1915567041E+03
          20    0.5010726802E+02   -0.4166981562E+02    0.1377132931E+03
          21    0.5174493924E+02    0.4548854539E+02    0.1155710452E+03
          22    0.4801684748E+02    0.3866110777E+02    0.1915028743E+03
          23    0.4764079465E+02    0.4527924121E+02    0.3835205890E+03
          24    0.4865496011E+02    0.3961863876E+02    0.1989165281E+03
          25    0.4832385928E+02    0.3866761232E+02    0.1809015066E+03
          26    0.4765583021E+02    0.4531191465E+02    0.3831300160E+03
          27    0.4826675224E+02    0.3818000368E+02   -0.1913340577E+03
          28    0.4828793322E+02    0.3813913206E+02   -0.1911535341E+03
          29    0.4826023522E+02    0.3819121256E+02    0.1913675346E+03
          30    0.4868519532E+02    0.3968821922E+02    0.1991291177E+03
          31    0.5210337514E+02   -0.4682536191E+02    0.1825035900E+03
          32    0.4872100247E+02   -0.4646173539E+02    0.2131707294E+03
          33    0.4933495649E+02   -0.4478611236E+02    0.3604203478E+03
          34    0.4690876301E+02    0.4175811882E+02    0.1029850203E+03
          35    0.5484631202E+02    0.4996664831E+02    0.2339353332E+03
          36    0.4756467958E+02   -0.4471174904E+02    0.3096851088E+03
          37    0.4880826549E+02   -0.4075040817E+02    0.1316056413E+03
          38    0.5005208992E+02   -0.4192415819E+02    0.1273077787E+03
          39    0.4961245975E+02   -0.4209163333E+02    0.1345336463E+03
          40    0.5003727662E+02   -0.4139768630E+02    0.1369282942E+03
          41    0.4817708248E+02    0.3672517641E+02    0.4231356048E+03
          42    0.5004486199E+02   -0.4137703928E+02   -0.1368337479E+03
          43    0.4723814283E+02    0.4234931869E+02    0.1003348114E+04
          44    0.5022516383E+02   -0.4277145048E+02    0.3843398601E+03
          45    0.3637928017E+02    0.4914475425E+02    0.7713547520E+02
          46    0.3696264946E+02    0.5002540322E+02    0.7995633232E+02
          47    0.5345936504E+02    0.4529805670E+02    0.1128273838E+03
          48    0.4738731801E+02    0.4389595564E+02    0.3720453633E+03
          49    0.5241991467E+02    0.4516964105E+02    0.1108045156E+03
          50    0.5002025505E+02   -0.4197024282E+02   -0.1371675977E+03
          51    0.4948097793E+02   -0.4001028455E+02    0.1358298483E+03
          52    0.4835395014E+02    0.3868111661E+02   -0.1760309426E+03
          53    0.4816265538E+02    0.3825118187E+02   -0.1903142003E+03
          54    0.4873507200E+02    0.4463777958E+02    0.7872894846E+02
          55    0.4733592944E+02    0.3779930769E+02    0.4317604269E+03
          56    0.4812502324E+02    0.3831307403E+02    0.1903754160E+03
          57    0.4579067913E+02    0.3921371432E+02    0.8611540678E+02
          58    0.5591122087E+02    0.5042911294E+02    0.2125988088E+03
          59    0.5155368585E+02    0.4618902160E+02    0.1152332805E+03
          60    0.4741579046E+02    0.3766574482E+02    0.4337342486E+03
          61    0.4811408912E+02    0.3832796518E+02    0.1903174572E+03
          62    0.4785925354E+02    0.3766025948E+02   -0.4398738661E+03
          63    0.4815481071E+02    0.3841000501E+02    0.1909035818E+03
          64    0.4810164821E+02    0.3834442167E+02    0.1902517405E+03
          65    0.4706705622E+02    0.4283119387E+02   -0.3657524152E+03
          66    0.4820900487E+02    0.3847319857E+02    0.1914059517E+03
          67    0.3620500263E+02    0.4916351336E+02    0.7507659123E+02
          68    0.4808901924E+02    0.3836040951E+02    0.1901742369E+03
          69    0.4804592151E+02    0.3827246921E+02    0.1894265520E+03
          70    0.4725052737E+02    0.4249155622E+02    0.3658301538E+03
          71    0.5114392306E+02    0.4151815222E+02    0.1466525541E+03
          72    0.4795562781E+02    0.3802806556E+02    0.1327319366E+03
          73    0.4811031816E+02    0.3932303240E+02    0.1501226917E+03
          74    0.4807763441E+02    0.3837416411E+02    0.1900878387E+03
          75    0.4698043753E+02    0.4303685562E+02   -0.3681213846E+03
          76    0.4936491309E+02   -0.4643136520E+02    0.3551081474E+03
          77    0.4835199857E+02    0.3739091871E+02    0.1834377853E+03
          78    0.4734784139E+02    0.4332734007E+02   -0.3377971477E+03
          79    0.5630164990E+02    0.5222622378E+02    0.1216520926E+03
          80    0.4836321876E+02    0.3867023941E+02    0.1727396552E+03
          81    0.4843989310E+02   -0.3946439858E+02    0.3657229082E+03
          82    0.4778251232E+02    0.4253438618E+02    0.6676948560E+02
          83    0.4735493213E+02    0.4332527520E+02    0.3369811825E+03
          84    0.4696375862E+02    0.4307247180E+02    0.3682640132E+03
          85    0.4696719020E+02    0.4306537796E+02    0.3681758429E+03
          86    0.4924399301E+02   -0.3844149830E+02    0.3613629617E+03
          87    0.4807260016E+02    0.3852760418E+02    0.5178548007E+03
          88    0.4943114088E+02   -0.3974573570E+02   -0.1353255009E+03
          89    0.4798323104E+02    0.3818817844E+02   -0.1883500920E+03
          90    0.4734035596E+02    0.4378449719E+02    0.1537912176E+03
          91    0.4731801614E+02    0.4378626087E+02    0.1531460894E+03
          92    0.4776246918E+02    0.3704835933E+02   -0.4369225520E+03
          93    0.4692326210E+02    0.4314834129E+02    0.3687193839E+03
          94    0.4775549682E+02    0.3706022876E+02    0.4370140099E+03
          95    0.4829576929E+02    0.3856442539E+02    0.1917699960E+03
          96    0.4726575275E+02    0.4243271107E+02   -0.3639351138E+03
          97    0.3653700540E+02    0.4958671149E+02    0.7635146571E+02
          98    0.3689826681E+02    0.4859222612E+02   -0.7766424822E+02
          99    0.4803360043E+02    0.3842070417E+02    0.1897566454E+03
         100    0.4682285578E+02    0.4296784892E+02    0.3636788544E+03
