     Index              y_true              y_pred        descriptor_1        descriptor_2
         1    0.9540000000E+01    0.8337031207E+01   -0.9477985000E-01   -0.4239728962E-01
         2    0.7980000000E+01    0.5175210364E+01   -0.9019410000E-01    0.1284166400E-02
         3    0.7530000000E+01    0.8107952591E+01   -0.1349705900E+00   -0.1365189252E-01
         4    0.1128000000E+02    0.1012139113E+02   -0.2007390500E+00   -0.1794411420E-02
         5    0.1799000000E+02    0.2142568322E+02   -0.4688649400E+00    0.9415375200E-03
         6    0.2455000000E+02    0.2126938115E+02   -0.4050135600E+00   -0.3706293730E-01
         7    0.3850000000E+02    0.3717601148E+02   -0.4242065000E+00   -0.2592651327E+00
         8    0.4660000000E+01    0.4298625707E+01   -0.1750948500E+00    0.6779158879E-01
         9    0.6140000000E+01    0.4313782465E+01   -0.6679722000E-01   -0.7958361950E-03
        10    0.3366000000E+02    0.3493206615E+02   -0.5201417600E+00   -0.1656496800E+00
        11    0.1546000000E+02    0.9966109401E+01   -0.1274000000E+00   -0.4580312000E-01
        12    0.4200000000E+00    0.1397290354E+01    0.0000000000E+00    0.0000000000E+00
        13    0.1002000000E+02    0.1193398808E+02   -0.2716563200E+00    0.1627188116E-01
        14    0.2213000000E+02    0.2220615313E+02   -0.3262921200E+00   -0.1005562071E+00
        15    0.1040000000E+01    0.6792265136E+01   -0.1247871000E+00   -0.6991641360E-03
        16    0.2280000000E+01    0.1397290354E+01    0.0000000000E+00    0.0000000000E+00
        17    0.2600000000E+01    0.1397290354E+01    0.0000000000E+00    0.0000000000E+00
        18    0.4810000000E+01    0.6436763734E+01   -0.1397945800E+00    0.1401131710E-01
        19    0.1316000000E+02    0.1611697472E+02   -0.4146350500E+00    0.4490999616E-01
        20    0.1560000000E+01   -0.3903081002E+00   -0.6802500000E-01    0.6927440157E-01
        21    0.4090000000E+02    0.3367156039E+02   -0.7116476400E+00   -0.2619103608E-01
        22    0.2218000000E+02    0.2509578556E+02   -0.5146082600E+00   -0.2424612960E-01
        23    0.2977000000E+02    0.2895212082E+02   -0.5586807600E+00   -0.5323188816E-01
        24    0.2305000000E+02    0.2757517854E+02   -0.3279850200E+00   -0.1785777775E+00
        25    0.1925000000E+02    0.2149834319E+02   -0.5134060800E+00    0.2798831412E-01
        26    0.7350000000E+01    0.9551385623E+01   -0.1912767500E+00    0.6290580800E-03
        27    0.1470000000E+02    0.1119800914E+02   -0.2118000000E+00   -0.1067154000E-01
        28    0.1000000000E+00    0.1397290354E+01    0.0000000000E+00    0.0000000000E+00
        29    0.5980000000E+01    0.5219405707E+01   -0.1383238500E+00    0.3101560308E-01
        30    0.3600000000E+01    0.6860731326E+01   -0.1352596000E+00    0.4903160500E-02
        31    0.5650000000E+01    0.4409236728E+01   -0.9026428000E-01    0.1261190045E-01
