        Rank        RMSE       MaxAE  Feature_ID
           1    3.128717    5.712374  (       1)
           2    3.337653    6.184496  (       2)
           3    3.420311    8.038544  (       3)
           4    3.666046    8.048297  (       4)
           5    3.684363    6.630913  (       5)
           6    3.702262    8.432196  (       6)
           7    3.709258   10.890879  (       7)
           8    3.733921    8.466027  (       8)
           9    3.766923    8.230348  (       9)
          10    3.790557    8.495477  (      10)
          11    3.791508    8.899706  (      11)
          12    3.842075    8.419085  (      12)
          13    3.861056    8.747996  (      13)
          14    3.873901    8.695913  (      14)
          15    3.902951    9.074316  (      15)
          16    3.909638    8.935531  (      16)
          17    3.912749    8.937636  (      17)
          18    3.921595    8.094404  (      18)
          19    3.922530    8.093713  (      19)
          20    3.923717    8.663099  (      20)
          21    3.925765    9.580565  (      21)
          22    3.925831   12.180357  (      22)
          23    3.928734    8.657738  (      23)
          24    3.931188    8.946607  (      24)
          25    3.933276    8.085831  (      25)
          26    3.936138    8.664608  (      26)
          27    3.942043    8.899897  (      27)
          28    3.947032    8.075911  (      28)
          29    3.957290    9.757071  (      29)
          30    3.960583    8.746717  (      30)
          31    3.964864    8.260766  (      31)
          32    3.965432    8.276053  (      32)
          33    3.968465    8.294451  (      33)
          34    3.970772    8.302900  (      34)
          35    3.972550    8.389948  (      35)
          36    4.009975    8.366893  (      36)
          37    4.024797    8.612146  (      37)
          38    4.032269    8.613948  (      38)
          39    4.033123    9.556904  (      39)
          40    4.038221    8.559152  (      40)
          41    4.047097    7.829068  (      41)
          42    4.055962   10.151636  (      42)
          43    4.062921   10.440324  (      43)
          44    4.073584    9.681998  (      44)
          45    4.074580    8.065387  (      45)
          46    4.082877   10.232855  (      46)
          47    4.085500   10.143114  (      47)
          48    4.099381   10.715994  (      48)
          49    4.108157    8.987254  (      49)
          50    4.120211   10.765760  (      50)
          51    4.123282   11.235294  (      51)
          52    4.134451   10.258463  (      52)
          53    4.134728    9.421693  (      53)
          54    4.137740    8.374230  (      54)
          55    4.138599    8.328952  (      55)
          56    4.139073    8.392979  (      56)
          57    4.141976    8.415026  (      57)
          58    4.145718    8.740984  (      58)
          59    4.145962    8.452768  (      59)
          60    4.149932   10.086075  (      60)
          61    4.150947    8.455382  (      61)
          62    4.150975    8.455283  (      62)
          63    4.151015    8.455143  (      63)
          64    4.151022    9.771103  (      64)
          65    4.151029    8.455094  (      65)
          66    4.151083    8.454904  (      66)
          67    4.151137    8.454715  (      67)
          68    4.151151    8.454666  (      68)
          69    4.151191    8.454526  (      69)
          70    4.151219    8.454427  (      70)
          71    4.152835    8.491607  (      71)
          72    4.156818    9.021979  (      72)
          73    4.157315    8.021039  (      73)
          74    4.157362    8.408079  (      74)
          75    4.157597    8.652855  (      75)
          76    4.162210    8.459396  (      76)
          77    4.165083    8.493804  (      77)
          78    4.174736    8.514498  (      78)
          79    4.178973   10.972125  (      79)
          80    4.181195   10.128657  (      80)
          81    4.181651    8.232348  (      81)
          82    4.183970    8.531663  (      82)
          83    4.208707    8.436554  (      83)
          84    4.209979    8.571539  (      84)
          85    4.218685    9.525452  (      85)
          86    4.222450    8.649363  (      86)
          87    4.225431    7.938120  (      87)
          88    4.227838    7.239369  (      88)
          89    4.229975   10.637739  (      89)
          90    4.232693    8.420772  (      90)
          91    4.241235    8.743740  (      91)
          92    4.246673    8.114109  (      92)
          93    4.247402    8.824288  (      93)
          94    4.247949    7.921732  (      94)
          95    4.249230    9.369257  (      95)
          96    4.251551    8.366444  (      96)
          97    4.254755   10.136939  (      97)
          98    4.255563   10.093104  (      98)
          99    4.255706    9.242138  (      99)
         100    4.256692    8.070130  (     100)
