Model_ID, [(c_i,i=0,n)_j,j=1,ntask]
           1    0.5755732714E+02    0.3976069572E+02
           2    0.5584534794E+02   -0.4825294119E+02
           3    0.5358573626E+02    0.3570574474E+02
           4    0.5464092176E+02    0.4638132285E+02
           5    0.5466705550E+02   -0.3943995983E+02
           6    0.5133492581E+02    0.3386376139E+02
           7    0.2343430291E+02    0.1685798833E+03
           8    0.6765653742E+02    0.3185285066E+02
           9    0.5755029924E+02   -0.2553586009E+02
          10    0.4531252899E+02    0.4262634936E+02
          11    0.2935571873E+02    0.5249405099E+02
          12    0.7177191991E+02    0.6352132987E+02
          13    0.5519781826E+02   -0.4025646628E+02
          14    0.2568083902E+02   -0.1478826827E+03
          15    0.5524145232E+02   -0.3994270997E+02
          16    0.5335892835E+02    0.3951513148E+02
          17    0.5523115244E+02   -0.4028993582E+02
          18    0.5420702777E+02   -0.4528829548E+02
          19    0.5532706552E+02   -0.3944403011E+02
          20    0.4499940018E+02   -0.4257192815E+02
          21    0.5455688692E+02   -0.3892958848E+02
          22    0.2515277287E+02   -0.1415147639E+03
          23    0.5172157131E+02   -0.4289423796E+02
          24    0.5647531431E+02    0.2464221857E+02
          25    0.5736890734E+02    0.4357259027E+02
          26    0.2009221954E+02    0.3661614875E+02
          27    0.4530866359E+02   -0.4150704996E+02
          28    0.5506210789E+02   -0.4120931468E+02
          29    0.5624269790E+02    0.4454763557E+02
          30    0.5517221717E+02   -0.3940886399E+02
          31    0.2184514529E+02   -0.7525439895E+02
          32    0.5097789296E+02   -0.3567361754E+02
          33    0.5554288305E+02   -0.3823273702E+02
          34    0.4503915174E+02   -0.4183031731E+02
          35    0.5590992774E+02    0.3955116752E+02
          36    0.5566415739E+02    0.4257522865E+02
          37    0.5042656621E+02    0.4095580572E+02
          38    0.5518115674E+02   -0.3938357152E+02
          39    0.6778207171E+02   -0.2103948317E+02
          40    0.4505631756E+02   -0.4186266165E+02
          41    0.5411800750E+02    0.4877562304E+02
          42    0.6872753385E+02    0.2777270656E+02
          43    0.4501393478E+02   -0.4191997900E+02
          44    0.4533304340E+02   -0.4100793046E+02
          45    0.5693481543E+02   -0.4172354940E+02
          46    0.5805330679E+02    0.4807468513E+02
          47    0.3002947080E+02    0.5041476554E+02
          48    0.4806930998E+02    0.3863316300E+02
          49    0.5225819934E+02   -0.3828425535E+02
          50    0.4986129055E+02   -0.3359349209E+02
          51    0.4517039618E+02   -0.4143414901E+02
          52    0.5424972333E+02   -0.3965330998E+02
          53    0.4489670764E+02   -0.4199642747E+02
          54    0.2247893874E+02   -0.3752614224E+02
          55    0.5771655793E+02   -0.4654149066E+02
          56    0.5079081793E+02   -0.4089706471E+02
          57    0.5679258931E+02    0.2046101471E+02
          58    0.4883526187E+02   -0.3907448637E+02
          59    0.6192260347E+02    0.2349380458E+02
          60    0.4512292511E+02   -0.4152304053E+02
          61    0.5756093522E+02    0.4778574013E+02
          62    0.5509287257E+02   -0.4265696946E+02
          63    0.2476836528E+02    0.1150883531E+03
          64    0.2458721529E+02    0.5677996578E+02
          65    0.4794581548E+02   -0.3836209074E+02
          66    0.4490525758E+02   -0.4142889639E+02
          67    0.2086903129E+02   -0.5071574251E+02
          68    0.5097163511E+02   -0.3506724704E+02
          69    0.4170345472E+02   -0.3424162135E+02
          70    0.2335265936E+02    0.1469210007E+03
          71    0.2325062944E+02   -0.5442033443E+02
          72    0.5505616936E+02   -0.4223314155E+02
          73    0.4894074570E+02   -0.3364250011E+02
          74    0.5483564713E+02    0.4353858110E+02
          75    0.4736889440E+02   -0.3875464142E+02
          76    0.5959936680E+02   -0.4850400177E+02
          77    0.5366324890E+02   -0.4431782840E+02
          78    0.2380657578E+02   -0.5918018020E+02
          79    0.5025739536E+02    0.3256488806E+02
          80    0.5484298148E+02   -0.3967949425E+02
          81    0.4880020352E+02   -0.3381350880E+02
          82    0.2254055975E+02   -0.4991848558E+02
          83    0.2457387734E+02    0.4781394716E+02
          84    0.2220386107E+02   -0.8438588351E+02
          85    0.5374438286E+02   -0.4045582638E+02
          86    0.5645057684E+02   -0.2502175029E+02
          87    0.7304394534E+02   -0.6024420437E+02
          88    0.7179395958E+02   -0.5609406749E+02
          89    0.4507925033E+02   -0.4096267273E+02
          90    0.6063825697E+02    0.4728191024E+02
          91    0.4271523115E+02    0.3485599519E+02
          92    0.1594137251E+02    0.4503539729E+02
          93    0.5514837867E+02   -0.4125754803E+02
          94    0.4885789895E+02   -0.3952632219E+02
          95    0.5358312177E+02   -0.4388626510E+02
          96    0.5488847830E+02    0.4239410370E+02
          97    0.6597836060E+02    0.1952640365E+02
          98    0.2700504064E+02   -0.5447499058E+02
          99    0.4509008029E+02   -0.4389827467E+02
         100    0.5465637421E+02   -0.3731663399E+02
