Model_ID, [(c_i,i=0,n)_j,j=1,ntask]
           1    0.2129259763E+02   -0.5585369092E+02    0.9404467688E+02
           2    0.2298169305E+02    0.3122431907E+02    0.9379705149E+02
           3    0.2008016000E+02   -0.1837867032E+03    0.1361622289E+03
           4    0.2198202039E+02   -0.2154333434E+03    0.1778740711E+03
           5    0.2212820112E+02   -0.2146484480E+03    0.1775229876E+03
           6    0.2197129899E+02   -0.2156904840E+03    0.1763465192E+03
           7    0.2201069202E+02   -0.2152497479E+03    0.1776742715E+03
           8    0.2211631621E+02   -0.2149103839E+03    0.1759968272E+03
           9    0.2034449201E+02   -0.1826477140E+03    0.1354523200E+03
          10    0.2199975004E+02   -0.2155079057E+03   -0.1761492683E+03
          11    0.2002685739E+02   -0.1781489276E+03    0.1674512855E+03
          12    0.2203968275E+02   -0.2150587643E+03    0.1774496344E+03
          13    0.2084371180E+02   -0.1752991676E+03    0.1680720404E+03
          14    0.2108290109E+02   -0.5762102485E+02   -0.7900775089E+02
          15    0.2202851649E+02   -0.2153180214E+03   -0.1759277831E+03
          16    0.2070666411E+02   -0.5791725426E+02    0.1430285383E+03
          17    0.2040316954E+02   -0.1818078282E+03    0.1353267761E+03
          18    0.2190099583E+02   -0.2156952516E+03    0.1773236400E+03
          19    0.2003118363E+02   -0.1782364251E+03   -0.1658373767E+03
          20    0.2163191486E+02   -0.1803546613E+03    0.4609464467E+03
          21    0.2084097787E+02   -0.1754021829E+03   -0.1663965693E+03
          22    0.2189089682E+02   -0.2159514021E+03   -0.1758119377E+03
          23    0.2100191880E+02   -0.1745288122E+03    0.1675387113E+03
          24    0.2108323257E+02   -0.1743630450E+03    0.1675566376E+03
          25    0.2098054789E+02   -0.1745949354E+03    0.1675515334E+03
          26    0.2237423918E+02    0.3259646565E+02    0.1515834429E+03
          27    0.2095954350E+02   -0.1746553852E+03    0.1675409761E+03
          28    0.2060897472E+02   -0.1807232444E+03    0.1353377526E+03
          29    0.2028147167E+02   -0.1770948718E+03    0.1667027008E+03
          30    0.2107180803E+02   -0.1742388391E+03    0.1668362635E+03
          31    0.2119186455E+02   -0.1737957179E+03    0.1672045242E+03
          32    0.2099775932E+02   -0.1746370078E+03   -0.1658650375E+03
          33    0.2108065688E+02   -0.1744649604E+03   -0.1658845558E+03
          34    0.2097660431E+02   -0.1747024366E+03   -0.1658774338E+03
          35    0.2121756088E+02   -0.1736782393E+03    0.1670734148E+03
          36    0.2095581039E+02   -0.1747622701E+03    0.1658670635E+03
          37    0.2050952263E+02   -0.1817756709E+03    0.1349421422E+03
          38    0.2032773603E+02   -0.1769209090E+03    0.1656234658E+03
          39    0.2028585403E+02   -0.1771818863E+03   -0.1650955454E+03
          40    0.2124356784E+02   -0.1735553826E+03    0.1669193998E+03
          41    0.2118256607E+02   -0.1733165679E+03    0.1670709077E+03
          42    0.2107492773E+02   -0.1743223731E+03   -0.1652185842E+03
          43    0.2082838087E+02   -0.8388949719E+02    0.1439576165E+03
          44    0.2118834002E+02   -0.1739010743E+03    0.1655312709E+03
          45    0.2112325289E+02   -0.1737874151E+03    0.1665843791E+03
          46    0.2128740358E+02   -0.1727920008E+03    0.1668156557E+03
          47    0.2121379162E+02   -0.1737845394E+03   -0.1654021601E+03
          48    0.2032894246E+02   -0.1770218546E+03   -0.1640546588E+03
          49    0.2123989211E+02   -0.1736004863E+03    0.1670466403E+03
          50    0.2180513236E+02   -0.2374560640E+03    0.1564604643E+03
          51    0.2179473763E+02   -0.2378069171E+03   -0.1551628939E+03
          52    0.2123954924E+02   -0.1736627003E+03   -0.1652507453E+03
          53    0.2161164736E+02   -0.1722046374E+03    0.1676197845E+03
          54    0.2109910319E+02   -0.2188052994E+03    0.1756978544E+03
          55    0.2152677904E+02    0.8219975019E+02    0.1468960949E+03
          56    0.2118046631E+02   -0.1734126020E+03   -0.1653903312E+03
          57    0.2255885762E+02   -0.2122231529E+03    0.1744972542E+03
          58    0.2131562425E+02   -0.1726438310E+03    0.1666065574E+03
          59    0.2109469744E+02   -0.2190517908E+03   -0.1742698334E+03
          60    0.2134442344E+02   -0.1730766168E+03    0.1667956729E+03
          61    0.1992796206E+02   -0.1842658809E+03    0.1352056980E+03
          62    0.2057640041E+02   -0.1759113973E+03    0.1649642884E+03
          63    0.2135764810E+02   -0.1728907524E+03    0.1661446047E+03
          64    0.2254341612E+02   -0.2125039675E+03    0.1730317682E+03
          65    0.2111800497E+02   -0.1739008673E+03    0.1649234438E+03
          66    0.2134411997E+02   -0.1724905283E+03    0.1663749545E+03
          67    0.2128437291E+02   -0.1728912912E+03    0.1651325081E+03
          68    0.2044805787E+02   -0.1762568936E+03    0.1660478394E+03
          69    0.2135902934E+02   -0.1724655213E+03    0.1665441211E+03
          70    0.2123744259E+02   -0.1737011810E+03   -0.1653771891E+03
          71    0.2137254550E+02   -0.1729287969E+03    0.1665881785E+03
          72    0.2161487878E+02   -0.1722825932E+03   -0.1659867666E+03
          73    0.2131232778E+02   -0.1727442566E+03   -0.1649266385E+03
          74    0.2146237489E+02   -0.1719528467E+03    0.1663111743E+03
          75    0.2057771864E+02   -0.1760115339E+03   -0.1634007801E+03
          76    0.2150630604E+02   -0.1723350805E+03    0.1647787626E+03
          77    0.2134105303E+02   -0.1731805148E+03    0.1651235183E+03
          78    0.2140094180E+02   -0.1727758294E+03    0.1663581733E+03
          79    0.2135259215E+02   -0.1730028938E+03    0.1644859450E+03
          80    0.2139211291E+02   -0.2174408297E+03    0.1741705736E+03
          81    0.2045250472E+02   -0.1763430484E+03   -0.1644453452E+03
          82    0.2134055356E+02   -0.1725921608E+03   -0.1646988587E+03
          83    0.2149020172E+02   -0.1718077519E+03    0.1661078756E+03
          84    0.2135709105E+02   -0.1725599604E+03   -0.1648655538E+03
          85    0.2007238610E+02   -0.1776902293E+03    0.1661987269E+03
          86    0.2138515756E+02   -0.2177000771E+03   -0.1727788762E+03
          87    0.2136891226E+02   -0.1730338145E+03   -0.1649192044E+03
          88    0.2088348860E+02   -0.1748600312E+03    0.1668338766E+03
          89    0.2173469004E+02   -0.1714885999E+03    0.1644455940E+03
          90    0.2145438249E+02   -0.1718692752E+03    0.1656979799E+03
          91    0.2074388499E+02    0.3195555849E+02    0.9198388671E+02
          92    0.2067997365E+02   -0.1748297036E+03    0.1644254220E+03
          93    0.2064238496E+02   -0.8495351231E+02    0.1469016638E+03
          94    0.2149716608E+02   -0.1724647434E+03    0.1631666020E+03
          95    0.2151829870E+02   -0.1716575609E+03    0.1658821412E+03
          96    0.2145951397E+02   -0.1720504889E+03    0.1646297252E+03
          97    0.2139704166E+02   -0.1728820376E+03   -0.1646929723E+03
          98    0.1992240001E+02   -0.6190885343E+02    0.1564245439E+03
          99    0.2131985984E+02   -0.5431437954E+02    0.1748608436E+03
         100    0.2099054501E+02   -0.1743145699E+03    0.1665398573E+03
