Model_ID, [(c_i,i=0,n)_j,j=1,ntask]
           1    0.3577564284E+03   -0.1740440669E+03    0.1065327750E+04
           2    0.3478329709E+03   -0.1705494577E+03    0.1029979735E+04
           3    0.3402974243E+03   -0.2811197243E+03    0.1046082410E+04
           4    0.3530327875E+03    0.1493869703E+03    0.1017426074E+04
           5    0.3537675644E+03    0.3102473377E+03    0.5395556555E+03
           6    0.3537822721E+03    0.3103856359E+03   -0.5398229553E+03
           7    0.2623644392E+03    0.1689096625E+03   -0.9306599954E+02
           8    0.3350835474E+03    0.3094655593E+03   -0.6970458444E+03
           9    0.3429166305E+03    0.2788270221E+03    0.9603519424E+03
          10    0.2596068927E+03    0.1678512233E+03    0.9547527633E+02
          11    0.3335959931E+03    0.3066272136E+03    0.6773090758E+03
          12    0.3352852325E+03    0.3093187282E+03    0.6949992742E+03
          13    0.3540906289E+03    0.1746848315E+03   -0.7290480239E+03
          14    0.3538583078E+03    0.3113528185E+03    0.5407214927E+03
          15    0.3558813843E+03    0.3128613137E+03    0.5506541148E+03
          16    0.3558979693E+03    0.3130043746E+03   -0.5509497750E+03
          17    0.3410466509E+03    0.2860294573E+03    0.1050000642E+04
          18    0.3462166863E+03    0.1713970656E+03   -0.4483246944E+03
          19    0.2715223272E+03    0.1725787740E+03   -0.8102724032E+02
          20    0.3279512770E+03   -0.2745325545E+03   -0.3560276311E+03
          21    0.2756622419E+03    0.1738710265E+03    0.7728819652E+02
          22    0.3245353594E+03    0.3130646394E+03    0.9848516878E+03
          23    0.3429722412E+03    0.3028543655E+03    0.8920196090E+03
          24    0.3172406904E+03    0.3094221466E+03   -0.8281468234E+03
          25    0.3424077677E+03    0.3032003755E+03    0.8826415414E+03
          26    0.3205890677E+03    0.2824583584E+03   -0.6655017527E+03
          27    0.3559864652E+03    0.3140042995E+03    0.5520307989E+03
          28    0.2581557804E+03    0.1670108221E+03    0.9723299921E+02
          29    0.3368164215E+03    0.2772122910E+03    0.5144965264E+03
          30    0.3369086920E+03    0.2773947222E+03    0.5148078970E+03
          31    0.2924324002E+03    0.1669949956E+03   -0.8280004916E+02
          32    0.3404404889E+03    0.2827319601E+03    0.1063262392E+04
          33    0.3322777316E+03   -0.2737788721E+03   -0.4429209290E+03
          34    0.3209419758E+03    0.2823739281E+03    0.6509932252E+03
          35    0.3525349808E+03    0.3060080447E+03    0.5406416835E+03
          36    0.2970502593E+03    0.1691401109E+03   -0.7705955579E+02
          37    0.3466983654E+03    0.1706338458E+03   -0.1458209005E+04
          38    0.3525478592E+03    0.3061428343E+03   -0.5408754121E+03
          39    0.3454341896E+03    0.1687462246E+03    0.1604312663E+04
          40    0.3568856450E+03    0.3382035061E+03    0.4902625253E+03
          41    0.2654254666E+03    0.1626940888E+03   -0.9096602241E+02
          42    0.2677743657E+03    0.1698856823E+03    0.8788350687E+02
          43    0.3410816610E+03    0.2861071010E+03    0.9739529782E+03
          44    0.3400792809E+03    0.2879941246E+03    0.1013549061E+04
          45    0.3505709578E+03    0.1751031233E+03   -0.3681136532E+03
          46    0.3527769991E+03    0.3071415486E+03    0.9810258841E+03
          47    0.3118286434E+03    0.3072295691E+03    0.9847263301E+03
          48    0.3266856573E+03    0.1798772663E+03   -0.1283150530E+03
          49    0.3422065172E+03    0.1761555775E+03   -0.2694468072E+03
          50    0.3292575226E+03    0.2973903999E+03    0.6672414155E+03
          51    0.3564809925E+03    0.3138978617E+03    0.9913987701E+03
          52    0.3568746215E+03    0.3385682970E+03    0.4881187293E+03
          53    0.3545566125E+03    0.3154576450E+03    0.5366312952E+03
          54    0.3543492896E+03    0.3148839146E+03   -0.5378527820E+03
          55    0.3464207321E+03    0.1683197955E+03   -0.4677689654E+03
          56    0.3550550855E+03    0.3161579115E+03   -0.5108205404E+03
          57    0.3338936512E+03    0.2942468614E+03    0.2712519184E+03
          58    0.3505720285E+03    0.3044033023E+03    0.9516033474E+03
          59    0.3298448681E+03    0.3131064220E+03    0.6835402401E+03
          60    0.2400205677E+03   -0.1160577941E+03    0.1014973390E+04
          61    0.3435471344E+03    0.1721871333E+03    0.3962224758E+03
          62    0.3224688250E+03    0.3211236076E+03   -0.5611965334E+03
          63    0.3194289525E+03    0.2797587791E+03    0.6350110479E+03
          64    0.3464411827E+03    0.1678612664E+03   -0.7668119513E+03
          65    0.3267716882E+03    0.1869802192E+03   -0.1267768167E+03
          66    0.3526106628E+03    0.3070844916E+03    0.5415274078E+03
          67    0.3123364129E+03    0.3066716549E+03    0.9913661723E+03
          68    0.3266557253E+03    0.1841576173E+03   -0.1288769560E+03
          69    0.3266136926E+03    0.1841274915E+03   -0.1288110916E+03
          70    0.2404391165E+03   -0.1131843953E+03    0.1017098429E+04
          71    0.3449584498E+03    0.1699327748E+03    0.4547219842E+03
          72    0.2723668580E+03    0.1646296007E+03    0.8379737344E+02
          73    0.3262350423E+03    0.1871038673E+03   -0.1255067898E+03
          74    0.3549296713E+03    0.3104175466E+03    0.1084556632E+04
          75    0.3432526352E+03    0.1736323634E+03   -0.3025190047E+03
          76    0.3444535750E+03    0.1663147287E+03    0.8048184133E+03
          77    0.3469911923E+03    0.1700575468E+03   -0.4573254489E+03
          78    0.3089209363E+03    0.1609323199E+03   -0.7943757642E+02
          79    0.2939402714E+03    0.1710862391E+03    0.6602489413E+02
          80    0.3456000316E+03    0.3150780490E+03   -0.6441383869E+03
          81    0.3316999869E+03    0.3046885480E+03    0.6662172229E+03
          82    0.2892587096E+03   -0.2205214641E+03    0.1020984659E+04
          83    0.3540943638E+03    0.1777206516E+03   -0.1303564399E+04
          84    0.3356724178E+03    0.2910351932E+03    0.2797860833E+03
          85    0.3223637678E+03    0.3209834986E+03   -0.5594851263E+03
          86    0.3587441963E+03    0.3167128827E+03    0.1014955758E+04
          87    0.3538047258E+03    0.3136910389E+03   -0.5343009067E+03
          88    0.2373267716E+03    0.1739369379E+03    0.1132392870E+03
          89    0.3333311873E+03    0.2960827622E+03   -0.2644215944E+03
          90    0.3262588207E+03    0.1794974338E+03   -0.1318907258E+03
          91    0.3542683479E+03    0.3152559083E+03   -0.5343017455E+03
          92    0.3567594085E+03    0.3182795349E+03    0.5488236621E+03
          93    0.3542327118E+03    0.3056297509E+03   -0.9362855155E+03
          94    0.3565362517E+03    0.3176749725E+03   -0.5498852821E+03
          95    0.3150382889E+03    0.1799096830E+03   -0.6853274058E+02
          96    0.3559679716E+03    0.3175962529E+03   -0.5202799167E+03
          97    0.3513229993E+03    0.3042153782E+03    0.5212476559E+03
          98    0.3513452271E+03    0.3043613812E+03   -0.5217182488E+03
          99    0.3285762993E+03    0.3181487180E+03    0.1001685492E+04
         100    0.2884903793E+03    0.1727739087E+03   -0.5843545592E+02
