The coordinates (x,y) of 2D-vertices arranged in clockwise direction
Task :    1
Hull    1
   -0.1077900000E+01   -0.7881210000E-01
   -0.5390000000E-01    0.4849531500E+00
    0.2290000000E+00    0.4688268000E-01
    0.2267000000E+00    0.3238806000E-01
   -0.2444000000E+00   -0.2559636000E+00
   -0.7351000000E+00   -0.2070246600E+00
   -0.1048200000E+01   -0.1553760000E+00
Hull    2
   -0.6590000000E-01   -0.1251446400E+00
   -0.6320000000E-01   -0.5823410000E-01
   -0.5800000000E-01   -0.4680718000E-01
   -0.2950000000E-01   -0.2216448000E-01
    0.2250000000E-01   -0.5576340000E-02
    0.1062000000E+00    0.1654190000E-01
    0.2276000000E+00    0.3005928000E-01
    0.8927000000E+00   -0.1257750000E-01
   -0.5550000000E-01   -0.4649751600E+00
