        Rank        RMSE       MaxAE  Feature_ID
           1   25.194053   63.158849  (      26   10332)
           2   26.094347   72.067822  (       2   10849)
           3   26.202919   76.351702  (       4   10673)
           4   26.256108   73.682951  (       4   10849)
           5   26.324424   65.952709  (      26   10673)
           6   26.451859   73.677863  (       4   10332)
           7   26.611163   60.680385  (      26   10455)
           8   26.817745   74.288614  (       3   10849)
           9   26.890629   76.881740  (       3   10673)
          10   26.900400   74.361645  (       5   10849)
          11   26.961492   76.962889  (       5   10673)
          12   26.974903   76.162744  (       7   10673)
          13   26.989011   74.434908  (       6   10849)
          14   27.038747   77.044240  (       6   10673)
          15   27.103954   74.288838  (       3   10332)
          16   27.126232   76.606472  (       2   10066)
          17   27.150013   73.515133  (       7   10849)
          18   27.150436   69.915275  (       4   10455)
          19   27.175693   76.444333  (      11   10673)
          20   27.182029   74.365668  (       5   10332)
          21   27.189999   73.528640  (       7   10332)
          22   27.226908   73.799296  (      11   10849)
          23   27.266538   74.442648  (       6   10332)
          24   27.381114   74.212020  (       2   10673)
          25   27.426021   73.795430  (      11   10332)
          26   27.546344   76.645150  (       4   15209)
          27   27.550498   79.913295  (       7   10035)
          28   27.601311   79.792360  (       4   10035)
          29   27.632727   75.253339  (      12   10849)
          30   27.649505   70.616878  (       3   10455)
          31   27.697019   77.316437  (       3   15209)
          32   27.715784   68.351556  (       2   10455)
          33   27.717421   78.157438  (       1   10002)
          34   27.726091   78.227961  (       7   10066)
          35   27.731775   81.715200  (       1   10005)
          36   27.735342   78.154794  (       4   10066)
          37   27.739061   80.425626  (       3   10035)
          38   27.740092   70.687848  (       5   10455)
          39   27.753738   78.825944  (       3   10066)
          40   27.765001   77.399095  (       5   15209)
          41   27.788248   76.609279  (       7   15209)
          42   27.792847   80.516950  (       5   10035)
          43   27.800971   63.264435  (      26   10849)
          44   27.814542   78.908808  (       5   10066)
          45   27.830567   77.620404  (       1   10004)
          46   27.836684   70.758939  (       6   10455)
          47   27.839174   77.481976  (       6   15209)
          48   27.852416   80.608728  (       6   10035)
          49   27.880797   78.992189  (       6   10066)
          50   27.888257   75.050227  (       9   10849)
          51   27.889456   80.567470  (       1   10013)
          52   27.940304   69.815264  (       7   10455)
          53   27.942443   77.126813  (       1   16185)
          54   27.964527   71.670572  (       2   10332)
          55   27.985558   77.706629  (       2   10035)
          56   27.987522   77.798741  (      12   10673)
          57   28.006525   76.886434  (      11   15209)
          58   28.016229   74.983182  (      14   10849)
          59   28.017131   66.127977  (      26   10112)
          60   28.025244   74.645836  (       4   11397)
          61   28.025723   75.954766  (       4   18827)
          62   28.026660   76.948366  (      26   11397)
          63   28.041370   80.066867  (      11   10035)
          64   28.073810   77.580248  (       9   10673)
          65   28.084301   78.960947  (       1   10038)
          66   28.091126   79.661306  (       1   10111)
          67   28.092850   71.455873  (       1   10001)
          68   28.095001   79.708470  (       1   10117)
          69   28.096622   70.070159  (      11   10455)
          70   28.125935   75.743087  (       2   11703)
          71   28.142299   82.828296  (       1   10010)
          72   28.143236   78.418006  (      11   10066)
          73   28.185854   76.720973  (       1   18268)
          74   28.219486   78.329665  (       4   15251)
          75   28.222050   75.230873  (      12   10332)
          76   28.235790   79.692171  (       9   10066)
          77   28.241015   74.566312  (       2   15209)
          78   28.254967   63.884786  (      26   10049)
          79   28.262491   76.088223  (       1   10096)
          80   28.270260   82.602026  (       1   10066)
          81   28.272032   75.056324  (       9   10332)
          82   28.273460   76.889389  (       1   10006)
          83   28.277083   77.527800  (      14   10673)
          84   28.281923   78.743106  (       1   10008)
          85   28.283694   84.408202  (       1   10030)
          86   28.285973   80.913570  (       1   10024)
          87   28.296422   66.332297  (      77   13567)
          88   28.302067   76.334144  (       1   10040)
          89   28.302906   83.011745  (       1   10003)
          90   28.306235   80.351753  (       7   10248)
          91   28.307432   75.689848  (       1   10007)
          92   28.319626   71.853126  (       1   10019)
          93   28.322296   76.260690  (       1   10018)
          94   28.324697   75.336570  (       1   10159)
          95   28.328014   76.059850  (       2   16879)
          96   28.329197   87.828232  (       1   12630)
          97   28.333215   78.218262  (       1   18538)
          98   28.341872   75.525461  (       1   10015)
          99   28.344234   81.265821  (       9   10035)
         100   28.347939   79.775043  (    3629    8382)
