      rank       #data_overlap        size_overlap          feature_ID
         1                  18             0.19905   (       1    1280)
         2                  19             0.17588   (     334    1782)
         3                  19             0.17588   (     334    1605)
         4                  19             0.20251   (       1    1839)
         5                  19             0.20252   (       1    1843)
         6                  19             0.20252   (       1    1534)
         7                  19             0.20256   (       1    1844)
         8                  19             0.20256   (       1    1845)
         9                  19             0.20264   (       1    1840)
        10                  19             0.20264   (       1    1590)
        11                  20             0.13326   (       1    1118)
        12                  20             0.13326   (       1    1067)
        13                  20             0.15200   (       1    1798)
        14                  20             0.15200   (       1    1806)
        15                  20             0.15200   (       1    1525)
        16                  20             0.15200   (       1    1528)
        17                  20             0.16203   (       1    1784)
        18                  20             0.16203   (       1    1796)
        19                  20             0.16372   (       1    1521)
        20                  20             0.16372   (       1    1546)
        21                  20             0.17597   (     963    1782)
        22                  20             0.17597   (     963    1605)
        23                  20             0.17973   (       1    1117)
        24                  20             0.17973   (       1    1127)
        25                  20             0.17973   (       1    1106)
        26                  20             0.18322   (       1    1527)
        27                  20             0.18322   (       1    1792)
        28                  20             0.18957   (       1    1594)
        29                  20             0.18957   (       1    1790)
        30                  20             0.19001   (       1    1498)
        31                  20             0.19707   (       1    1523)
        32                  20             0.19806   (       1    1786)
        33                  20             0.19806   (       1    1797)
        34                  20             0.19806   (       1    1803)
        35                  20             0.19987   (       6    1782)
        36                  20             0.19987   (       6    1605)
        37                  20             0.20205   (       1    1850)
        38                  20             0.20205   (       1    1294)
        39                  20             0.20205   (       1    1869)
        40                  20             0.20205   (       1    1875)
        41                  20             0.20205   (       1    1301)
        42                  20             0.20205   (       1    1936)
        43                  20             0.20206   (       1    1855)
        44                  20             0.20206   (       1    1857)
        45                  20             0.20206   (       1    1863)
        46                  20             0.20209   (       1    1947)
        47                  20             0.20209   (       1    1872)
        48                  20             0.20209   (       1    1873)
        49                  20             0.20209   (       1    1924)
        50                  20             0.20209   (       1    1916)
        51                  20             0.20209   (       1    1868)
        52                  20             0.20209   (       1    1912)
        53                  20             0.20209   (       1    1885)
        54                  20             0.20209   (       1    1853)
        55                  20             0.20209   (       1    1299)
        56                  20             0.20211   (       1    1949)
        57                  20             0.20211   (       1    1940)
        58                  20             0.20214   (       1    1958)
        59                  20             0.20216   (       1    1945)
        60                  20             0.20219   (       1    1978)
        61                  20             0.20219   (       1    1987)
        62                  20             0.20219   (       1    1847)
        63                  20             0.20219   (       1    1956)
        64                  20             0.20219   (       1    1861)
        65                  20             0.20219   (       1    1866)
        66                  20             0.20219   (       1    1871)
        67                  20             0.20219   (       1    1297)
        68                  20             0.20219   (       1    1300)
        69                  20             0.20219   (       1    1877)
        70                  20             0.20219   (       1    1933)
        71                  20             0.20219   (       1    1964)
        72                  20             0.20219   (       1    1848)
        73                  20             0.20219   (       1    1851)
        74                  20             0.20219   (       1    1854)
        75                  20             0.20219   (       1    1858)
        76                  20             0.20219   (       1    1292)
        77                  20             0.20219   (       1    1864)
        78                  20             0.20219   (       1    1865)
        79                  20             0.20219   (       1    1296)
        80                  20             0.20219   (       1    1870)
        81                  20             0.20219   (       1    1957)
        82                  20             0.20219   (       1    1874)
        83                  20             0.20219   (       1    1934)
        84                  20             0.20219   (       1    1938)
        85                  20             0.20221   (       1    1953)
        86                  20             0.20226   (       1    1841)
        87                  20             0.20227   (       1    1842)
        88                  20             0.20230   (       1    1986)
        89                  20             0.20230   (       1    1935)
        90                  20             0.20230   (       1    1849)
        91                  20             0.20230   (       1    1979)
        92                  20             0.20230   (       1    1862)
        93                  20             0.20230   (       1    1293)
        94                  20             0.20230   (       1    1937)
        95                  20             0.20230   (       1    1856)
        96                  20             0.20230   (       1    1295)
        97                  20             0.20230   (       1    1876)
        98                  20             0.20230   (       1    1878)
        99                  20             0.20236   (       1    1966)
       100                  20             0.20236   (       1    1959)
