      rank       #data_overlap        size_overlap          feature_ID
         1                  42             0.34523   (       1)
         2                  42             0.34523   (       2)
         3                  42             0.64254   (       3)
         4                  43             0.47711   (       4)
         5                  43             0.97547   (       5)
         6                  43             1.00000   (       6)
         7                  44             0.34523   (       7)
         8                  44             0.34523   (       8)
         9                  44             0.34523   (       9)
        10                  44             0.34523   (      10)
        11                  44             0.47711   (      11)
        12                  44             0.94143   (      12)
        13                  44             0.97547   (      13)
        14                  44             0.97547   (      14)
        15                  44             1.00000   (      15)
        16                  44             1.00000   (      16)
        17                  44             1.00000   (      17)
        18                  44             1.00000   (      18)
        19                  44             1.00000   (      19)
        20                  44             1.00000   (      20)
        21                  44             1.00000   (      21)
        22                  44             1.00000   (      22)
        23                  45             0.33688   (      23)
        24                  45             0.34523   (      24)
        25                  45             0.34523   (      25)
        26                  45             0.34523   (      26)
        27                  45             0.47705   (      27)
        28                  45             0.47711   (      28)
        29                  45             0.47711   (      29)
        30                  45             0.47711   (      30)
        31                  45             0.85939   (      31)
        32                  45             0.97547   (      32)
        33                  45             1.00000   (      33)
        34                  45             1.00000   (      34)
        35                  45             1.00000   (      35)
        36                  45             1.00000   (      36)
        37                  45             1.00000   (      37)
        38                  45             1.00000   (      38)
        39                  45             1.00000   (      39)
        40                  45             1.00000   (      40)
        41                  45             1.00000   (      41)
        42                  45             1.00000   (      42)
        43                  45             1.00000   (      43)
        44                  45             1.00000   (      44)
        45                  45             1.00000   (      45)
        46                  45             1.00000   (      46)
        47                  45             1.00000   (      47)
        48                  45             1.00000   (      48)
        49                  45             1.00000   (      49)
        50                  45             1.00000   (      50)
        51                  45             1.00000   (      51)
        52                  45             1.00000   (      52)
        53                  45             1.00000   (      53)
        54                  45             1.00000   (      54)
        55                  45             1.00000   (      55)
        56                  45             1.00000   (      56)
        57                  45             1.00000   (      57)
        58                  45             1.00000   (      58)
        59                  45             1.00000   (      59)
        60                  45             1.00000   (      60)
        61                  45             1.00000   (      61)
        62                  45             1.00000   (      62)
        63                  45             1.00000   (      63)
        64                  45             1.00000   (      64)
        65                  45             1.00000   (      65)
        66                  46             0.31019   (      66)
        67                  46             0.54200   (      67)
        68                  46             0.54200   (      68)
        69                  46             0.54200   (      69)
        70                  46             0.54200   (      70)
        71                  46             0.76207   (      71)
        72                  46             0.94143   (      72)
        73                  46             0.94143   (      73)
        74                  46             0.94143   (      74)
        75                  46             0.97544   (      75)
        76                  46             0.97547   (      76)
        77                  46             0.97547   (      77)
        78                  46             0.97547   (      78)
        79                  46             0.97547   (      79)
        80                  46             0.97547   (      80)
        81                  46             0.97547   (      81)
        82                  46             0.97547   (      82)
        83                  46             0.97547   (      83)
        84                  46             0.97547   (      84)
        85                  46             0.97547   (      85)
        86                  46             0.97547   (      86)
        87                  46             0.97547   (      87)
        88                  46             0.97547   (      88)
        89                  46             1.00000   (      89)
        90                  46             1.00000   (      90)
        91                  46             1.00000   (      91)
        92                  46             1.00000   (      92)
        93                  46             1.00000   (      93)
        94                  46             1.00000   (      94)
        95                  46             1.00000   (      95)
        96                  46             1.00000   (      96)
        97                  46             1.00000   (      97)
        98                  46             1.00000   (      98)
        99                  46             1.00000   (      99)
       100                  46             1.00000   (     100)
