        Rank        RMSE       MaxAE  Feature_ID
           1    5.313637   14.996018  (       1)
           2    5.337714   16.040180  (       2)
           3    5.352710   16.245461  (       3)
           4    5.354029   16.244540  (       4)
           5    5.399425   15.908723  (       5)
           6    5.463980   16.412344  (       6)
           7    5.470250   15.006165  (       7)
           8    5.472008   16.856733  (       8)
           9    5.480648   16.168350  (       9)
          10    5.526703   16.774312  (      10)
          11    5.545582   16.992694  (      11)
          12    5.553272   18.172700  (      12)
          13    5.559519   17.118503  (      13)
          14    5.560090   16.853691  (      14)
          15    5.565005   16.314268  (      15)
          16    5.573583   16.197163  (      16)
          17    5.576124   16.208854  (      17)
          18    5.587933   15.208022  (      18)
          19    5.603455   16.268986  (      19)
          20    5.605285   16.271021  (      20)
          21    5.606148   16.951919  (      21)
          22    5.607154   16.127752  (      22)
          23    5.610582   17.669740  (      23)
          24    5.611519   16.338788  (      24)
          25    5.621619   16.251906  (      25)
          26    5.622196   16.316387  (      26)
          27    5.625893   16.384536  (      27)
          28    5.631178   16.959896  (      28)
          29    5.631979   16.549172  (      29)
          30    5.632861   16.259871  (      30)
          31    5.640139   16.406018  (      31)
          32    5.641000   16.679801  (      32)
          33    5.646388   16.764169  (      33)
          34    5.648636   16.319554  (      34)
          35    5.651386   17.421577  (      35)
          36    5.654157   17.399082  (      36)
          37    5.654859   16.577948  (      37)
          38    5.657187   16.809416  (      38)
          39    5.660551   16.437016  (      39)
          40    5.663700   15.465701  (      40)
          41    5.663793   17.384570  (      41)
          42    5.665280   16.277030  (      42)
          43    5.665946   17.597220  (      43)
          44    5.668967   18.089478  (      44)
          45    5.671613   18.573561  (      45)
          46    5.676361   16.523990  (      46)
          47    5.676695   18.564089  (      47)
          48    5.679960   16.973438  (      48)
          49    5.691053   18.314133  (      49)
          50    5.692839   17.122635  (      50)
          51    5.694213   17.041473  (      51)
          52    5.695790   16.327643  (      52)
          53    5.696201   15.429414  (      53)
          54    5.699002   20.498871  (      54)
          55    5.701528   15.435065  (      55)
          56    5.702427   16.347268  (      56)
          57    5.705288   16.880797  (      57)
          58    5.708123   15.799651  (      58)
          59    5.709086   17.480631  (      59)
          60    5.711203   16.646799  (      60)
          61    5.713960   18.567698  (      61)
          62    5.714339   18.569570  (      62)
          63    5.716175   16.626389  (      63)
          64    5.719034   16.389407  (      64)
          65    5.719725   16.459162  (      65)
          66    5.719905   16.964290  (      66)
          67    5.720595   17.650578  (      67)
          68    5.734736   17.477212  (      68)
          69    5.734787   19.151623  (      69)
          70    5.734831   16.413754  (      70)
          71    5.736516   16.967756  (      71)
          72    5.738120   16.061351  (      72)
          73    5.740273   17.860544  (      73)
          74    5.743949   17.020134  (      74)
          75    5.744524   15.857643  (      75)
          76    5.745604   14.826249  (      76)
          77    5.749574   15.924698  (      77)
          78    5.753790   17.336445  (      78)
          79    5.754037   16.340224  (      79)
          80    5.754633   16.429625  (      80)
          81    5.754841   16.210362  (      81)
          82    5.758596   16.905316  (      82)
          83    5.760147   17.026084  (      83)
          84    5.762979   16.122274  (      84)
          85    5.764385   16.877667  (      85)
          86    5.765938   15.939638  (      86)
          87    5.766862   16.646651  (      87)
          88    5.767067   17.816440  (      88)
          89    5.772950   17.088596  (      89)
          90    5.775158   14.217200  (      90)
          91    5.775562   16.324571  (      91)
          92    5.777437   15.910573  (      92)
          93    5.778669   16.427862  (      93)
          94    5.778975   13.796738  (      94)
          95    5.779348   16.056812  (      95)
          96    5.780160   16.020545  (      96)
          97    5.782351   16.222272  (      97)
          98    5.782836   16.359907  (      98)
          99    5.782843   17.474348  (      99)
         100    5.783025   20.701791  (     100)
