        Rank        RMSE       MaxAE  Feature_ID
           1    6.954364   17.413248  (    4545   10505)
           2    7.003092   14.068499  (    3589   18874)
           3    7.048318   17.188765  (    1152   10505)
           4    7.062892   19.966222  (    2948   10478)
           5    7.115128   16.555520  (      15   10137)
           6    7.172750   17.029602  (    1456   10100)
           7    7.183511   17.395732  (    1467   10505)
           8    7.198485   17.386076  (    1530   10505)
           9    7.217333   17.377842  (    1605   10505)
          10    7.247591   17.613896  (      47   10103)
          11    7.269525   14.007175  (    3589   17381)
          12    7.276171   17.587028  (    1456   10478)
          13    7.286927   16.646289  (    3589   10505)
          14    7.311778   16.761658  (    1456   10036)
          15    7.330538   16.980782  (    3589   11506)
          16    7.344391   17.787047  (    1456   11356)
          17    7.352924   19.753595  (     281   11521)
          18    7.360024   19.705883  (     314   11521)
          19    7.360140   19.752251  (     287   11521)
          20    7.364386   15.573069  (     492   12364)
          21    7.371610   17.527344  (    1456   10701)
          22    7.375754   19.783011  (     304   11521)
          23    7.375809   18.564751  (      15   10103)
          24    7.377857   16.499308  (    1152   18874)
          25    7.391998   15.678401  (      14   12438)
          26    7.404508   14.522561  (      35   10230)
          27    7.406524   17.654067  (      35   10517)
          28    7.407147   16.510371  (      35   10328)
          29    7.418311   19.853714  (     305   11521)
          30    7.422369   20.603950  (    2948   10100)
          31    7.430380   19.990527  (     330   11521)
          32    7.430430   17.286622  (    2377   10478)
          33    7.435074   16.811905  (    2377   11950)
          34    7.445912   19.926669  (     337   11521)
          35    7.446204   17.617101  (    2214   10505)
          36    7.454997   20.201927  (     362   11521)
          37    7.456461   20.550054  (    2948   10701)
          38    7.465160   16.683889  (    1467   18874)
          39    7.467613   19.615595  (     214   11521)
          40    7.470793   18.850665  (      47   10093)
          41    7.472065   16.583531  (     332   11521)
          42    7.474456   16.671100  (    1530   18874)
          43    7.480416   17.491708  (    2377   11356)
          44    7.487477   16.659738  (    1605   18874)
          45    7.488026   20.155422  (     269   11521)
          46    7.489011   20.164232  (     378   11521)
          47    7.491636   15.765671  (    3589   12932)
          48    7.492472   17.344636  (    1456   10778)
          49    7.498685   19.635439  (     393   11521)
          50    7.502247   20.346202  (     405   11521)
          51    7.505008   20.302468  (     182   11521)
          52    7.506645   17.482807  (    1456   10977)
          53    7.509886   17.230763  (    2377   10701)
          54    7.511090   17.329418  (    1456   10787)
          55    7.514814   22.739455  (      14   10441)
          56    7.517454   17.146362  (    1456   11950)
          57    7.518770   20.749892  (      73   10036)
          58    7.521057   15.199696  (      15   12351)
          59    7.524623   19.623188  (     381   11521)
          60    7.528734   15.942288  (    2950   13289)
          61    7.530299   19.756648  (     422   11521)
          62    7.535611   17.863411  (    1456   13289)
          63    7.536044   21.136517  (      35   13639)
          64    7.536093   17.744712  (    1456   11513)
          65    7.537467   15.227204  (      15   12528)
          66    7.539951   16.138150  (    2950   11356)
          67    7.543262   17.303476  (    1456   10123)
          68    7.543359   21.144970  (    2948   10778)
          69    7.545195   21.185680  (    2948   10787)
          70    7.546722   16.789698  (    4545   18874)
          71    7.547466   22.764689  (      14   10456)
          72    7.548253   20.127751  (     351   11521)
          73    7.549492   15.508872  (      15   13075)
          74    7.550413   20.068887  (     466   11521)
          75    7.550786   20.062020  (     465   11521)
          76    7.552420   21.281034  (    9793   10093)
          77    7.552679   19.891858  (     310   11521)
          78    7.553956   18.878037  (    1845   18274)
          79    7.555671   15.073734  (      15   12028)
          80    7.560467   17.540158  (    1456   11162)
          81    7.560905   19.696275  (     409   11521)
          82    7.562456   19.739377  (     382   11521)
          83    7.563167   20.145470  (     397   11521)
          84    7.566004   15.555140  (      35   12364)
          85    7.567897   19.989351  (     241   11521)
          86    7.567950   19.989065  (     242   11521)
          87    7.568630   19.985811  (     246   11521)
          88    7.569429   20.064421  (     487   11521)
          89    7.569851   19.981222  (     256   11521)
          90    7.570623   20.068860  (     480   11521)
          91    7.570919   19.977945  (     261   11521)
          92    7.571725   20.072762  (     478   11521)
          93    7.573555   19.718776  (     403   11521)
          94    7.576229   20.138628  (     448   11521)
          95    7.576642   20.131788  (     447   11521)
          96    7.576925   19.964958  (     289   11521)
          97    7.577952   16.946281  (      35   10386)
          98    7.578291   19.962689  (     299   11521)
          99    7.581280   17.524625  (    1456   10768)
         100    7.582706   19.899721  (     729   11521)
