      rank       #data_overlap        size_overlap          feature_ID
         1                  17             0.22153   (     781     824)
         2                  21             0.16907   (     252     505)
         3                  21             0.18962   (     846    1107)
         4                  21             0.19766   (     505     512)
         5                  21             0.21882   (       1    1574)
         6                  21             0.22612   (     525     781)
         7                  21             0.23024   (      95     547)
         8                  21             0.23373   (     529     547)
         9                  21             0.23960   (       8    1372)
        10                  21             0.23987   (       8    1574)
        11                  21             0.24563   (      20    1113)
        12                  21             0.25222   (      95     512)
        13                  21             0.25222   (     252     529)
        14                  22             0.15984   (       2     252)
        15                  22             0.16182   (       1    1511)
        16                  22             0.17619   (      95     806)
        17                  22             0.17705   (     249     529)
        18                  22             0.18455   (     249     505)
        19                  22             0.18460   (       2     512)
        20                  22             0.18554   (       1    1508)
        21                  22             0.18979   (     505     511)
        22                  22             0.19439   (      82    1407)
        23                  22             0.19561   (     505     818)
        24                  22             0.19953   (       8    1508)
        25                  22             0.20964   (     272    1246)
        26                  22             0.21504   (       8    1511)
        27                  22             0.21909   (       1    1446)
        28                  22             0.21909   (       1    1531)
        29                  22             0.21909   (       1    1568)
        30                  22             0.21909   (       1    1572)
        31                  22             0.21909   (       1    1577)
        32                  22             0.21909   (       1    1580)
        33                  22             0.21909   (       1    1569)
        34                  22             0.21909   (       1    1573)
        35                  22             0.21911   (       1    1582)
        36                  22             0.22392   (       1    1113)
        37                  22             0.23024   (     547     838)
        38                  22             0.23160   (     272    1597)
        39                  22             0.23198   (      84    1113)
        40                  22             0.23520   (      18    1574)
        41                  22             0.23752   (      17    1113)
        42                  22             0.23852   (      18    1113)
        43                  22             0.23956   (      19    1372)
        44                  22             0.23960   (      17    1372)
        45                  22             0.23960   (       1    1372)
        46                  22             0.23996   (       8    1572)
        47                  22             0.23996   (       8    1577)
        48                  22             0.23996   (       8    1580)
        49                  22             0.23996   (       8    1446)
        50                  22             0.23996   (       8    1531)
        51                  22             0.23996   (       8    1568)
        52                  22             0.23996   (       8    1573)
        53                  22             0.23996   (       8    1569)
        54                  22             0.23996   (       8    1582)
        55                  22             0.24085   (      83    1113)
        56                  22             0.24180   (     547     839)
        57                  22             0.24429   (      17    1574)
        58                  22             0.25222   (      95     818)
        59                  22             0.25222   (     252     838)
        60                  22             0.25222   (     252     839)
        61                  22             0.25222   (     512     839)
        62                  22             0.25222   (     529     818)
        63                  23             0.13613   (     254     802)
        64                  23             0.15231   (       1    1256)
        65                  23             0.16907   (     252     799)
        66                  23             0.16907   (     252     800)
        67                  23             0.16907   (     252     802)
        68                  23             0.18059   (     505     819)
        69                  23             0.18268   (       2     818)
        70                  23             0.19554   (      83    1574)
        71                  23             0.19766   (     512     799)
        72                  23             0.19766   (     512     800)
        73                  23             0.19766   (     512     802)
        74                  23             0.19963   (      18    1508)
        75                  23             0.20253   (       1    1509)
        76                  23             0.20679   (      84    1574)
        77                  23             0.20883   (       1    1241)
        78                  23             0.20892   (      95     546)
        79                  23             0.21209   (      82    1113)
        80                  23             0.21435   (       8    1509)
        81                  23             0.21752   (       1    1355)
        82                  23             0.21774   (      95     869)
        83                  23             0.21824   (      95     544)
        84                  23             0.21991   (      95     870)
        85                  23             0.22576   (      95     551)
        86                  23             0.23373   (     529     544)
        87                  23             0.23395   (     529     546)
        88                  23             0.23529   (      18    1582)
        89                  23             0.23529   (      18    1569)
        90                  23             0.23529   (      18    1573)
        91                  23             0.23529   (      18    1531)
        92                  23             0.23529   (      18    1568)
        93                  23             0.23529   (      18    1572)
        94                  23             0.23529   (      18    1577)
        95                  23             0.23529   (      18    1580)
        96                  23             0.23960   (      84    1372)
        97                  23             0.23960   (      83    1372)
        98                  23             0.24883   (     846    1024)
        99                  23             0.25205   (     529     819)
       100                  23             0.25222   (     512     529)
