        Rank        RMSE       MaxAE  Feature_ID
           1   11.361405   35.440180  (       1)
           2   11.460004   32.575645  (       2)
           3   11.512975   35.458865  (       3)
           4   11.542889   37.288025  (       4)
           5   11.624028   36.026903  (       5)
           6   11.668503   31.653385  (       6)
           7   11.679596   35.190241  (       7)
           8   11.713865   34.595643  (       8)
           9   11.719062   37.269547  (       9)
          10   11.731456   31.635489  (      10)
          11   11.736741   32.128978  (      11)
          12   11.747101   34.477570  (      12)
          13   11.794153   32.527510  (      13)
          14   11.794252   34.941019  (      14)
          15   11.804710   37.198109  (      15)
          16   11.808141   37.219202  (      16)
          17   11.828240   32.339996  (      17)
          18   11.847826   31.246073  (      18)
          19   11.868790   35.981723  (      19)
          20   11.871743   31.470494  (      20)
          21   11.877748   33.326494  (      21)
          22   11.880044   32.519084  (      22)
          23   11.886900   29.568169  (      23)
          24   11.904897   34.742230  (      24)
          25   11.909020   33.043156  (      25)
          26   11.912233   33.026810  (      26)
          27   11.913319   33.066765  (      27)
          28   11.919449   33.121651  (      28)
          29   11.925056   33.117654  (      29)
          30   11.945887   36.100744  (      30)
          31   11.959380   30.335725  (      31)
          32   11.969153   32.906543  (      32)
          33   11.969777   32.881622  (      33)
          34   11.972511   32.845306  (      34)
          35   11.976989   32.864397  (      35)
          36   12.000691   34.951121  (      36)
          37   12.006426   29.023259  (      37)
          38   12.008241   35.071223  (      38)
          39   12.009709   41.294896  (      39)
          40   12.014712   29.541206  (      40)
          41   12.015703   33.051461  (      41)
          42   12.017717   32.182509  (      42)
          43   12.023963   34.494504  (      43)
          44   12.031356   35.561617  (      44)
          45   12.032446   29.547373  (      45)
          46   12.033368   33.335486  (      46)
          47   12.036226   34.220558  (      47)
          48   12.039951   33.480833  (      48)
          49   12.045814   38.872555  (      49)
          50   12.046917   34.241470  (      50)
          51   12.051881   34.838054  (      51)
          52   12.052081   35.073041  (      52)
          53   12.056157   34.490002  (      53)
          54   12.060030   38.246700  (      54)
          55   12.062027   35.065579  (      55)
          56   12.063444   38.148103  (      56)
          57   12.065124   38.859191  (      57)
          58   12.074679   32.730587  (      58)
          59   12.077587   34.517555  (      59)
          60   12.090339   32.120350  (      60)
          61   12.092620   37.197082  (      61)
          62   12.094730   34.244693  (      62)
          63   12.096014   38.310346  (      63)
          64   12.097716   36.572876  (      64)
          65   12.098268   35.103490  (      65)
          66   12.099404   32.123620  (      66)
          67   12.105829   33.932210  (      67)
          68   12.107698   37.350555  (      68)
          69   12.108404   35.667233  (      69)
          70   12.109687   32.542748  (      70)
          71   12.112675   34.494110  (      71)
          72   12.113980   33.012346  (      72)
          73   12.114476   36.510153  (      73)
          74   12.119232   32.523680  (      74)
          75   12.124706   32.202732  (      75)
          76   12.130200   35.426170  (      76)
          77   12.131539   36.917717  (      77)
          78   12.135931   33.925942  (      78)
          79   12.136739   30.727305  (      79)
          80   12.137214   31.226409  (      80)
          81   12.137769   34.933780  (      81)
          82   12.139376   35.571806  (      82)
          83   12.141486   32.585741  (      83)
          84   12.143820   36.492689  (      84)
          85   12.150350   31.891366  (      85)
          86   12.152004   32.345482  (      86)
          87   12.152268   34.369483  (      87)
          88   12.153164   32.786349  (      88)
          89   12.154175   33.487117  (      89)
          90   12.154422   32.867341  (      90)
          91   12.154656   33.973200  (      91)
          92   12.155075   32.968651  (      92)
          93   12.155194   32.716719  (      93)
          94   12.156334   31.700596  (      94)
          95   12.157089   35.892787  (      95)
          96   12.158188   32.686307  (      96)
          97   12.159012   35.903325  (      97)
          98   12.159260   35.785566  (      98)
          99   12.161425   38.734721  (      99)
         100   12.162516   38.333573  (     100)
