Model_ID, [(c_i,i=0,n)_j,j=1,ntask]
           1    0.7776795889E+02   -0.3995319683E+02   -0.2468100719E+03
           2    0.7783379623E+02   -0.4032346988E+02   -0.2539494215E+03
           3    0.5028110792E+02   -0.4744806314E+02    0.1771993091E+03
           4    0.4818951536E+02    0.4658832242E+02   -0.6053143723E+03
           5    0.4668371686E+02    0.4135949623E+02   -0.6069211969E+03
           6    0.4502684036E+02   -0.3932266208E+02   -0.6055592993E+03
           7    0.8043184542E+02   -0.3527545969E+02    0.1646058267E+03
           8    0.8222107868E+02   -0.3722548460E+02    0.1591355099E+03
           9    0.7729468046E+02   -0.3839342062E+02    0.3443935725E+03
          10    0.4993520864E+02    0.4143842539E+02    0.3414743487E+03
          11    0.7340950238E+02   -0.3650798522E+02   -0.2316623747E+03
          12    0.7348427495E+02   -0.3688301037E+02   -0.2393230409E+03
          13    0.4844555145E+02   -0.4611514676E+02   -0.4027425753E+03
          14    0.5376699519E+02   -0.5424128644E+02    0.3380665605E+03
          15    0.4911463154E+02   -0.4704695791E+02    0.1964466020E+03
          16    0.5903473935E+02    0.5321562597E+02    0.3209923507E+04
          17    0.4825567524E+02    0.4198326076E+02    0.3489196376E+03
          18    0.4514138210E+02    0.3906735839E+02   -0.6052655728E+03
          19    0.7713879698E+02   -0.3794105275E+02    0.3252408877E+03
          20    0.4823377604E+02   -0.4202150137E+02    0.3485184907E+03
          21    0.4515113852E+02   -0.3918974295E+02   -0.6047753285E+03
          22    0.5379433537E+02   -0.5402134224E+02    0.3368549242E+03
          23    0.5389613223E+02   -0.5411733354E+02    0.3360714844E+03
          24    0.4833699607E+02    0.4155536745E+02    0.3497157571E+03
          25    0.4511461412E+02   -0.3907419126E+02   -0.6055831605E+03
          26    0.4849557824E+02    0.4119716297E+02    0.3463180144E+03
          27    0.5369669215E+02   -0.5391191804E+02    0.3361597411E+03
          28    0.5009443741E+02    0.4093585599E+02    0.3220236224E+03
          29    0.4831500830E+02   -0.4159250962E+02    0.3492902042E+03
          30    0.4847339731E+02   -0.4123342175E+02    0.3458779413E+03
          31    0.4515831301E+02    0.3895618232E+02   -0.6043976315E+03
          32    0.5382436252E+02   -0.5379413390E+02    0.3346061631E+03
          33    0.4502472050E+02   -0.3922777855E+02   -0.6007460025E+03
          34    0.4973344966E+02    0.3974090389E+02   -0.7153669717E+03
          35    0.4842888471E+02    0.4141861591E+02    0.3486834799E+03
          36    0.4840674967E+02   -0.4145528847E+02    0.3482469584E+03
          37    0.4823914477E+02    0.4131358448E+02    0.3455672057E+03
          38    0.5277636768E+02   -0.4343582243E+02   -0.7434204494E+03
          39    0.6111224136E+02   -0.5276283175E+02    0.2039372757E+03
          40    0.5816743110E+02   -0.5634027468E+02   -0.3056726237E+03
          41    0.4607085010E+02   -0.3805465447E+02    0.3304192988E+03
          42    0.4821739151E+02   -0.4135073305E+02    0.3451476958E+03
          43    0.5160777857E+02    0.4818612586E+02    0.3385026070E+03
          44    0.5500952072E+02   -0.5152336392E+02   -0.4927246602E+03
          45    0.5518117195E+02   -0.5309442190E+02    0.2334493083E+03
          46    0.5763679495E+02    0.4471910143E+02    0.3328252605E+03
          47    0.4990607582E+02    0.3923021654E+02   -0.7242493638E+03
          48    0.8077540473E+02   -0.3823092590E+02   -0.1817836018E+03
          49    0.4862321408E+02    0.4153862676E+02    0.4773849496E+03
          50    0.4755452299E+02   -0.3657693887E+02   -0.7655755569E+03
          51    0.5253851842E+02    0.4942497152E+02   -0.5687347903E+03
          52    0.4860282685E+02   -0.4158457243E+02    0.4771157102E+03
          53    0.8151809957E+02   -0.3511186042E+02    0.3158797207E+03
          54    0.4851464626E+02    0.4127329179E+02    0.3468406545E+03
          55    0.8102267239E+02   -0.3865021949E+02   -0.1808455759E+03
          56    0.4819445513E+02   -0.3668291690E+02   -0.7677501913E+03
          57    0.5028312930E+02    0.4790682903E+02   -0.5988425503E+03
          58    0.5292466005E+02   -0.4280278704E+02   -0.7534097021E+03
          59    0.5519924359E+02   -0.5402895289E+02    0.2205634663E+03
          60    0.4884305867E+02   -0.4016966164E+02    0.3430163518E+03
          61    0.4849237262E+02   -0.4130953727E+02    0.3463945385E+03
          62    0.4899974504E+02    0.4277836596E+02   -0.3401789849E+03
          63    0.4819779837E+02   -0.3671728685E+02   -0.7638057201E+03
          64    0.4881790504E+02    0.4020880504E+02    0.3430044332E+03
          65    0.5378130692E+02   -0.5350135585E+02    0.3200899079E+03
          66    0.5440502295E+02    0.4972419648E+02   -0.9106746118E+03
          67    0.4897646704E+02   -0.4281640370E+02   -0.3397681100E+03
          68    0.5714261756E+02   -0.5287217331E+02   -0.2983024884E+03
          69    0.5315332541E+02    0.4542152165E+02   -0.7263485623E+03
          70    0.4746886878E+02   -0.4631398880E+02   -0.2079854131E+03
          71    0.5395227011E+02   -0.5192060711E+02   -0.5040492659E+03
          72    0.4858088664E+02    0.4145521705E+02    0.3460124411E+03
          73    0.5820209355E+02   -0.5472422744E+02   -0.2983762789E+03
          74    0.4803462263E+02   -0.4228719294E+02    0.3449922990E+03
          75    0.4932879930E+02   -0.4611322029E+02   -0.3298916792E+03
          76    0.4705615715E+02   -0.4680862113E+02    0.1970063633E+03
          77    0.4982948318E+02    0.3927777810E+02   -0.7244512122E+03
          78    0.5439569419E+02   -0.4919544759E+02   -0.2971106681E+03
          79    0.4855845290E+02   -0.4149161198E+02    0.3455672282E+03
          80    0.5173706860E+02    0.4757808084E+02    0.3186378716E+03
          81    0.4800646098E+02    0.4231932456E+02    0.3447400420E+03
          82    0.4637904665E+02   -0.4580092733E+02    0.6383323229E+03
          83    0.5440284160E+02   -0.4913571950E+02   -0.2953210241E+03
          84    0.5366693348E+02   -0.5489612978E+02    0.5356993293E+03
          85    0.5879265450E+02    0.5463368755E+02    0.1968555624E+03
          86    0.4626194403E+02   -0.3757545133E+02    0.3107322036E+03
          87    0.5317553519E+02   -0.4329224237E+02   -0.5336973659E+03
          88    0.4997692913E+02    0.4092383813E+02    0.6524525287E+03
          89    0.4811534855E+02   -0.4184978645E+02    0.3455756318E+03
          90    0.4861633267E+02    0.4063012619E+02    0.2981761386E+03
          91    0.4841545635E+02   -0.4191302525E+02    0.4745511445E+03
          92    0.5317467164E+02   -0.5499185590E+02    0.3117236056E+03
          93    0.8071086536E+02   -0.3590176344E+02    0.1594643178E+03
          94    0.5004422593E+02    0.3858636305E+02   -0.7223696684E+03
          95    0.5582770068E+02    0.4234750785E+02    0.3249441027E+03
          96    0.4827224986E+02   -0.4148375732E+02    0.3420523076E+03
          97    0.4808721898E+02    0.4188074337E+02    0.3452998082E+03
          98    0.6037951290E+02    0.2989000140E+02    0.1930713458E+03
          99    0.5482312452E+02   -0.5585485779E+02    0.3313663446E+03
         100    0.5140530787E+02    0.4535783687E+02   -0.7082360763E+03
