        Rank        RMSE       MaxAE  Feature_ID
           1   10.939926   29.055054  (       1)
           2   10.947601   28.935151  (       2)
           3   10.954901   27.153271  (       3)
           4   10.959009   27.987054  (       4)
           5   10.980188   29.308433  (       5)
           6   10.983331   28.768986  (       6)
           7   10.991855   28.665722  (       7)
           8   10.995039   28.599417  (       8)
           9   11.021113   24.250642  (       9)
          10   11.022957   28.649238  (      10)
          11   11.033963   28.487966  (      11)
          12   11.041484   29.721378  (      12)
          13   11.042893   24.108606  (      13)
          14   11.043856   29.389477  (      14)
          15   11.044214   27.423546  (      15)
          16   11.045011   27.457274  (      16)
          17   11.045452   28.556775  (      17)
          18   11.045840   29.390933  (      18)
          19   11.057606   27.198038  (      19)
          20   11.059673   28.391962  (      20)
          21   11.064703   27.128378  (      21)
          22   11.065187   28.467917  (      22)
          23   11.077246   24.814952  (      23)
          24   11.081651   24.118117  (      24)
          25   11.086770   24.112830  (      25)
          26   11.091671   24.490930  (      26)
          27   11.094345   27.446590  (      27)
          28   11.094924   28.794319  (      28)
          29   11.095740   23.650339  (      29)
          30   11.095776   23.999401  (      30)
          31   11.100782   23.916022  (      31)
          32   11.102019   24.338282  (      32)
          33   11.107292   23.404114  (      33)
          34   11.116093   28.236614  (      34)
          35   11.121895   29.422661  (      35)
          36   11.129534   29.058468  (      36)
          37   11.135014   24.337993  (      37)
          38   11.135352   32.523486  (      38)
          39   11.137480   28.535272  (      39)
          40   11.144838   29.425644  (      40)
          41   11.155448   23.923868  (      41)
          42   11.165733   27.417727  (      42)
          43   11.169086   29.426465  (      43)
          44   11.173946   28.018580  (      44)
          45   11.174567   26.255036  (      45)
          46   11.183811   24.938587  (      46)
          47   11.195424   28.333814  (      47)
          48   11.195972   27.571423  (      48)
          49   11.204143   28.059356  (      49)
          50   11.207412   26.523496  (      50)
          51   11.208742   27.484553  (      51)
          52   11.209358   26.952706  (      52)
          53   11.212370   22.666383  (      53)
          54   11.225782   24.175922  (      54)
          55   11.226806   27.445968  (      55)
          56   11.231224   25.903459  (      56)
          57   11.231550   26.367587  (      57)
          58   11.232139   28.362244  (      58)
          59   11.233767   29.516558  (      59)
          60   11.239117   24.514357  (      60)
          61   11.239609   24.642902  (      61)
          62   11.242691   28.351743  (      62)
          63   11.243496   25.880418  (      63)
          64   11.249961   30.331177  (      64)
          65   11.250848   25.636063  (      65)
          66   11.250856   26.676028  (      66)
          67   11.250952   26.762669  (      67)
          68   11.254882   32.553617  (      68)
          69   11.255114   25.208157  (      69)
          70   11.257021   24.513411  (      70)
          71   11.264290   25.689005  (      71)
          72   11.266697   26.686556  (      72)
          73   11.266828   23.549210  (      73)
          74   11.268138   25.493546  (      74)
          75   11.271672   27.599601  (      75)
          76   11.272417   26.954772  (      76)
          77   11.274277   30.051592  (      77)
          78   11.284602   24.380438  (      78)
          79   11.287878   26.701212  (      79)
          80   11.289568   27.494075  (      80)
          81   11.292424   29.565685  (      81)
          82   11.293308   26.686018  (      82)
          83   11.293800   26.841331  (      83)
          84   11.298735   27.519324  (      84)
          85   11.298763   24.035575  (      85)
          86   11.303570   25.312245  (      86)
          87   11.304861   30.383880  (      87)
          88   11.305351   26.820159  (      88)
          89   11.306074   27.999634  (      89)
          90   11.306513   26.788882  (      90)
          91   11.307563   27.507175  (      91)
          92   11.308537   26.857082  (      92)
          93   11.308812   29.360289  (      93)
          94   11.309664   26.853244  (      94)
          95   11.309776   28.119076  (      95)
          96   11.309874   27.537580  (      96)
          97   11.310508   27.453006  (      97)
          98   11.311074   25.841287  (      98)
          99   11.313281   27.066677  (      99)
         100   11.314802   24.665047  (     100)
