        Rank        RMSE       MaxAE  Feature_ID
           1   28.452869   59.077773  (       1)
           2   31.129956   70.641341  (       2)
           3   31.615800  108.474011  (       3)
           4   31.676817   61.277281  (       4)
           5   32.148094   72.349861  (       5)
           6   32.153065  101.262356  (       6)
           7   32.156471   74.385717  (       7)
           8   32.199822   81.961377  (       8)
           9   32.259195   78.743669  (       9)
          10   32.278420   75.684224  (      10)
          11   32.302961   82.582218  (      11)
          12   32.315723   78.745880  (      12)
          13   32.322123   80.719407  (      13)
          14   32.358533   86.567689  (      14)
          15   32.373929   79.759411  (      15)
          16   32.425729   64.339307  (      16)
          17   32.465091   77.534017  (      17)
          18   32.521318   88.888953  (      18)
          19   32.629319   67.061153  (      19)
          20   32.630678   69.560652  (      20)
          21   32.669849   87.834265  (      21)
          22   32.701472   78.695702  (      22)
          23   32.723486   97.152465  (      23)
          24   32.813846   87.374156  (      24)
          25   32.828289   95.714061  (      25)
          26   32.837778   92.281480  (      26)
          27   32.839221   87.585421  (      27)
          28   32.885339   62.551360  (      28)
          29   32.930182   72.243071  (      29)
          30   32.948455   71.305089  (      30)
          31   32.956448   73.685011  (      31)
          32   32.958940   86.129518  (      32)
          33   32.969366  109.087026  (      33)
          34   32.984790   87.813953  (      34)
          35   32.999896   85.877322  (      35)
          36   33.002679   78.135348  (      36)
          37   33.009380   80.810862  (      37)
          38   33.011728   95.903626  (      38)
          39   33.012419   77.794992  (      39)
          40   33.018551   71.077244  (      40)
          41   33.062149   91.575494  (      41)
          42   33.065607   85.069341  (      42)
          43   33.078467   96.002812  (      43)
          44   33.104890   86.399330  (      44)
          45   33.128175   86.499070  (      45)
          46   33.144263   89.382318  (      46)
          47   33.155042   69.127925  (      47)
          48   33.155545   73.480322  (      48)
          49   33.157592   78.195411  (      49)
          50   33.158142   86.238277  (      50)
          51   33.161110   92.219778  (      51)
          52   33.182653   94.067166  (      52)
          53   33.201874   82.084330  (      53)
          54   33.216381   70.927921  (      54)
          55   33.223046   79.805745  (      55)
          56   33.239282   80.481537  (      56)
          57   33.241006   88.902179  (      57)
          58   33.242364   75.936650  (      58)
          59   33.294877   83.355929  (      59)
          60   33.300565   80.263524  (      60)
          61   33.322185   87.783589  (      61)
          62   33.329031   77.842050  (      62)
          63   33.329061   85.313045  (      63)
          64   33.329248   77.847446  (      64)
          65   33.329469   77.852844  (      65)
          66   33.332426   70.058296  (      66)
          67   33.334229   81.080229  (      67)
          68   33.342612   83.052375  (      68)
          69   33.346305   94.529198  (      69)
          70   33.348531   78.172072  (      70)
          71   33.365851   75.431654  (      71)
          72   33.387754   71.421133  (      72)
          73   33.391528   82.433902  (      73)
          74   33.409349   76.834728  (      74)
          75   33.423592   87.310069  (      75)
          76   33.438249   88.095206  (      76)
          77   33.478397   86.024299  (      77)
          78   33.483572   85.720505  (      78)
          79   33.497381   83.910585  (      79)
          80   33.504249   86.571780  (      80)
          81   33.516096   77.928258  (      81)
          82   33.516252   79.109983  (      82)
          83   33.519853   87.052886  (      83)
          84   33.526717   82.161965  (      84)
          85   33.542940   82.639464  (      85)
          86   33.543196  107.521047  (      86)
          87   33.546948   64.603599  (      87)
          88   33.555812   83.095408  (      88)
          89   33.563157   85.016305  (      89)
          90   33.567598   79.312165  (      90)
          91   33.571986   92.885608  (      91)
          92   33.581812   79.376218  (      92)
          93   33.589394   83.205754  (      93)
          94   33.600154   85.943372  (      94)
          95   33.616614   89.909393  (      95)
          96   33.619036   76.968312  (      96)
          97   33.653187   74.794332  (      97)
          98   33.655998   80.544257  (      98)
          99   33.661508   88.843290  (      99)
         100   33.670385   86.963395  (     100)
