     Index              y_true              y_pred        descriptor_1        descriptor_2
         1    0.1000000000E+00   -0.1276787462E+01    0.3000000000E+01    0.0000000000E+00
         2    0.2600000000E+01    0.5046840187E+01    0.2064100000E+01   -0.6744456000E-01
         3    0.4090000000E+02    0.3612123630E+02    0.9237000000E+00    0.2441149500E+00
         4    0.1560000000E+01    0.1114895711E+01    0.2817900000E+01    0.6443440000E-02
         5    0.6650000000E+01    0.4535322302E+01    0.2211000000E+01   -0.4875330000E-01
         6    0.1316000000E+02    0.1662949105E+02    0.1729900000E+01    0.6557968000E-01
         7    0.3140000000E+01    0.4027558884E+01    0.2500800000E+01   -0.3432660000E-02
         8    0.2309000000E+02    0.1905858301E+02    0.1527300000E+01    0.6884232000E-01
         9    0.6070000000E+01    0.8009076273E+01    0.2540000000E+01    0.7093890000E-01
        10    0.4360000000E+01    0.6568711254E+01    0.2611900000E+01    0.6003712000E-01
        11    0.1012000000E+02    0.7660964873E+01    0.2106000000E+01   -0.1561005000E-01
        12    0.4660000000E+01    0.8194352420E+01    0.2072300000E+01   -0.1288815000E-01
        13    0.7530000000E+01    0.1268482616E+02    0.2037900000E+01    0.5637598000E-01
        14    0.6140000000E+01    0.4596617243E+01    0.2369300000E+01   -0.1829146000E-01
        15    0.5980000000E+01    0.4482116561E+01    0.2388400000E+01   -0.1666984000E-01
        16    0.6970000000E+01    0.4301927483E+01    0.2432100000E+01   -0.1158168000E-01
        17    0.4390000000E+01    0.3541155538E+01    0.2533100000E+01   -0.5623200000E-02
        18    0.3600000000E+01   -0.1937070335E+00    0.2928900000E+01    0.5030670000E-02
        19    0.7350000000E+01    0.5678204485E+01    0.2943600000E+01    0.1066984800E+00
        20    0.4060000000E+01    0.4512254039E+01    0.2318900000E+01   -0.2908260000E-01
        21    0.1925000000E+02    0.2258587831E+02    0.1890200000E+01    0.1957388800E+00
        22    0.2305000000E+02    0.2513908440E+02    0.1121000000E+01    0.9575775000E-01
        23    0.2977000000E+02    0.3223167396E+02    0.8962000000E+00    0.1734678400E+00
        24    0.3366000000E+02    0.3152195515E+02    0.5145000000E+00    0.9054916000E-01
        25    0.2492000000E+02    0.2801318362E+02    0.9082000000E+00    0.1046220000E+00
        26    0.2638000000E+02    0.2750983838E+02    0.3841000000E+00   -0.1292690000E-02
        27    0.2218000000E+02    0.2589642578E+02    0.1569700000E+01    0.1919345900E+00
        28    0.1262000000E+02    0.1713773375E+02    0.8333000000E+00   -0.9254130000E-01
        29    0.5650000000E+01    0.4428099012E+01    0.2596600000E+01    0.2112588000E-01
        30    0.2455000000E+02    0.2369924512E+02    0.1785100000E+01    0.1949590000E+00
        31    0.1040000000E+01    0.4188645702E+01    0.2527900000E+01    0.4319550000E-02
        32    0.4200000000E+00    0.5181757118E+00    0.2153600000E+01   -0.1271086800E+00
        33    0.3850000000E+02    0.2923899016E+02    0.6236000000E+00    0.7236628000E-01
        34    0.2347000000E+02    0.2314946096E+02    0.8446000000E+00    0.1085016000E-01
        35    0.1576000000E+02    0.1201216625E+02    0.1808800000E+01    0.2451120000E-02
        36    0.1546000000E+02    0.1654580447E+02    0.1494400000E+01    0.2038854000E-01
