Model_ID, [(c_i,i=0,n)_j,j=1,ntask]
           1    0.3834768324E+01    0.3761250461E+02    0.4944584277E+03
           2    0.3732363613E+01    0.3798633340E+02    0.4072796486E+03
           3    0.3655041918E+01    0.3840109396E+02    0.3767186025E+03
           4    0.4215476884E+01    0.3717856417E+02    0.3970285912E+03
           5    0.4331871943E+01    0.3667895711E+02    0.4774983446E+03
           6    0.3900174800E+01    0.3742636244E+02    0.3965739668E+03
           7    0.4022940177E+01    0.3690944561E+02    0.4764920828E+03
           8    0.4030570937E+01    0.3783454483E+02    0.2973312108E+03
           9    0.4159229522E+01    0.3748069517E+02    0.3648705996E+03
          10    0.4370326550E+01    0.3688842466E+02    0.3952733521E+03
          11    0.4035414372E+01    0.3716587241E+02    0.4831451786E+03
          12    0.3541869509E+01    0.3862613360E+02    0.3042699388E+03
          13    0.3919021731E+01    0.3764258285E+02    0.4008312169E+03
          14    0.4286391260E+01    0.3705822928E+02    0.3964575789E+03
          15    0.3891689578E+01    0.3771179517E+02    0.3995725844E+03
          16    0.4483763755E+01    0.3639794242E+02    0.4755429136E+03
          17    0.4171803717E+01    0.3690476460E+02    0.4813171677E+03
          18    0.4058369353E+01    0.3737119333E+02    0.3991549048E+03
          19    0.3877615109E+01    0.3771368343E+02    0.3993726421E+03
          20    0.3945841863E+01    0.3998731779E+02    0.8030825677E+02
          21    0.4401410108E+01    0.3656327926E+02    0.4769308296E+03
          22    0.4013397735E+01    0.3720113196E+02    0.4805324702E+03
          23    0.4031888136E+01    0.3743740711E+02    0.3978807413E+03
          24    0.4077354500E+01    0.3744180020E+02    0.3987861262E+03
          25    0.4212559004E+01    0.3718488262E+02    0.3972588130E+03
          26    0.3999413197E+01    0.3720359851E+02    0.4803123245E+03
          27    0.4150436457E+01    0.3693769951E+02    0.4786979964E+03
          28    0.3899614903E+01    0.3760910342E+02    0.9228485580E+03
          29    0.4196383259E+01    0.3693545779E+02    0.4795964798E+03
          30    0.4031410656E+01    0.3709730307E+02    0.4821019500E+03
          31    0.3856002615E+01    0.3797573949E+02    0.3689718243E+03
          32    0.4328601795E+01    0.3668880127E+02    0.4779470795E+03
          33    0.3915637442E+01    0.3756912935E+02    0.3998606061E+03
          34    0.3828774601E+01    0.3804348293E+02    0.3677741311E+03
          35    0.3696506354E+01    0.3840171436E+02    0.2996351976E+03
          36    0.3727971444E+01    0.3830703876E+02    0.3000976458E+03
          37    0.3814143339E+01    0.3804811631E+02    0.3676539819E+03
          38    0.3661878534E+01    0.3848383553E+02    0.7027131286E+03
          39    0.3681927982E+01    0.3840531226E+02    0.2995160035E+03
          40    0.4085252143E+01    0.3747641648E+02    0.4004325726E+03
          41    0.4320890202E+01    0.3715019192E+02    0.3623317958E+03
          42    0.3999349680E+01    0.3768404817E+02    0.3670111444E+03
          43    0.4195113060E+01    0.3749501885E+02    0.2951608475E+03
          44    0.3972983036E+01    0.3774874522E+02    0.3657988685E+03
          45    0.4235429221E+01    0.3732733222E+02    0.3635580493E+03
          46    0.4108224624E+01    0.3767626724E+02    0.2961922349E+03
          47    0.3843816377E+01    0.3809561684E+02    0.2978781521E+03
          48    0.3889830189E+01    0.3810050718E+02    0.2985489555E+03
          49    0.4020805415E+01    0.3774009755E+02    0.3663105064E+03
          50    0.4146390912E+01    0.3727094533E+02    0.3976175923E+03
          51    0.3874243229E+01    0.3800459525E+02    0.2983593141E+03
          52    0.4979994921E+01    0.3558404631E+02    0.4060121864E+03
          53    0.4207376661E+01    0.3694975006E+02    0.4809913519E+03
          54    0.3852284210E+01    0.3790348653E+02    0.3681210713E+03
          55    0.4477492359E+01    0.3628058368E+02    0.4730290376E+03
          56    0.4368214110E+01    0.3674149436E+02    0.3924423791E+03
          57    0.4263171960E+01    0.3677534465E+02    0.4784653227E+03
          58    0.4159657751E+01    0.3746409088E+02    0.3645050675E+03
          59    0.4031635530E+01    0.3781364183E+02    0.2969358565E+03
          60    0.5107092008E+01    0.3549550191E+02    0.4060481907E+03
          61    0.3724917821E+01    0.3823070371E+02    0.2993399172E+03
          62    0.3597202963E+01    0.4056601887E+02    0.8077118027E+02
          63    0.3965063681E+01    0.4015988589E+02    0.8145261546E+02
          64    0.3794188007E+01    0.4029223428E+02    0.8069848944E+02
          65    0.3873759958E+01    0.3786236438E+02    0.4033557350E+03
          66    0.3582916992E+01    0.4056109162E+02    0.8069778310E+02
          67    0.4986827495E+01    0.3569508750E+02    0.4063387270E+03
          68    0.3993741927E+01    0.4011943950E+02    0.8148853206E+02
          69    0.4015163846E+01    0.3758318152E+02    0.4016013371E+03
          70    0.3902328463E+01    0.3810483355E+02    0.2991506129E+03
          71    0.3571349230E+01    0.4074145432E+02    0.8178923269E+02
          72    0.4035552844E+01    0.3773011797E+02    0.3667309835E+03
          73    0.4313106639E+01    0.3704057120E+02    0.3606700303E+03
          74    0.4091664677E+01    0.3755933230E+02    0.3650274476E+03
          75    0.3902282251E+01    0.3764324004E+02    0.3991215654E+03
          76    0.4566993543E+01    0.3637597180E+02    0.3912363139E+03
          77    0.3357840114E+01    0.1826053302E+02    0.7281006387E+02
          78    0.3681191422E+01    0.2001902667E+02    0.1266994573E+03
          79    0.3963106308E+01    0.3790823711E+02    0.2973171487E+03
          80    0.4003035153E+01    0.3730576809E+02    0.4838234841E+03
          81    0.4675447969E+01    0.3590725901E+02    0.4711558815E+03
          82    0.3677086127E+01    0.2002033882E+02    0.1266524708E+03
          83    0.4191014508E+01    0.3736146006E+02    0.2933625270E+03
          84    0.4024103257E+01    0.3713258473E+02    0.4800158359E+03
          85    0.4140988931E+01    0.3703855934E+02    0.4819313879E+03
          86    0.4595525846E+01    0.3591701536E+02    0.4685932311E+03
          87    0.3744873017E+01    0.1994296718E+02   -0.1261696574E+03
          88    0.4471208635E+01    0.3613626102E+02    0.4699295021E+03
          89    0.3939793195E+01    0.2575862004E+02    0.6736540272E+03
          90    0.3612330552E+01    0.2002275649E+02    0.1254403868E+03
          91    0.4090050903E+01    0.3729559279E+02    0.3972210050E+03
          92    0.3740778827E+01    0.1994416002E+02    0.1261203661E+03
          93    0.3608273906E+01    0.2002417749E+02    0.1253966301E+03
          94    0.3911170928E+01    0.1971232314E+02    0.1244217146E+03
          95    0.3683539923E+01    0.3851645047E+02    0.3016369581E+03
          96    0.4491224844E+01    0.3635141419E+02    0.3882088640E+03
          97    0.3722970621E+01    0.1996037227E+02    0.1261228847E+03
          98    0.4364452106E+01    0.3657894798E+02    0.3894469113E+03
          99    0.3907101757E+01    0.1971326928E+02    0.1243675856E+03
         100    0.4207415062E+01    0.3680119520E+02    0.4780721613E+03
