        Rank        RMSE       MaxAE  Feature_ID
           1    2.361285    5.724556  (    6070   14066)
           2    2.412862    5.663862  (    6070   14106)
           3    2.414810    5.718682  (    6070   15806)
           4    2.421345    5.820018  (    3298   14106)
           5    2.433950    5.995938  (    3298   14066)
           6    2.436800    5.985349  (    3390   14106)
           7    2.455323    6.170725  (    3390   14066)
           8    2.460032    5.972465  (    3298   16930)
           9    2.461448    5.949874  (    3298   15806)
          10    2.466335    5.870087  (    3532   14106)
          11    2.469296    5.925815  (    5137   14066)
          12    2.471189    5.853572  (    6070   16930)
          13    2.471755    5.775988  (    5137   14106)
          14    2.475141    5.832082  (    3973   14106)
          15    2.475877    5.775937  (    4859   14106)
          16    2.476744    6.041659  (    3532   14066)
          17    2.479001    5.973159  (    4893   14066)
          18    2.483654    5.828758  (    4893   14106)
          19    2.485197    5.791387  (    4983   14106)
          20    2.485447    5.380383  (    3298   17097)
          21    2.485745    6.005205  (    3973   14066)
          22    2.487834    5.953629  (    4859   14066)
          23    2.488568    5.829941  (    4609   14106)
          24    2.489258    5.770108  (    4890   14106)
          25    2.496133    5.816013  (    4567   14106)
          26    2.496830    5.968419  (    4983   14066)
          27    2.498103    6.001854  (    4609   14066)
          28    2.498550    5.436815  (    6070   14780)
          29    2.501080    5.947699  (    4890   14066)
          30    2.501859    5.984097  (    5569   14066)
          31    2.502327    5.887610  (    5137   15806)
          32    2.505737    5.988216  (    4567   14066)
          33    2.505884    5.837996  (    5569   14106)
          34    2.506735    5.888086  (    4859   15806)
          35    2.507201    5.913441  (    4859   16930)
          36    2.513248    5.934177  (    5137   16930)
          37    2.514878    5.901393  (    4983   15806)
          38    2.515617    5.450845  (    6070   17788)
          39    2.515781    5.927645  (    4983   16930)
          40    2.516447    5.719341  (    5986   14106)
          41    2.520491    6.029588  (    3532   15806)
          42    2.520523    5.953589  (    4893   15806)
          43    2.520980    6.055768  (    3532   16930)
          44    2.525699    5.955312  (    4609   15806)
          45    2.527231    5.987457  (    3973   15806)
          46    2.527288    6.012364  (    3973   16930)
          47    2.528864    5.986412  (    4609   16930)
          48    2.530069    5.926700  (    4890   16930)
          49    2.531840    5.906160  (    4890   15806)
          50    2.533831    5.823471  (    5441   14106)
          51    2.533911    6.005593  (    4893   16930)
          52    2.534558    6.140504  (    4321   10201)
          53    2.535140    5.912790  (    5986   14066)
          54    2.535229    5.948008  (    5569   15806)
          55    2.539408    6.148626  (    4051   14066)
          56    2.540418    6.000867  (    4051   14106)
          57    2.541944    5.993686  (    5441   14066)
          58    2.544685    5.964720  (    4567   15806)
          59    2.545502    5.990804  (    4567   16930)
          60    2.545871    6.267741  (    4560   10201)
          61    2.547266    5.997226  (    5569   16930)
          62    2.547365    5.159874  (    4859   17097)
          63    2.551274    5.438279  (    5927   17097)
          64    2.553696    5.271757  (    4890   17097)
          65    2.556923    5.650706  (    8490   14106)
          66    2.558753    5.171805  (    4983   17097)
          67    2.559216    6.148607  (    4923   10201)
          68    2.563667    5.462610  (    6289   17097)
          69    2.569707    5.707322  (    8013   14106)
          70    2.570052    5.901952  (    5986   16930)
          71    2.574419    5.120309  (    7140   17097)
          72    2.576599    5.892126  (    5986   15806)
          73    2.577577    6.128271  (    4051   15806)
          74    2.578825    5.965923  (    5441   15806)
          75    2.578900    5.814229  (    7140   14106)
          76    2.579112    6.047363  (    4421   14106)
          77    2.579508    6.290821  (     335   17097)
          78    2.580605    5.178629  (     335   19414)
          79    2.580700    5.993819  (    5441   16930)
          80    2.583124    5.862977  (    8490   14066)
          81    2.583336    6.205441  (    4421   14066)
          82    2.583733    5.182039  (     335   19406)
          83    2.586623    6.172321  (    4051   16930)
          84    2.589585    5.991551  (    7140   14066)
          85    2.593287    5.913278  (    8013   14066)
          86    2.596835    6.306658  (    4085   14066)
          87    2.599764    5.169221  (     335   19200)
          88    2.599925    6.278826  (    4454   14066)
          89    2.600875    5.834334  (    3120   17788)
          90    2.600975    5.250352  (     335   19244)
          91    2.601442    5.869398  (    6986   14106)
          92    2.602916    5.172712  (     335   19191)
          93    2.603984    5.253626  (     335   19227)
          94    2.604121    5.168111  (     335   17218)
          95    2.605480    5.822565  (    8490   16930)
          96    2.605499    6.177378  (    4085   14106)
          97    2.606461    5.179426  (     335   19603)
          98    2.606917    6.145224  (    4454   14106)
          99    2.607377    5.171766  (     335   17213)
         100    2.608025    6.037398  (    6986   14066)
