        Rank        RMSE       MaxAE  Feature_ID
           1    5.350059   15.716680  (       1)
           2    5.427594   14.483499  (       2)
           3    5.455704   16.621494  (       3)
           4    5.456017   16.621655  (       4)
           5    5.459692   16.732714  (       5)
           6    5.470626   13.124808  (       6)
           7    5.478059   15.840509  (       7)
           8    5.505758   16.327716  (       8)
           9    5.524932   16.283797  (       9)
          10    5.530668   15.409836  (      10)
          11    5.532378   19.301371  (      11)
          12    5.533647   16.716595  (      12)
          13    5.534079   19.506224  (      13)
          14    5.535991   15.109378  (      14)
          15    5.536095   16.714398  (      15)
          16    5.541759   15.659354  (      16)
          17    5.543024   16.204774  (      17)
          18    5.543655   15.838841  (      18)
          19    5.549704   17.517825  (      19)
          20    5.552895   14.432299  (      20)
          21    5.559417   15.594038  (      21)
          22    5.571907   17.080892  (      22)
          23    5.571925   15.581928  (      23)
          24    5.576109   16.477943  (      24)
          25    5.576589   15.463427  (      25)
          26    5.586757   16.652591  (      26)
          27    5.588122   15.813202  (      27)
          28    5.594850   17.780112  (      28)
          29    5.595855   15.828537  (      29)
          30    5.597307   19.928119  (      30)
          31    5.600546   16.884994  (      31)
          32    5.601346   19.570777  (      32)
          33    5.602485   19.569438  (      33)
          34    5.605438   17.177164  (      34)
          35    5.613104   16.714991  (      35)
          36    5.613481   15.514701  (      36)
          37    5.616643   16.003110  (      37)
          38    5.616905   16.716886  (      38)
          39    5.620825   17.202102  (      39)
          40    5.621316   15.266774  (      40)
          41    5.622518   15.512130  (      41)
          42    5.625329   15.510588  (      42)
          43    5.628965   17.693021  (      43)
          44    5.628999   15.610676  (      44)
          45    5.630932   17.397390  (      45)
          46    5.631596   14.526937  (      46)
          47    5.634157   16.647106  (      47)
          48    5.636860   16.980292  (      48)
          49    5.636919   18.047244  (      49)
          50    5.637086   17.409690  (      50)
          51    5.638735   16.306505  (      51)
          52    5.641954   16.725602  (      52)
          53    5.644451   17.419423  (      53)
          54    5.644809   15.516747  (      54)
          55    5.644826   14.634751  (      55)
          56    5.645289   16.270395  (      56)
          57    5.646753   15.518679  (      57)
          58    5.647801   15.519731  (      58)
          59    5.649772   16.003538  (      59)
          60    5.652017   16.357052  (      60)
          61    5.652245   16.874774  (      61)
          62    5.652504   17.738468  (      62)
          63    5.653743   16.164498  (      63)
          64    5.653905   22.056363  (      64)
          65    5.658066   15.587800  (      65)
          66    5.658629   17.685735  (      66)
          67    5.660615   16.699413  (      67)
          68    5.660916   15.538098  (      68)
          69    5.661460   17.940923  (      69)
          70    5.662544   17.341182  (      70)
          71    5.662710   16.682373  (      71)
          72    5.663390   16.921213  (      72)
          73    5.665583   16.745086  (      73)
          74    5.668733   15.543996  (      74)
          75    5.668817   15.546646  (      75)
          76    5.668820   16.643358  (      76)
          77    5.668965   15.542049  (      77)
          78    5.669487   15.540489  (      78)
          79    5.669610   15.551471  (      79)
          80    5.669637   16.824277  (      80)
          81    5.669988   18.316364  (      81)
          82    5.670424   15.539201  (      82)
          83    5.671018   18.353207  (      83)
          84    5.672196   15.203858  (      84)
          85    5.672498   15.538203  (      85)
          86    5.673643   16.984568  (      86)
          87    5.675018   16.078969  (      87)
          88    5.675911   16.662473  (      88)
          89    5.676586   18.311845  (      89)
          90    5.676974   14.731372  (      90)
          91    5.678285   16.953010  (      91)
          92    5.679523   19.541950  (      92)
          93    5.679934   15.569379  (      93)
          94    5.681331   17.355027  (      94)
          95    5.681808   17.509888  (      95)
          96    5.683759   16.773499  (      96)
          97    5.683862   16.153510  (      97)
          98    5.684156   19.036300  (      98)
          99    5.684755   16.462873  (      99)
         100    5.686186   16.942269  (     100)
