Model_ID, [(c_i,i=0,n)_j,j=1,ntask]
           1    0.2292120883E+02   -0.1337804527E+02
           2    0.1744326075E+02   -0.1061494857E+02
           3    0.2609311233E+02   -0.1262273825E+02
           4    0.1719163928E+02   -0.1074803473E+02
           5    0.2074391264E+02   -0.1041137307E+02
           6    0.2725602733E+02   -0.1447000557E+02
           7    0.1746783216E+02   -0.1068462174E+02
           8    0.1622581581E+02    0.1889463825E+02
           9    0.1661654218E+02   -0.1680996666E+02
          10    0.1648754971E+02   -0.1667604006E+02
          11    0.1647498674E+02    0.1665652120E+02
          12    0.1647568790E+02   -0.1631129235E+02
          13    0.1646077597E+02   -0.1663334753E+02
          14    0.1845372204E+02   -0.1114835641E+02
          15    0.1718487196E+02    0.2037266530E+02
          16    0.1712108738E+02   -0.2029875994E+02
          17    0.1666219826E+02    0.1681653075E+02
          18    0.1679876128E+02    0.2033526565E+02
          19    0.1642305489E+02   -0.1656662008E+02
          20    0.1509381267E+02    0.1575622118E+02
          21    0.1667583765E+02   -0.1681230476E+02
          22    0.1668891628E+02    0.1680496686E+02
          23    0.1726046064E+02    0.2039688304E+02
          24    0.2487786059E+02   -0.1295127597E+02
          25    0.1703860933E+02    0.1996969830E+02
          26    0.1701724225E+02    0.2004403778E+02
          27    0.1701079656E+02   -0.2010022414E+02
          28    0.1700762449E+02    0.2009350457E+02
          29    0.1702546268E+02    0.1996869951E+02
          30    0.1819633639E+02    0.2138567024E+02
          31    0.1692543642E+02   -0.1666121464E+02
          32    0.1699344289E+02   -0.2006287839E+02
          33    0.1630542052E+02    0.1756643087E+02
          34    0.1773229420E+02   -0.1941979789E+02
          35    0.1697375848E+02   -0.2001884941E+02
          36    0.2140662683E+02   -0.8749726133E+01
          37    0.1842753406E+02   -0.1583944316E+02
          38    0.1696748527E+02    0.2006877464E+02
          39    0.1683286272E+02    0.2055307811E+02
          40    0.1672009967E+02   -0.1677153386E+02
          41    0.1695458673E+02    0.2011757148E+02
          42    0.1672057602E+02   -0.1677081608E+02
          43    0.1694277447E+02    0.2012541647E+02
          44    0.4925778366E+01   -0.9934689717E+01
          45    0.1633160538E+02    0.1637783664E+02
          46    0.1456265759E+02   -0.1636922814E+02
          47    0.1597460677E+02    0.1707863216E+02
          48    0.1889711799E+02   -0.2253608196E+02
          49    0.1672574665E+02   -0.1676255614E+02
          50    0.1637791939E+02   -0.1608815994E+02
          51    0.1638058230E+02   -0.1608349138E+02
          52    0.1638321556E+02   -0.1607865720E+02
          53    0.1636338994E+02    0.1611002016E+02
          54    0.1746353023E+02    0.1908142438E+02
          55    0.4910056643E+01    0.1977381585E+02
          56    0.4917528718E+01    0.1976651740E+02
          57    0.1727934207E+02   -0.1015015079E+02
          58    0.1634761640E+02   -0.1612760550E+02
          59    0.2046137737E+02   -0.1101047517E+02
          60    0.1641048501E+02   -0.1601389877E+02
          61    0.1722299323E+02    0.1993171033E+02
          62    0.1631808370E+02   -0.1634709911E+02
          63    0.1692127325E+02   -0.1989356641E+02
          64    0.2230088149E+02   -0.1328090884E+02
          65    0.1502133873E+02   -0.1555282950E+02
          66    0.1819137432E+02    0.1559164615E+02
          67    0.1642196243E+02    0.1597683134E+02
          68    0.1605350463E+02   -0.1660484913E+02
          69    0.1685012455E+02    0.1619391973E+02
          70    0.1676297932E+02    0.1470357038E+02
          71    0.1731379291E+02   -0.2034053747E+02
          72    0.4968119308E+01   -0.1990553516E+02
          73    0.1604786620E+02   -0.1660330212E+02
          74    0.1630560531E+02    0.1631815156E+02
          75    0.1817417980E+02    0.1556557959E+02
          76    0.1643188602E+02   -0.1593867050E+02
          77    0.1778555075E+02    0.1938633438E+02
          78    0.1902252866E+02    0.2324709150E+02
          79    0.1731964812E+02    0.2032804557E+02
          80    0.1630189326E+02    0.1614995115E+02
          81    0.1695173994E+02   -0.1000963045E+02
          82    0.1612779671E+02   -0.1643862043E+02
          83    0.1629427055E+02   -0.1615025316E+02
          84    0.1594580605E+02    0.1708220784E+02
          85    0.1819732062E+02   -0.1128199438E+02
          86    0.1651143581E+02   -0.1627430913E+02
          87    0.1607617576E+02    0.1886922898E+02
          88    0.1340431134E+02    0.1430532175E+02
          89    0.1743056101E+02   -0.1017809914E+02
          90    0.4925043998E+01   -0.1958734069E+02
          91    0.4693504118E+01    0.1790991695E+02
          92    0.1795595521E+02    0.2102918670E+02
          93    0.1669979155E+02    0.1947385707E+02
          94    0.1777889883E+02   -0.2178418322E+02
          95    0.1576201760E+02    0.1839323993E+02
          96    0.1603835249E+02    0.1837834534E+02
          97    0.2175916300E+02   -0.1225004509E+02
          98    0.2196084056E+02   -0.1248804358E+02
          99    0.1601053164E+02   -0.1674525647E+02
         100    0.2655158391E+02   -0.1266408150E+02
