Model_ID, [(c_i,i=0,n)_j,j=1,ntask]
           1    0.1559935374E+03    0.1270266897E+03
           2    0.2919089392E+03    0.2475356716E+03
           3    0.3220430069E+03    0.3115306533E+03
           4    0.1521552522E+03    0.1189285540E+03
           5    0.2616072985E+03    0.2331093646E+03
           6    0.2840579930E+03    0.2554270611E+03
           7    0.3232688323E+03    0.3102613241E+03
           8    0.2928148269E+03    0.2573212107E+03
           9    0.2825676784E+03    0.2438724832E+03
          10    0.3205076787E+03    0.2942253737E+03
          11    0.2892905470E+03    0.2423806907E+03
          12    0.2895733918E+03    0.2534225238E+03
          13    0.2881799872E+03    0.2422690637E+03
          14    0.2916230375E+03    0.2570154487E+03
          15    0.3205790538E+03    0.3075098263E+03
          16    0.3226904450E+03    0.3069328626E+03
          17    0.3197865809E+03    0.3065664310E+03
          18    0.2899145131E+03    0.2543077185E+03
          19    0.3193159907E+03    0.3056433258E+03
          20    0.3213201979E+03    0.2968211278E+03
          21    0.2898693515E+03    0.2258906971E+03
          22    0.2922868221E+03    0.2479757072E+03
          23    0.2874035646E+03    0.2403367169E+03
          24    0.2877416301E+03    0.2374498917E+03
          25    0.2815355224E+03    0.2523969729E+03
          26    0.3228009133E+03    0.2926399661E+03
          27    0.2878853326E+03    0.2503696009E+03
          28    0.3186220526E+03    0.3032234039E+03
          29    0.2958972441E+03    0.2799682484E+03
          30    0.2901816665E+03    0.2322584334E+03
          31    0.3216286426E+03   -0.3078612158E+03
          32    0.2907505328E+03    0.2544997291E+03
          33    0.2829122355E+03    0.2562531499E+03
          34    0.2936219263E+03    0.2558560594E+03
          35    0.2827120319E+03    0.2561212045E+03
          36    0.2881692651E+03    0.2376695284E+03
          37    0.2956297327E+03    0.2798148699E+03
          38    0.2895286050E+03    0.2304053348E+03
          39    0.2891112586E+03    0.2320546483E+03
          40    0.2903903376E+03    0.2304955340E+03
          41    0.2867427604E+03    0.2444981131E+03
          42    0.3209851772E+03   -0.3024812514E+03
          43    0.3191573599E+03   -0.2990445206E+03
          44    0.2896497336E+03    0.2426930182E+03
          45    0.2811761356E+03    0.2510045085E+03
          46    0.2883129286E+03   -0.2310258965E+03
          47    0.2533954379E+03    0.2281269941E+03
          48    0.2502903827E+03    0.9293988908E+02
          49    0.2865276945E+03    0.2409816299E+03
          50    0.2874515199E+03    0.2490619848E+03
          51    0.2898616571E+03    0.2557545987E+03
          52    0.3195387048E+03    0.3083350567E+03
          53    0.2883635020E+03    0.2303416423E+03
          54    0.2871147579E+03    0.2487767638E+03
          55    0.2871016146E+03    0.2487612689E+03
          56    0.2803401089E+03    0.2497959060E+03
          57    0.2829101218E+03    0.2438378733E+03
          58    0.2865466209E+03    0.2454156615E+03
          59    0.2865977818E+03    0.2375194979E+03
          60    0.2846546751E+03    0.2515088074E+03
          61    0.3804949582E+03   -0.3933778078E+03
          62    0.2871450208E+03    0.2440206137E+03
          63    0.2842326900E+03    0.2524330904E+03
          64    0.2809176375E+03    0.2461987026E+03
          65    0.2880802269E+03   -0.2489603330E+03
          66    0.2885363368E+03    0.2425574841E+03
          67    0.3240538159E+03   -0.3035071903E+03
          68    0.2875861258E+03    0.2435552677E+03
          69    0.2819995217E+03    0.2513837451E+03
          70    0.3214243776E+03    0.2933879263E+03
          71    0.2881691617E+03    0.2488713503E+03
          72    0.3118900837E+03    0.3027612337E+03
          73    0.2891008348E+03    0.2281194165E+03
          74    0.2914814378E+03    0.2508699877E+03
          75    0.2912206488E+03    0.2217693507E+03
          76    0.2909256689E+03    0.2310880889E+03
          77    0.2815794359E+03    0.2300613453E+03
          78    0.3238002787E+03    0.3066535855E+03
          79    0.2986716425E+03    0.2490548894E+03
          80    0.2875733322E+03   -0.2431515942E+03
          81    0.2875308019E+03    0.2420240630E+03
          82    0.2677857631E+03    0.2348304970E+03
          83    0.2915335340E+03    0.2538167859E+03
          84    0.2876150930E+03    0.2415074273E+03
          85    0.2829263287E+03    0.2399398398E+03
          86    0.2786929705E+03    0.2359774294E+03
          87    0.2871007402E+03    0.2492598397E+03
          88    0.2869454381E+03   -0.2489615679E+03
          89    0.2872730404E+03   -0.2495435063E+03
          90    0.2392195226E+03    0.9023818317E+02
          91    0.2834785073E+03    0.2544703392E+03
          92    0.2864175971E+03    0.2475395864E+03
          93    0.2874563803E+03    0.2497883229E+03
          94    0.3087174200E+03    0.3003486753E+03
          95    0.2877543429E+03    0.2405841764E+03
          96    0.2867677059E+03    0.2450854757E+03
          97    0.3188843644E+03    0.3017147321E+03
          98    0.2953609343E+03    0.2841278422E+03
          99    0.2863309697E+03    0.2473300728E+03
         100    0.2877919153E+03    0.2403194682E+03
