        Rank        RMSE       MaxAE  Feature_ID
           1   22.852978   48.172431  (    6295   10063)
           2   23.458780   54.687999  (     197   10035)
           3   23.622791   45.513696  (     620   10035)
           4   24.135157   46.888601  (    2545   10035)
           5   24.335633   55.987046  (     381   10035)
           6   24.424557   45.376257  (    1072   10035)
           7   24.447888   44.115753  (    3206   10035)
           8   24.469807   48.440272  (    1370   10035)
           9   24.628120   51.870908  (     260   10035)
          10   24.686673   48.576064  (    1760   10035)
          11   24.868600   66.064428  (    4165   10063)
          12   24.900113   48.433056  (    3587   10035)
          13   24.904977   67.158950  (      86   10035)
          14   25.022270   48.762300  (    2375   10035)
          15   25.064926   62.655577  (     559   10035)
          16   25.065269   63.839236  (     195   10035)
          17   25.111073   42.937065  (    4768   10035)
          18   25.111115   49.814808  (    4344   10035)
          19   25.137287   46.657168  (     517   10035)
          20   25.196015   91.496110  (       9   10012)
          21   25.246849   66.310627  (     270   10035)
          22   25.250067   51.885127  (     529   10035)
          23   25.294565   67.770526  (     137   10035)
          24   25.376748   66.973200  (     255   10035)
          25   25.384287   52.668586  (     315   10035)
          26   25.398526   67.834439  (     274   10035)
          27   25.463857   68.668876  (     279   10035)
          28   25.470436   48.914695  (    4191   10035)
          29   25.476560   67.486294  (     140   10035)
          30   25.490866   66.910166  (     486   10035)
          31   25.499410   55.864041  (    1164   10035)
          32   25.503156   51.874685  (    8947   10063)
          33   25.528891   68.473746  (     188   10035)
          34   25.536481   68.237689  (     339   10035)
          35   25.544466   68.355664  (     325   10035)
          36   25.551316   48.214768  (    3038   10035)
          37   25.563143   60.074835  (     402   10035)
          38   25.569252   68.517850  (     330   10035)
          39   25.573779   66.153083  (     171   10035)
          40   25.587537   68.468648  (     312   10035)
          41   25.606925   66.864102  (     132   10035)
          42   25.628459   67.476907  (     162   10035)
          43   25.634782   68.489728  (     348   10035)
          44   25.636183   66.977396  (     745   10035)
          45   25.650136   58.997219  (    1163   10035)
          46   25.703208   49.789122  (    9036   10035)
          47   25.712013   61.811717  (    2266   10035)
          48   25.751163   68.687934  (     226   10035)
          49   25.778053   67.890645  (     464   10035)
          50   25.778964   68.446081  (     386   10035)
          51   25.804250   68.391619  (     207   10035)
          52   25.825823   68.434932  (     403   10035)
          53   25.840602   68.431632  (     407   10035)
          54   25.847537   54.318912  (     164   10035)
          55   25.850389   68.429498  (     411   10035)
          56   25.875343   68.091252  (     231   10035)
          57   25.885915   64.129118  (     114   10035)
          58   25.889979   69.434588  (     371   10035)
          59   25.890426   49.328172  (    1702   10035)
          60   25.927028   71.791240  (     820   10035)
          61   25.927536   74.802227  (    1850   10266)
          62   25.931957   73.776526  (    2046   10035)
          63   25.935797   54.671856  (    1339   14304)
          64   25.969766   67.773273  (     557   10035)
          65   25.977428   72.643242  (    1171   10035)
          66   25.977834   68.495618  (     252   10035)
          67   25.993828   68.144496  (     256   10035)
          68   26.004750   57.828853  (    4393   10035)
          69   26.042163   63.004685  (     878   10035)
          70   26.063101   55.396604  (    1339   12942)
          71   26.071978   68.667667  (     277   10035)
          72   26.077724   65.597950  (     124   10035)
          73   26.104281   68.461325  (     289   10035)
          74   26.104488   66.017282  (      13   10035)
          75   26.120355   55.320146  (      13   10034)
          76   26.123545   78.179976  (       2   10038)
          77   26.125677   57.443969  (       9   10131)
          78   26.136189   55.778873  (     152   10035)
          79   26.141860   69.799849  (       9   10038)
          80   26.149384   63.982289  (    2093   10035)
          81   26.161856   68.817859  (     306   10035)
          82   26.164056   67.949590  (     835   10035)
          83   26.192539   66.236917  (     280   10035)
          84   26.200119   66.214147  (     112   10035)
          85   26.204944   50.988953  (    3214   10131)
          86   26.213420   69.026358  (     329   10035)
          87   26.232519   70.462018  (     194   10035)
          88   26.260265   55.441270  (     909   10035)
          89   26.276312   53.271174  (     260   10063)
          90   26.277670   58.719227  (       9   10153)
          91   26.278733   69.066851  (     603   10035)
          92   26.278912   51.207297  (     404   10035)
          93   26.287707   70.570526  (     192   10035)
          94   26.293627   67.632188  (     723   10035)
          95   26.310079   70.012292  (     264   10035)
          96   26.313370   81.995842  (       3   18476)
          97   26.314212   59.576575  (     878   10063)
          98   26.315662   65.056433  (     805   10035)
          99   26.331198   57.869659  (    1546   10035)
         100   26.331560   65.261206  (     130   10035)
