Model_ID, [(c_i,i=0,n)_j,j=1,ntask]
           1    0.2981958116E+02    0.3131678247E+03
           2    0.2839313226E+02   -0.5745964475E+03
           3    0.2994124087E+02    0.2801516256E+03
           4    0.2928093446E+02    0.3375985140E+03
           5    0.3693771411E+02    0.2832295204E+03
           6    0.1953554935E+02    0.1338046872E+03
           7    0.1863092651E+02    0.1430605559E+03
           8    0.1968634002E+02    0.1347153896E+03
           9    0.3654021250E+02    0.1682893062E+03
          10    0.1933521640E+02    0.1401286543E+03
          11    0.2428608680E+02   -0.1263591825E+03
          12    0.3493133422E+02    0.2713223366E+03
          13    0.2966926665E+02    0.4244586722E+03
          14    0.3003060214E+02    0.3366323094E+03
          15    0.1823578862E+02    0.1267710988E+03
          16    0.2947039055E+02    0.4184739875E+03
          17    0.8448959881E+02   -0.8481200069E+02
          18    0.2743146656E+02    0.7625641102E+03
          19    0.1546948190E+02   -0.1350954140E+03
          20    0.3066942381E+02   -0.4148158008E+03
          21    0.2441514416E+02   -0.9850860756E+02
          22    0.5272291106E+02    0.6133116168E+02
          23    0.3034523564E+02    0.3764108030E+03
          24    0.3396627889E+02    0.3159998890E+03
          25    0.6986562259E+02   -0.4326794098E+02
          26    0.8288360863E+02   -0.7724850606E+02
          27    0.3054469970E+02    0.4122946903E+03
          28    0.3031916907E+02   -0.3102289278E+03
          29    0.3045263168E+02   -0.3105117908E+03
          30    0.3037196363E+02    0.4158381758E+03
          31    0.1922395989E+02    0.1230516037E+03
          32    0.8335013925E+02   -0.6253657305E+02
          33    0.8211078072E+02    0.7559362250E+02
          34    0.2109142549E+02   -0.1066768351E+03
          35    0.3156669406E+02    0.2747973690E+03
          36    0.5579155723E+02    0.6281484997E+02
          37    0.3001582758E+02    0.3118621689E+03
          38    0.2970935548E+02    0.4219404062E+03
          39    0.8155884651E+02   -0.7870710521E+02
          40    0.6560414939E+02   -0.4230597694E+02
          41    0.3081182307E+02    0.3874948157E+03
          42    0.3015163447E+02    0.3121042869E+03
          43    0.2438175369E+02   -0.8259059796E+02
          44    0.2964486940E+02    0.2968246229E+03
          45    0.1604717096E+02    0.1468488150E+03
          46    0.9347106885E+01   -0.8876219847E+02
          47    0.5189588902E+02    0.5389281063E+02
          48    0.8246325934E+02    0.7923085002E+02
          49    0.7114748781E+02    0.5681192922E+02
          50    0.3147080299E+02    0.2658075278E+03
          51    0.8390165453E+02   -0.8513322120E+02
          52    0.1500042296E+02    0.1334850328E+03
          53    0.1500919224E+02    0.1332535965E+03
          54    0.1502267191E+02    0.1330010866E+03
          55    0.8210100314E+02   -0.7867206397E+02
          56    0.5356704193E+02    0.5351394238E+02
          57    0.3126202363E+02    0.4020402951E+03
          58    0.8078716077E+02   -0.7127732724E+02
          59    0.8146599474E+02   -0.7242861180E+02
          60    0.5723925447E+02   -0.4418114175E+02
          61    0.3032554876E+02    0.4154696821E+03
          62    0.1745022920E+02   -0.1418022378E+03
          63    0.2980643688E+02    0.3119356550E+03
          64    0.5308556061E+02    0.5475168787E+02
          65    0.3063783086E+02    0.6616010077E+03
          66    0.5297434735E+02    0.5467116917E+02
          67    0.3978735625E+02   -0.3017582373E+02
          68    0.8234856555E+02    0.7870715514E+02
          69    0.3054956876E+02    0.3022747640E+03
          70    0.2280663638E+02   -0.1056334293E+03
          71    0.1403413275E+02   -0.1357783304E+03
          72    0.6510438786E+02   -0.3923532462E+02
          73    0.3052709077E+02    0.2262455146E+03
          74    0.8076158610E+02   -0.7098339864E+02
          75    0.1513934661E+02   -0.1491567482E+03
          76    0.5333207822E+02    0.5501256727E+02
          77    0.2119148884E+02    0.2321089990E+03
          78    0.2994409780E+02    0.3121333312E+03
          79    0.8050455813E+02   -0.7719025942E+02
          80    0.3016904038E+02    0.4139600107E+03
          81    0.2958855058E+02    0.3081487362E+03
          82    0.8238270786E+02   -0.7863457254E+02
          83    0.3068208721E+02    0.3024910036E+03
          84    0.3032455721E+02   -0.6822764487E+02
          85    0.3050357645E+02    0.2889481532E+03
          86    0.8231687009E+02    0.7824855275E+02
          87    0.8238914134E+02   -0.7860569086E+02
          88    0.5312423928E+02    0.5460949740E+02
          89    0.8246890764E+02    0.7890707865E+02
          90    0.8229340298E+02    0.7827284320E+02
          91    0.2897685192E+02    0.3181875964E+03
          92    0.5730703353E+02   -0.4324043551E+02
          93    0.8083075998E+02   -0.7095982183E+02
          94    0.8253068491E+02    0.7916885413E+02
          95    0.8218548861E+02    0.7792018636E+02
          96    0.8239390027E+02   -0.7857342660E+02
          97    0.3231527318E+02   -0.2730532211E+03
          98    0.8242159516E+02    0.7888332351E+02
          99    0.3154889945E+02    0.3028320136E+03
         100    0.5594190684E+02   -0.4405890153E+02
