      rank       #data_overlap        size_overlap          feature_ID
         1                  34             0.44665   (       1)
         2                  37             0.21788   (       2)
         3                  37             0.26750   (       3)
         4                  37             0.28304   (       4)
         5                  37             0.28304   (       5)
         6                  38             0.21788   (       6)
         7                  38             0.28304   (       7)
         8                  38             0.28304   (       8)
         9                  38             0.39658   (       9)
        10                  39             0.21788   (      11)
        11                  39             0.21788   (      12)
        12                  39             0.21788   (      13)
        13                  39             0.28304   (      14)
        14                  39             0.28304   (      15)
        15                  39             0.28304   (      16)
        16                  39             0.28304   (      17)
        17                  39             0.28304   (      18)
        18                  39             0.28304   (      19)
        19                  39             0.28304   (      20)
        20                  39             0.29333   (      21)
        21                  39             0.29349   (      22)
        22                  40             0.28304   (      23)
        23                  40             0.28304   (      24)
        24                  40             0.31766   (      25)
        25                  40             0.34294   (      26)
        26                  40             0.47230   (      27)
        27                  40             0.65404   (      28)
        28                  41             0.28304   (      29)
        29                  41             0.30349   (      30)
        30                  41             0.34294   (      31)
        31                  41             0.34294   (      32)
        32                  41             0.34294   (      33)
        33                  41             0.34294   (      34)
        34                  41             0.35062   (      35)
        35                  41             0.43814   (      36)
        36                  41             0.45498   (      37)
        37                  41             0.46058   (      38)
        38                  41             0.47230   (      39)
        39                  42             0.34294   (      40)
        40                  42             0.34294   (      41)
        41                  42             0.34294   (      42)
        42                  42             0.41410   (      43)
        43                  42             0.41410   (      44)
        44                  42             0.41410   (      45)
        45                  42             0.41606   (      46)
        46                  42             0.42105   (      47)
        47                  42             0.43814   (      48)
        48                  42             0.43814   (      49)
        49                  42             0.43814   (      50)
        50                  42             0.43814   (      51)
        51                  42             0.47230   (      52)
        52                  42             0.47230   (      53)
        53                  42             0.53611   (      54)
        54                  42             0.60270   (      55)
        55                  42             0.65404   (      56)
        56                  43             0.29050   (      59)
        57                  43             0.31285   (      60)
        58                  43             0.34344   (      61)
        59                  43             0.37094   (      62)
        60                  43             0.41410   (      63)
        61                  43             0.41410   (      64)
        62                  43             0.43814   (      65)
        63                  43             0.43814   (      66)
        64                  43             0.46058   (      67)
        65                  43             0.54896   (      68)
        66                  43             0.56756   (      69)
        67                  43             0.59767   (      70)
        68                  43             0.65285   (      71)
        69                  43             0.65404   (      72)
        70                  43             0.65404   (      73)
        71                  43             0.65404   (      74)
        72                  43             0.65404   (      75)
        73                  43             0.65404   (      76)
        74                  43             0.65404   (      77)
        75                  43             0.65404   (      78)
        76                  43             0.65404   (      79)
        77                  43             0.65404   (      80)
        78                  43             0.65404   (      81)
        79                  43             0.65404   (      82)
        80                  43             0.65404   (      83)
        81                  43             0.65404   (      84)
        82                  44             0.23037   (      96)
        83                  44             0.32363   (      97)
        84                  44             0.32485   (      98)
        85                  44             0.33372   (      99)
        86                  44             0.33734   (     100)
        87                  44             0.37063   (     101)
        88                  44             0.39306   (     104)
        89                  44             0.39306   (     103)
        90                  44             0.39306   (     102)
        91                  44             0.42040   (     105)
        92                  44             0.42156   (     106)
        93                  44             0.44801   (     107)
        94                  44             0.46058   (     108)
        95                  44             0.46058   (     109)
        96                  44             0.48058   (     110)
        97                  44             0.52639   (     112)
        98                  44             0.52639   (     111)
        99                  44             0.53611   (     113)
       100                  44             0.63333   (     114)
