Model_ID, [(c_i,i=0,n)_j,j=1,ntask]
           1    0.3902479404E+02   -0.3151169451E+02    0.1402532005E+03
           2    0.3975636020E+02   -0.3100025628E+02    0.1454941172E+03
           3    0.3876008419E+02   -0.3215464145E+02    0.1323918930E+03
           4    0.3921630528E+02   -0.3379802836E+02    0.1623490535E+04
           5    0.3006709102E+02   -0.2844532595E+02   -0.1992091353E+03
           6    0.3367563577E+02    0.3064949351E+02    0.1835220469E+04
           7    0.4647886250E+02    0.3778550239E+02    0.1635941641E+04
           8    0.3940156137E+02    0.3133443983E+02    0.1426990046E+03
           9    0.3953004251E+02   -0.3338771858E+02   -0.1627376925E+04
          10    0.3946892660E+02   -0.3231428365E+02   -0.3495122784E+04
          11    0.4013997212E+02    0.3080624044E+02    0.1478192258E+03
          12    0.5670770537E+02    0.2312322508E+02   -0.1301461460E+03
          13    0.3925624980E+02   -0.3247548995E+02   -0.2923994962E+04
          14    0.3082000962E+02   -0.2366694281E+02   -0.1993803072E+03
          15    0.3881516606E+02   -0.3442698944E+02   -0.1521863564E+04
          16    0.3982185263E+02    0.3008847659E+02   -0.3623987880E+03
          17    0.3688210713E+02    0.3656414332E+02   -0.1256278297E+03
          18    0.3974529636E+02   -0.3303186571E+02    0.1623812694E+04
          19    0.4654664027E+02    0.3767212200E+02    0.1632218700E+04
          20    0.4490688070E+02    0.3814164152E+02    0.1694016367E+04
          21    0.3914834443E+02    0.3193768658E+02    0.1335674787E+03
          22    0.4392774835E+02    0.3131224569E+02   -0.1123843192E+04
          23    0.5709278599E+02    0.2233961483E+02    0.1299624398E+03
          24    0.5674635077E+02    0.2305560420E+02   -0.1306751865E+03
          25    0.3161061137E+02   -0.2884664425E+02   -0.4964726733E+03
          26    0.2807546050E+02   -0.2951080691E+02   -0.1205694598E+03
          27    0.3715631800E+02   -0.2397887414E+02   -0.1139386503E+03
          28    0.2974411712E+02   -0.2547207633E+02   -0.1385206710E+03
          29    0.2966373324E+02    0.2678408125E+02   -0.5819172817E+02
          30    0.4140766504E+02    0.3811848184E+02    0.3031649806E+03
          31    0.4046362253E+02   -0.3221649764E+02    0.1916282622E+03
          32    0.4383857578E+02    0.3173175754E+02   -0.2763355078E+03
          33    0.2924222803E+02    0.2604532462E+02   -0.4102690407E+02
          34    0.4405560132E+02    0.3107938142E+02   -0.1773757926E+03
          35    0.4007547482E+02   -0.3113311819E+02    0.1743605470E+03
          36    0.5713820048E+02    0.2226344924E+02   -0.1307949303E+03
          37    0.4555485099E+02    0.2868333036E+02   -0.2988271725E+03
          38    0.4107745558E+02    0.3350285670E+02    0.8472140169E+02
          39    0.2879976848E+02   -0.2579165390E+02   -0.1454773291E+03
          40    0.3692481100E+02   -0.2298534883E+02   -0.1722649542E+03
          41    0.4386488851E+02    0.3073206546E+02   -0.2978949157E+03
          42    0.3963097780E+02    0.3354536011E+02    0.1624816355E+04
          43    0.4518101413E+02    0.2847669794E+02   -0.2964057588E+03
          44    0.2964120712E+02   -0.2310661432E+02   -0.1125432906E+03
          45    0.4005470085E+02   -0.3264274836E+02   -0.1587022328E+04
          46    0.3133296620E+02   -0.3057717617E+02   -0.5635175299E+02
          47    0.4949594109E+02    0.2006134783E+02    0.1684178190E+04
          48    0.3876615286E+02    0.2296280093E+02   -0.1174129207E+03
          49    0.3852745181E+02    0.3603031462E+02   -0.9575628972E+02
          50    0.3907008128E+02   -0.3110765421E+02    0.1409499604E+03
          51    0.3920030430E+02    0.3056135230E+02   -0.1703753457E+03
          52    0.2555245547E+02    0.2481902893E+02   -0.1166310786E+03
          53    0.5670727576E+02    0.2312973190E+02   -0.1273245375E+03
          54    0.3925037692E+02   -0.3088123356E+02    0.1395452162E+03
          55    0.4043584215E+02    0.3029164244E+02    0.1180280673E+04
          56    0.3855149371E+02    0.2316690579E+02   -0.1153583366E+03
          57    0.4497618766E+02    0.3799947047E+02    0.1689867066E+04
          58    0.2937503329E+02    0.2614990380E+02   -0.3834810753E+02
          59    0.3988065816E+02   -0.3274012661E+02   -0.1588249007E+04
          60    0.3273688612E+02   -0.2749903822E+02    0.1643333742E+03
          61    0.2471602509E+02    0.2529547861E+02   -0.5493251715E+02
          62    0.3131867790E+02   -0.3069184229E+02   -0.9264792043E+02
          63    0.2886804802E+02   -0.2335283295E+02   -0.1178078946E+03
          64    0.2884138537E+02   -0.2418514361E+02   -0.1259455000E+03
          65    0.2778950255E+02    0.2579000590E+02    0.1477590789E+03
          66    0.3997557953E+02   -0.3038271815E+02    0.1450832384E+03
          67    0.3170650043E+02   -0.2943227936E+02   -0.6838271958E+02
          68    0.5758862813E+02    0.2227336823E+02   -0.1784891165E+03
          69    0.3707642215E+02   -0.2287741905E+02   -0.1739871545E+03
          70    0.3937617617E+02   -0.3090510217E+02   -0.1333247673E+03
          71    0.3219706578E+02   -0.2710918482E+02   -0.1122992838E+03
          72    0.4021725373E+02   -0.3244991189E+02   -0.1534761623E+04
          73    0.4257542444E+02   -0.3082877381E+02   -0.7185043293E+02
          74    0.3673711483E+02    0.3351068273E+02    0.2588340951E+03
          75    0.4305329730E+02    0.3070160925E+02   -0.7428123153E+02
          76    0.3225179104E+02   -0.2383580179E+02    0.1030847367E+03
          77    0.3980570251E+02   -0.3058491885E+02    0.1460697469E+03
          78    0.4531025963E+02    0.3153676226E+02   -0.4778426906E+02
          79    0.4650307837E+02    0.3769128751E+02    0.1612501666E+04
          80    0.3876373829E+02    0.3450095223E+02   -0.1604519995E+03
          81    0.3767092969E+02    0.3311638253E+02   -0.4793785208E+02
          82    0.3781386195E+02    0.3226940830E+02   -0.7142680140E+02
          83    0.3880552824E+02   -0.3174768534E+02    0.1328238970E+03
          84    0.3994011348E+02    0.3314846369E+02   -0.1632879533E+04
          85    0.4337296526E+02    0.2994531462E+02   -0.5744720428E+02
          86    0.3986673993E+02    0.3206731215E+02   -0.3507142092E+04
          87    0.3481318715E+02    0.3103643375E+02    0.1607149397E+03
          88    0.3218778766E+02   -0.2973959712E+02   -0.5332855347E+02
          89    0.3872874449E+02    0.3610408891E+02   -0.9641117401E+02
          90    0.3898411825E+02   -0.3439402297E+02    0.1979022476E+03
          91    0.3877084049E+02    0.3627399108E+02   -0.9628343915E+02
          92    0.4288924320E+02   -0.3008625711E+02   -0.5548729707E+02
          93    0.3899211276E+02   -0.3151107312E+02    0.1314671182E+03
          94    0.3851541545E+02    0.2278185042E+02   -0.1164935651E+03
          95    0.5696455342E+02    0.2239506987E+02   -0.1312194689E+03
          96    0.3296398240E+02   -0.2836414403E+02   -0.1757825378E+03
          97    0.3741930094E+02   -0.2379855945E+02   -0.1152888635E+03
          98    0.2922308047E+02    0.2267531600E+02    0.8450686018E+02
          99    0.3869137853E+02    0.3592845919E+02    0.9621196068E+02
         100    0.3913582807E+02    0.3066859924E+02   -0.1668284761E+03
