        Rank        RMSE       MaxAE  Feature_ID
           1   22.404635   64.607279  (       1   10033)
           2   22.414220   50.613393  (      13   10018)
           3   22.561211   52.238896  (      13   10033)
           4   22.663180   77.655953  (     793   19181)
           5   22.666218   53.305063  (     416   11021)
           6   22.668902   62.471884  (    4920   15015)
           7   22.734154   63.200855  (       1   10018)
           8   22.762052   74.318811  (       1   10001)
           9   22.765245   74.168049  (    4670   12694)
          10   22.820121   64.246311  (       1   10012)
          11   22.860062   53.944179  (     793   10078)
          12   22.977495   72.243350  (       1   10005)
          13   22.984392   75.596410  (       1   10002)
          14   22.990160   75.618519  (       1   10003)
          15   23.019701   66.656794  (       1   10004)
          16   23.020261   66.017968  (       1   10006)
          17   23.022872   54.406971  (       1   10128)
          18   23.100820   49.712587  (    2366   10078)
          19   23.141770   65.568475  (       1   10023)
          20   23.156586   74.094119  (       1   10009)
          21   23.163932   74.211718  (       1   10010)
          22   23.188964   67.459204  (       1   11047)
          23   23.205399   74.932221  (       1   10013)
          24   23.209150   71.706437  (       1   10029)
          25   23.218505   63.412152  (       1   10032)
          26   23.224170   73.964704  (       1   10026)
          27   23.234306   68.458018  (       1   10080)
          28   23.235727   75.965905  (       1   10007)
          29   23.237380   75.991285  (       1   10008)
          30   23.240574   75.435874  (       1   10016)
          31   23.243316   75.460091  (       1   10017)
          32   23.251512   69.502437  (    1542   15015)
          33   23.270607   73.491552  (       1   10027)
          34   23.271786   61.736021  (    1905    8615)
          35   23.273207   75.527860  (       1   10011)
          36   23.288082   75.433921  (       1   10014)
          37   23.288249   68.816033  (       1   10067)
          38   23.292820   74.646827  (       1   10019)
          39   23.314774   76.047830  (       1   10015)
          40   23.322900   68.615821  (       1   10099)
          41   23.330514   76.219717  (     793   12458)
          42   23.343467   71.766437  (      40   13838)
          43   23.345687   74.876050  (       1   10022)
          44   23.356677   68.978869  (       1   10040)
          45   23.364059   71.923169  (      40   16088)
          46   23.380883   73.972627  (       1   10030)
          47   23.382522   73.193007  (       1   10031)
          48   23.384599   70.586596  (       1   10073)
          49   23.392077   68.893571  (       1   10087)
          50   23.407700   53.781330  (     341   11021)
          51   23.416736   68.847903  (       1   10068)
          52   23.427082   72.034599  (       1   10054)
          53   23.443801   69.196904  (       1   10177)
          54   23.446538   69.112239  (       1   10061)
          55   23.454439   70.532628  (       1   10034)
          56   23.455518   62.636702  (       1   10329)
          57   23.462599   70.687714  (       1   10085)
          58   23.469984   77.336408  (       1   10025)
          59   23.471714   78.732109  (       1   10020)
          60   23.473961   78.397411  (       1   10021)
          61   23.474250   75.035118  (       1   10047)
          62   23.477636   72.520699  (      15     180)
          63   23.481901   74.269289  (       1   10057)
          64   23.497400   75.636385  (       1   10044)
          65   23.500143   69.179468  (       1   10266)
          66   23.504379   78.430647  (       1   10024)
          67   23.508661   70.529743  (    4920   18068)
          68   23.519075   60.893207  (       1   12448)
          69   23.527828   71.858071  (       1   10086)
          70   23.528681   70.676569  (       1   10121)
          71   23.530997   72.389562  (       1   10078)
          72   23.535604   66.111419  (      40   11784)
          73   23.541513   82.868037  (    5753   14254)
          74   23.548052   69.044163  (       1   10101)
          75   23.550946   70.452591  (       1   10053)
          76   23.553333   59.494906  (       1   10494)
          77   23.559131   71.183680  (       1   10076)
          78   23.562771   78.764927  (       1   10028)
          79   23.568142   57.638681  (       1   11909)
          80   23.578401   79.241865  (       1   10082)
          81   23.578924   72.872435  (       1   10103)
          82   23.581341   78.128372  (       1   10095)
          83   23.588251   74.179992  (       1   10100)
          84   23.604023   64.132044  (       1   10111)
          85   23.607805   62.767961  (       1   10062)
          86   23.609693   73.209490  (       1   10043)
          87   23.613042   70.174712  (       1   10133)
          88   23.613256   70.752035  (       1   10102)
          89   23.615946   63.518692  (      15    9929)
          90   23.617657   73.179816  (       1   10041)
          91   23.622036   71.166174  (       1   10049)
          92   23.624084   69.829145  (       1   10214)
          93   23.624593   70.481744  (    4920   19758)
          94   23.625611   69.943032  (       1   10212)
          95   23.626041   77.038783  (       1   10038)
          96   23.627780   77.022930  (       1   10037)
          97   23.631534   61.783717  (       1   10131)
          98   23.631871   55.536677  (      13   10004)
          99   23.641611   77.576217  (       1   10039)
         100   23.644990   73.398364  (       1   10045)
