      rank       #data_overlap        size_overlap          feature_ID
         1                  45             0.26385   (       1)
         2                  45             0.48249   (       2)
         3                  46             0.57617   (       3)
         4                  46             0.63976   (       4)
         5                  46             0.65532   (       5)
         6                  46             0.67920   (       6)
         7                  46             0.69123   (       7)
         8                  46             1.00000   (       8)
         9                  46             1.00000   (       9)
        10                  46             1.00000   (      10)
        11                  46             1.00000   (      11)
        12                  46             1.00000   (      12)
        13                  46             1.00000   (      13)
        14                  46             1.00000   (      14)
        15                  46             1.00000   (      15)
        16                  46             1.00000   (      16)
        17                  46             1.00000   (      17)
        18                  46             1.00000   (      18)
        19                  46             1.00000   (      19)
        20                  46             1.00000   (      20)
        21                  47             0.33145   (      21)
        22                  47             0.35828   (      22)
        23                  47             0.35828   (      23)
        24                  47             0.48683   (      24)
        25                  47             0.54200   (      25)
        26                  47             0.54200   (      26)
        27                  47             0.60007   (      27)
        28                  47             0.61259   (      28)
        29                  47             0.65972   (      29)
        30                  47             0.67258   (      30)
        31                  47             0.67258   (      31)
        32                  47             0.70311   (      32)
        33                  47             0.76216   (      33)
        34                  47             0.78029   (      34)
        35                  47             0.86726   (      35)
        36                  47             1.00000   (      36)
        37                  47             1.00000   (      37)
        38                  47             1.00000   (      38)
        39                  47             1.00000   (      39)
        40                  47             1.00000   (      40)
        41                  47             1.00000   (      41)
        42                  47             1.00000   (      42)
        43                  47             1.00000   (      43)
        44                  47             1.00000   (      44)
        45                  47             1.00000   (      45)
        46                  47             1.00000   (      46)
        47                  47             1.00000   (      47)
        48                  47             1.00000   (      48)
        49                  47             1.00000   (      49)
        50                  47             1.00000   (      50)
        51                  47             1.00000   (      51)
        52                  47             1.00000   (      52)
        53                  47             1.00000   (      53)
        54                  47             1.00000   (      54)
        55                  47             1.00000   (      55)
        56                  47             1.00000   (      56)
        57                  47             1.00000   (      57)
        58                  47             1.00000   (      58)
        59                  47             1.00000   (      59)
        60                  47             1.00000   (      60)
        61                  47             1.00000   (      61)
        62                  47             1.00000   (      62)
        63                  47             1.00000   (      63)
        64                  47             1.00000   (      64)
        65                  47             1.00000   (      65)
        66                  47             1.00000   (      66)
        67                  47             1.00000   (      67)
        68                  47             1.00000   (      68)
        69                  47             1.00000   (      69)
        70                  47             1.00000   (      70)
        71                  47             1.00000   (      71)
        72                  47             1.00000   (      72)
        73                  47             1.00000   (      73)
        74                  47             1.00000   (      74)
        75                  47             1.00000   (      75)
        76                  47             1.00000   (      76)
        77                  47             1.00000   (      77)
        78                  47             1.00000   (      78)
        79                  47             1.00000   (      79)
        80                  47             1.00000   (      80)
        81                  47             1.00000   (      81)
        82                  47             1.00000   (      82)
        83                  47             1.00000   (      83)
        84                  47             1.00000   (      84)
        85                  47             1.00000   (      85)
        86                  47             1.00000   (      86)
        87                  47             1.00000   (      87)
        88                  47             1.00000   (      88)
        89                  47             1.00000   (      89)
        90                  47             1.00000   (      90)
        91                  47             1.00000   (      91)
        92                  47             1.00000   (      92)
        93                  47             1.00000   (      93)
        94                  47             1.00000   (      94)
        95                  47             1.00000   (      95)
        96                  47             1.00000   (      96)
        97                  47             1.00000   (      97)
        98                  47             1.00000   (      98)
        99                  47             1.00000   (      99)
       100                  47             1.00000   (     100)
