        Rank        RMSE       MaxAE  Feature_ID
           1    9.201954   26.426345  (       9   10773)
           2    9.219454   26.262395  (       9   12278)
           3    9.222582   26.449094  (       9   10082)
           4    9.229050   26.974121  (       9   10072)
           5    9.229938   27.025296  (       9   10234)
           6    9.244172   26.231951  (       9   10020)
           7    9.249601   26.114719  (       9   10024)
           8    9.258471   26.787440  (       9   14187)
           9    9.263235   26.401482  (       9   10023)
          10    9.280222   27.164236  (       9   10006)
          11    9.286603   28.322545  (       9   11092)
          12    9.292708   26.612700  (       9   10009)
          13    9.296671   26.773988  (       9   11103)
          14    9.298917   27.941946  (       9   12673)
          15    9.303335   28.231992  (       9   11449)
          16    9.303413   26.006567  (       9   14797)
          17    9.311710   27.950802  (       9   12675)
          18    9.319504   27.931304  (       9   10145)
          19    9.319726   28.593111  (       9   19364)
          20    9.319901   28.172459  (       9   12165)
          21    9.325203   26.014552  (       9   17189)
          22    9.329866   25.840656  (       9   10012)
          23    9.332393   25.988631  (       9   10064)
          24    9.333241   28.680634  (       9   10251)
          25    9.334773   28.685701  (       9   10253)
          26    9.334889   25.911953  (       9   10011)
          27    9.335623   27.527784  (       9   14463)
          28    9.336655   28.565127  (       9   11135)
          29    9.337509   26.586431  (       9   10073)
          30    9.338864   26.074818  (       9   18350)
          31    9.340588   26.438330  (       9   10215)
          32    9.341716   26.042026  (       9   16030)
          33    9.341851   26.527235  (       9   10010)
          34    9.343618   28.401301  (       9   12609)
          35    9.343895   28.932117  (       9   12809)
          36    9.347939   27.067745  (       9   13398)
          37    9.348483   27.066005  (       9   13414)
          38    9.349101   26.452771  (       9   10007)
          39    9.350454   26.061209  (       9   18545)
          40    9.351280   27.127197  (       9   10128)
          41    9.351826   27.121104  (       9   10161)
          42    9.356669   29.139652  (       9   12604)
          43    9.357150   28.431527  (       9   12237)
          44    9.357733   26.738317  (       9   10355)
          45    9.358514   26.367028  (       9   10028)
          46    9.359505   26.546293  (       9   14519)
          47    9.359726   27.497440  (       9   12150)
          48    9.359746   27.497718  (       9   12157)
          49    9.359755   27.496899  (       9   12151)
          50    9.359775   27.497178  (       9   12159)
          51    9.360392   27.474346  (       9   11769)
          52    9.360429   27.473814  (       9   11772)
          53    9.362224   27.655003  (       9   11738)
          54    9.362509   28.316205  (       9   13613)
          55    9.363354   26.100786  (       9   10037)
          56    9.363631   26.049676  (       9   18822)
          57    9.363810   26.631600  (       9   11074)
          58    9.364488   27.680368  (       9   12131)
          59    9.364539   27.680669  (       9   12136)
          60    9.365029   27.434592  (       9   12311)
          61    9.365306   28.139434  (       9   12633)
          62    9.365982   28.273873  (       9   10310)
          63    9.370049   27.455644  (       9   10247)
          64    9.370104   27.612382  (       9   11315)
          65    9.370351   25.970633  (       9   10062)
          66    9.370975   27.463976  (       9   10638)
          67    9.372001   27.141346  (       9   10208)
          68    9.372426   29.153162  (       9   11996)
          69    9.374348   27.808553  (       9   10065)
          70    9.374507   26.318311  (       9   10079)
          71    9.374533   26.044355  (       9   10059)
          72    9.375131   27.438025  (       9   11384)
          73    9.375188   27.437515  (       9   11385)
          74    9.375291   27.396885  (       9   13139)
          75    9.375303   24.823118  (       9   14071)
          76    9.375526   28.405599  (       9   12559)
          77    9.376048   25.105063  (       9   12758)
          78    9.376433   28.466036  (       9   14734)
          79    9.377387   27.563024  (       9   14072)
          80    9.377401   27.562473  (       9   14075)
          81    9.377597   26.314576  (       9   19375)
          82    9.378868   27.072837  (       9   10179)
          83    9.378875   25.974771  (       9   17414)
          84    9.379637   27.849534  (       9   10354)
          85    9.380629   28.431964  (       9   14789)
          86    9.381341   28.821397  (       9   17227)
          87    9.383109   29.002507  (       9   12798)
          88    9.383482   29.342789  (       9   11886)
          89    9.385910   26.128588  (       9   10027)
          90    9.386997   27.748503  (       9   14056)
          91    9.389578   27.442197  (       9   10238)
          92    9.390389   28.929565  (       9   13243)
          93    9.390985   29.551772  (       9   11004)
          94    9.391714   26.194262  (       9   10154)
          95    9.391848   25.608457  (       9   12473)
          96    9.392034   27.421264  (       9   11292)
          97    9.392580   28.781913  (       9   17803)
          98    9.392751   28.944290  (       9   13303)
          99    9.393095   25.652489  (       9   10131)
         100    9.393967   31.127089  (       9   11597)
