Model_ID, [(c_i,i=0,n)_j,j=1,ntask]
           1    0.3860564493E+02    0.4327027762E+02    0.2436086040E+02
           2    0.3858976610E+02    0.4200083448E+02   -0.2427103881E+02
           3    0.4746337784E+02    0.5012212700E+02    0.2849693626E+02
           4    0.3856913025E+02    0.4620904297E+02    0.2050148974E+02
           5    0.4030037012E+02    0.4687181227E+02    0.2492027146E+02
           6    0.3930351837E+02    0.4647291924E+02    0.2035243593E+02
           7    0.3988212296E+02    0.4522982272E+02    0.8732541911E+02
           8    0.3908432858E+02    0.4128673808E+02   -0.2328357053E+02
           9    0.3932297789E+02    0.4706959727E+02    0.2135676798E+02
          10    0.3930288989E+02    0.4630694591E+02    0.2189542869E+02
          11    0.3881968232E+02    0.4455644791E+02   -0.3404665527E+02
          12    0.3941691924E+02    0.4715037551E+02    0.3683321187E+02
          13    0.4089674482E+02    0.4494181371E+02    0.1650183692E+02
          14    0.3882780708E+02    0.4369680586E+02    0.4070521383E+02
          15    0.3874672103E+02    0.4458756506E+02   -0.3455573689E+02
          16    0.3910408521E+02    0.4640516976E+02    0.3193753334E+02
          17    0.3887999345E+02    0.4350000671E+02    0.4114783925E+02
          18    0.3816618732E+02    0.4543392511E+02   -0.3043713121E+02
          19    0.4560463569E+02    0.4790985971E+02   -0.2164160560E+02
          20    0.3896040123E+02    0.4372965969E+02    0.3848295006E+02
          21    0.3832873043E+02    0.4218592069E+02   -0.2435327008E+02
          22    0.3825877693E+02    0.4799915520E+02    0.2947702385E+02
          23    0.3960614379E+02    0.4552205218E+02    0.8168451205E+02
          24    0.4870415568E+02    0.4919237376E+02   -0.2744015567E+02
          25    0.4875290591E+02    0.4919170757E+02   -0.2758361764E+02
          26    0.3828966129E+02    0.4807940859E+02    0.2967535806E+02
          27    0.3884230794E+02    0.4226558184E+02   -0.3513965624E+02
          28    0.3895821476E+02    0.4456591187E+02   -0.3160977831E+02
          29    0.3928676862E+02    0.4690006091E+02    0.3125281040E+02
          30    0.3838700592E+02    0.4216075728E+02   -0.2431092867E+02
          31    0.3811583671E+02    0.4587955373E+02    0.1864884198E+02
          32    0.3827330608E+02    0.4237573462E+02   -0.2386636851E+02
          33    0.3877845455E+02    0.4591094649E+02    0.2023179058E+02
          34    0.3891169658E+02    0.4445336892E+02   -0.3405492614E+02
          35    0.3987610633E+02    0.4437754336E+02   -0.1903890017E+02
          36    0.3883675229E+02    0.4292785442E+02   -0.1240505783E+03
          37    0.3883529822E+02    0.4292860800E+02   -0.1240694326E+03
          38    0.3848941936E+02    0.4875072497E+02   -0.3017459922E+02
          39    0.3835739958E+02    0.4221400580E+02   -0.2423410752E+02
          40    0.4006900221E+02    0.4707427769E+02   -0.1824341966E+02
          41    0.4002524557E+02    0.4715416883E+02   -0.1868091896E+02
          42    0.4540947991E+02    0.4588032385E+02   -0.1150442628E+02
          43    0.3902444760E+02    0.4407511204E+02    0.3488775224E+02
          44    0.4003297116E+02    0.4647273515E+02    0.2053729217E+02
          45    0.3873997529E+02    0.4810627957E+02    0.5166542570E+02
          46    0.3909623921E+02    0.4265066001E+02    0.4103978996E+02
          47    0.3824564992E+02    0.4436155092E+02    0.3941642020E+02
          48    0.3824627704E+02    0.4436052680E+02    0.3942163589E+02
          49    0.3824548088E+02    0.4436075613E+02    0.3942285586E+02
          50    0.3824610811E+02    0.4435973160E+02    0.3942807486E+02
          51    0.3818980315E+02    0.4445489809E+02    0.3891743184E+02
          52    0.3818962477E+02    0.4445414015E+02    0.3892356112E+02
          53    0.3824371752E+02    0.4471941460E+02    0.3669965197E+02
          54    0.3883984228E+02    0.4449265545E+02    0.3448519784E+02
          55    0.3940369057E+02    0.4812421460E+02    0.3932846150E+02
          56    0.3832740688E+02    0.4227072513E+02   -0.2414059079E+02
          57    0.4091685145E+02    0.4720957851E+02    0.3848816671E+02
          58    0.3829605143E+02    0.4463828186E+02    0.3709783273E+02
          59    0.3829663770E+02    0.4463739186E+02    0.3710196240E+02
          60    0.3822562980E+02    0.4426863389E+02    0.4015535278E+02
          61    0.3860007446E+02    0.4513876000E+02   -0.3490966810E+02
          62    0.4672143324E+02    0.4925336835E+02   -0.2232679496E+02
          63    0.3994875709E+02    0.4796604084E+02   -0.1910771600E+02
          64    0.3813926657E+02    0.4489060119E+02    0.3574276396E+02
          65    0.3813284556E+02    0.4850307364E+02   -0.2989239736E+02
          66    0.4031960104E+02    0.4748647262E+02   -0.5676393694E+02
          67    0.4010192635E+02    0.4703745339E+02   -0.1824277292E+02
          68    0.3861272297E+02    0.4398669299E+02    0.2848846875E+02
          69    0.4052621705E+02    0.4753487247E+02   -0.3128811037E+02
          70    0.3860779983E+02    0.4827552033E+02    0.5338109467E+02
          71    0.3816362801E+02    0.4858838683E+02   -0.3011137195E+02
          72    0.3807919320E+02    0.4465149234E+02    0.3774076931E+02
          73    0.3807899893E+02    0.4465081079E+02    0.3774623557E+02
          74    0.3825151795E+02    0.4410894488E+02   -0.4118816135E+02
          75    0.3908032759E+02    0.4414642662E+02    0.1475478139E+03
          76    0.3873842123E+02    0.4496373092E+02   -0.3136233425E+02
          77    0.3848435777E+02    0.4419091373E+02    0.5862080897E+02
          78    0.4432061606E+02    0.4581054020E+02   -0.9682975479E+01
          79    0.3837172982E+02    0.4416753304E+02    0.4027395615E+02
          80    0.3837158465E+02    0.4416666211E+02    0.4028098375E+02
          81    0.3831756114E+02    0.4242348545E+02   -0.1635167700E+02
          82    0.4007159791E+02    0.4698812398E+02    0.2009370430E+02
          83    0.3912003088E+02    0.4628381316E+02   -0.3984469082E+02
          84    0.3803073902E+02    0.4593046773E+02    0.3063865676E+02
          85    0.4417704046E+02    0.4589748963E+02    0.9419714250E+01
          86    0.4636041888E+02    0.4812051849E+02   -0.2134878345E+02
          87    0.3851078938E+02    0.4376723858E+02    0.3033177261E+02
          88    0.3869242136E+02    0.4454961673E+02    0.2506607783E+02
          89    0.3813154185E+02    0.4881709496E+02    0.3023342740E+02
          90    0.3841336448E+02    0.4446945118E+02    0.3776198499E+02
          91    0.4000050247E+02    0.4785980757E+02   -0.2067326912E+02
          92    0.3944465190E+02    0.4352263044E+02   -0.3140472593E+02
          93    0.4473829031E+02    0.4771166816E+02    0.2064092919E+02
          94    0.3960162956E+02    0.4797363805E+02    0.4039034290E+02
          95    0.3940362078E+02    0.4474388562E+02    0.1994456965E+02
          96    0.3801238728E+02    0.4477620605E+02    0.3692519551E+02
          97    0.4621051217E+02    0.4813227301E+02   -0.2092487061E+02
          98    0.3846703279E+02    0.4370619398E+02   -0.3092337671E+02
          99    0.3777914975E+02    0.4857398419E+02   -0.3012813559E+02
         100    0.4643189886E+02    0.4542248385E+02   -0.1977739204E+02
