      rank       #data_overlap        size_overlap          feature_ID
         1                  14             0.18108   (     722     843)
         2                  15             0.08451   (      82     724)
         3                  15             0.08451   (      79     724)
         4                  15             0.08691   (      82     722)
         5                  15             0.08691   (      79     722)
         6                  15             0.08823   (      83     722)
         7                  15             0.08823   (      77     722)
         8                  15             0.09013   (      81     722)
         9                  15             0.09013   (      78     722)
        10                  15             0.09183   (      81     724)
        11                  15             0.09340   (      71     724)
        12                  15             0.09340   (      78     724)
        13                  16             0.08036   (      76     722)
        14                  16             0.08553   (      76     724)
        15                  16             0.09013   (      80     722)
        16                  16             0.09013   (     193     722)
        17                  16             0.09013   (     194     722)
        18                  16             0.09013   (     203     722)
        19                  16             0.09013   (      30     722)
        20                  16             0.09013   (      71     722)
        21                  16             0.09013   (      75     722)
        22                  16             0.09340   (      75     724)
        23                  16             0.09340   (      80     724)
        24                  16             0.09340   (      83     724)
        25                  16             0.09340   (     193     724)
        26                  16             0.09340   (     194     724)
        27                  16             0.09340   (     203     724)
        28                  16             0.09340   (      30     724)
        29                  16             0.09340   (      77     724)
        30                  16             0.09707   (     469     722)
        31                  16             0.09889   (     467     722)
        32                  16             0.09889   (     468     722)
        33                  16             0.09889   (     471     722)
        34                  16             0.10270   (     467     724)
        35                  16             0.10607   (     457     724)
        36                  16             0.10607   (     468     724)
        37                  16             0.10607   (     471     724)
        38                  16             0.10664   (     476     722)
        39                  16             0.10766   (     475     722)
        40                  16             0.10766   (     478     722)
        41                  16             0.10947   (     482     722)
        42                  16             0.11257   (     475     724)
        43                  16             0.11257   (     478     724)
        44                  16             0.11620   (     481     724)
        45                  16             0.11847   (     474     724)
        46                  17             0.08016   (     722     746)
        47                  17             0.08034   (     722     744)
        48                  17             0.08110   (     722     745)
        49                  17             0.08458   (     724     745)
        50                  17             0.08538   (     724     744)
        51                  17             0.08607   (     724     746)
        52                  17             0.09889   (     722     728)
        53                  17             0.09889   (     722     743)
        54                  17             0.09889   (     197     722)
        55                  17             0.09889   (     722     747)
        56                  17             0.09889   (     457     722)
        57                  17             0.09889   (     466     722)
        58                  17             0.09889   (     470     722)
        59                  17             0.10607   (     197     724)
        60                  17             0.10607   (     466     724)
        61                  17             0.10607   (     469     724)
        62                  17             0.10607   (     470     724)
        63                  17             0.10607   (     724     747)
        64                  17             0.10607   (     724     743)
        65                  17             0.10607   (     724     727)
        66                  17             0.10607   (     724     728)
        67                  17             0.10844   (     205     722)
        68                  17             0.10844   (     473     722)
        69                  17             0.10844   (     474     722)
        70                  17             0.10844   (     477     722)
        71                  17             0.10844   (     722     748)
        72                  17             0.10844   (     722     749)
        73                  17             0.10844   (     722     750)
        74                  17             0.11135   (     722     751)
        75                  17             0.11135   (     722     753)
        76                  17             0.11135   (     206     722)
        77                  17             0.11135   (     722     752)
        78                  17             0.11135   (     483     722)
        79                  17             0.11135   (     481     722)
        80                  17             0.11135   (     480     722)
        81                  17             0.11620   (     206     724)
        82                  17             0.11620   (     482     724)
        83                  17             0.11620   (     483     724)
        84                  17             0.11620   (     480     724)
        85                  17             0.11620   (     724     752)
        86                  17             0.11620   (     724     751)
        87                  17             0.11620   (     724     753)
        88                  17             0.11693   (     724     889)
        89                  17             0.11693   (     724     892)
        90                  17             0.11693   (     724     881)
        91                  17             0.11847   (     724     749)
        92                  17             0.11847   (     205     724)
        93                  17             0.11847   (     473     724)
        94                  17             0.11847   (     476     724)
        95                  17             0.11847   (     477     724)
        96                  17             0.11847   (     724     748)
        97                  17             0.11847   (     724     750)
        98                  17             0.19420   (      37    1035)
        99                  17             0.20550   (     111     724)
       100                  17             0.20550   (     115     724)
