        Rank        RMSE       MaxAE  Feature_ID
           1   22.566447   43.270779  (       2   12388)
           2   22.606695   45.969521  (       2   14763)
           3   22.636377   63.519395  (    2813   16174)
           4   23.092753   54.962899  (     523   12388)
           5   23.140763   55.041508  (     539   12388)
           6   23.212630   52.233058  (       6   12388)
           7   23.221566   63.541862  (    2813   19462)
           8   23.265684   60.683103  (    2813   12954)
           9   23.277499   51.200638  (       6   14763)
          10   23.290235   48.067663  (       7   14763)
          11   23.313426   44.230162  (       7   12388)
          12   23.330674   46.867362  (     102   12388)
          13   23.351900   61.029025  (    2813   13343)
          14   23.358575   48.075388  (       5   14763)
          15   23.360349   45.348276  (       5   12388)
          16   23.390417   49.925506  (       2   11306)
          17   23.400064   55.923550  (    5920   18124)
          18   23.413238   46.775217  (      85   12388)
          19   23.470171   46.764460  (      64   14763)
          20   23.485771   47.110117  (    3557   10694)
          21   23.545053   48.343099  (    2123   10694)
          22   23.583733   60.618994  (    5459   18124)
          23   23.635441   44.039947  (      64   12388)
          24   23.644391   57.135481  (     523   14763)
          25   23.659173   50.140482  (     438   10029)
          26   23.663973   53.886710  (     663   12388)
          27   23.666112   61.115862  (    1816   10124)
          28   23.679446   68.121046  (    2765   12388)
          29   23.685889   47.717850  (       4   14763)
          30   23.696529   57.214772  (     539   14763)
          31   23.721149   53.966422  (     695   12388)
          32   23.723212   47.854210  (       4   12388)
          33   23.733413   62.526382  (     345   10144)
          34   23.747812   48.226761  (      10   14763)
          35   23.761742   55.621244  (     663   14513)
          36   23.762244   55.567511  (    7833   12388)
          37   23.776829   50.088477  (    1095   12388)
          38   23.783421   48.022201  (      11   14763)
          39   23.787132   44.797581  (      11   12388)
          40   23.787548   44.464059  (      10   12388)
          41   23.802355   52.487895  (     346   13055)
          42   23.805320   45.149975  (      13   12388)
          43   23.837500   47.810722  (      13   14763)
          44   23.855630   55.273628  (       6   11306)
          45   23.874480   48.104554  (       9   14763)
          46   23.883752   49.333683  (     935   12388)
          47   23.901398   51.459080  (    1417   10249)
          48   23.911862   44.779569  (       2   10694)
          49   23.914491   60.297891  (     390   12388)
          50   23.931489   53.801632  (     300   10002)
          51   23.938644   55.772595  (     695   14513)
          52   23.947359   44.379890  (      19   12388)
          53   23.951640   44.839442  (       9   12388)
          54   23.958273   49.547781  (      19   14763)
          55   23.965561   49.344430  (      36   14763)
          56   23.970100   52.955493  (    2882   13055)
          57   24.011046   57.118177  (     489   12388)
          58   24.017095   58.184586  (    1701   12388)
          59   24.020748   45.793603  (     438   10694)
          60   24.023236   52.732119  (    2882   14320)
          61   24.026633   44.837449  (     185   12388)
          62   24.033361   57.061384  (     492   12388)
          63   24.037241   58.675960  (    2874   10625)
          64   24.048838   51.485203  (     518   12388)
          65   24.056135   51.568337  (     102   14763)
          66   24.081461   60.182334  (    4849   12388)
          67   24.081468   56.585223  (    1816   10141)
          68   24.086065   54.524135  (    6894   10002)
          69   24.089427   49.009537  (    1195   12388)
          70   24.090258   57.827167  (    1195   14513)
          71   24.093776   61.661469  (     346   18733)
          72   24.104563   44.839139  (      36   12388)
          73   24.109859   61.830127  (     489   14763)
          74   24.117779   62.327070  (     345   10042)
          75   24.128997   61.748256  (     492   14763)
          76   24.131525   47.843416  (      85   14763)
          77   24.144524   63.272694  (    1046   12388)
          78   24.152132   55.763110  (    9931   10002)
          79   24.155500   62.803127  (    1689   17403)
          80   24.155646   49.000954  (     130   10141)
          81   24.155776   53.500726  (    1898   10144)
          82   24.160554   65.328181  (     663   14763)
          83   24.162254   51.938047  (       5   11306)
          84   24.164751   50.200460  (    3557   12388)
          85   24.168184   51.185113  (    4756   15028)
          86   24.184217   53.444407  (    1505   12388)
          87   24.194456   51.603583  (       4   11306)
          88   24.198324   54.788179  (    4756   15806)
          89   24.221765   65.404514  (     695   14763)
          90   24.227228   54.162963  (    2786   12388)
          91   24.241497   51.945828  (       7   11306)
          92   24.243487   47.656134  (    4788   12388)
          93   24.256948   55.212361  (    1513   12388)
          94   24.261478   53.497722  (      22   14763)
          95   24.262823   49.762829  (     783   10141)
          96   24.269914   55.689926  (     549   12388)
          97   24.279568   49.471154  (    1286   18124)
          98   24.285726   62.178495  (     346   18453)
          99   24.289624   49.508144  (       2   11193)
         100   24.301879   57.199422  (       6   10694)
