Model_ID, [(c_i,i=0,n)_j,j=1,ntask]
           1    0.3039420768E+03    0.2332267222E+03   -0.6951729685E+03
           2    0.3032623392E+03    0.2337051482E+03    0.5403475919E+03
           3    0.2415391252E+03   -0.1312959556E+03   -0.4060496731E+03
           4    0.2489897150E+03    0.1590415562E+03   -0.7756572925E+03
           5    0.2489124819E+03    0.1590528752E+03   -0.7759961319E+03
           6    0.3047218101E+03    0.2295157053E+03   -0.6967104087E+03
           7    0.2416220170E+03   -0.1303701288E+03    0.5257614739E+03
           8    0.2451266007E+03   -0.1246950499E+03   -0.4852744220E+03
           9    0.3040409299E+03    0.2299733848E+03    0.5411436784E+03
          10    0.3034685311E+03    0.2397160823E+03    0.5411408154E+03
          11    0.3041435800E+03    0.2391821033E+03   -0.6949394667E+03
          12    0.2353751624E+03    0.7679537962E+02   -0.7357610475E+03
          13    0.2447038385E+03   -0.1253702721E+03    0.4899149222E+03
          14    0.3037022226E+03   -0.2403071349E+03    0.5333522782E+03
          15    0.3043687102E+03   -0.2397929590E+03   -0.6853825576E+03
          16    0.3052927688E+03    0.2309328599E+03    0.5206539447E+03
          17    0.1380196743E+03    0.1166288653E+03    0.5188364275E+03
          18    0.3050392847E+03    0.2391401674E+03   -0.7306126065E+03
          19    0.3062879237E+03    0.2437754418E+03    0.5628885134E+03
          20    0.2481600596E+03    0.8539083677E+02   -0.8011947716E+03
          21    0.2542595493E+03    0.8983133700E+02   -0.7842780036E+03
          22    0.2355147585E+03    0.1302785377E+03    0.5143793443E+03
          23    0.3069698468E+03    0.2431093541E+03   -0.7200474008E+03
          24    0.2481550395E+03    0.1591466706E+03    0.5958516945E+03
          25    0.2671672805E+03    0.9185425636E+02    0.1303935300E+04
          26    0.2528102637E+03    0.1621415256E+03   -0.7720438750E+03
          27    0.1935121145E+03    0.9587339786E+02   -0.7489753661E+03
          28    0.2256745370E+03    0.7468964003E+02   -0.8156513281E+03
          29    0.3005789010E+03    0.2311915705E+03    0.5249062349E+03
          30    0.2480778931E+03    0.1591553727E+03    0.5960426993E+03
          31    0.2527328823E+03    0.1621423300E+03   -0.7723949093E+03
          32    0.3012388700E+03    0.2306821145E+03   -0.6738012934E+03
          33    0.2209478624E+03    0.1038497705E+03   -0.1055945342E+04
          34    0.3029282657E+03    0.2387135686E+03    0.5393361832E+03
          35    0.2747035285E+03    0.1950588835E+03    0.4949732736E+03
          36    0.2593433632E+03   -0.8221924128E+02   -0.8506982461E+03
          37    0.2549281468E+03    0.1467851721E+03   -0.7853142012E+03
          38    0.3029890569E+03    0.2383365444E+03    0.5388798328E+03
          39    0.3036635914E+03    0.2378184513E+03   -0.6924315906E+03
          40    0.3036006826E+03    0.2381707720E+03   -0.6922748330E+03
          41    0.3287661438E+03    0.1078376762E+03    0.2056925177E+04
          42    0.3037215965E+03    0.2374351780E+03   -0.6926103015E+03
          43    0.3030449167E+03    0.2379287118E+03    0.5384411216E+03
          44    0.3060858985E+03    0.2273330418E+03    0.5244030013E+03
          45    0.3028169049E+03    0.2380943437E+03    0.5372301127E+03
          46    0.3089857838E+03   -0.1102276212E+03   -0.7785011599E+03
          47    0.2778024404E+03    0.2255756723E+03   -0.1153096682E+04
          48    0.3064729690E+03    0.2299437528E+03   -0.6480181053E+03
          49    0.3036298263E+03    0.1931691643E+03   -0.7527235491E+03
          50    0.3556423825E+03    0.2772569425E+03    0.1693283240E+04
          51    0.2745540589E+03    0.1949292283E+03    0.4935667095E+03
          52    0.3030911915E+03    0.2403012596E+03   -0.6933432957E+03
          53    0.3034839508E+03    0.2375300717E+03   -0.6887871282E+03
          54    0.3024137652E+03    0.2408161266E+03    0.5393542869E+03
          55    0.3026876238E+03    0.2410404689E+03    0.5476021814E+03
          56    0.3303474078E+03    0.1164921788E+03    0.2258238145E+04
          57    0.2924572735E+03    0.1080977716E+03   -0.7572021166E+03
          58    0.2525762129E+03    0.1523420003E+03   -0.7941460084E+03
          59    0.2596755086E+03    0.8736018845E+02   -0.7308539563E+03
          60    0.3279867592E+03    0.1188384901E+03   -0.1634472924E+04
          61    0.3022654246E+03    0.2417391959E+03   -0.7355192467E+03
          62    0.2924982922E+03    0.1080500003E+03   -0.7570128777E+03
          63    0.1242321656E+03    0.1197673314E+03   -0.2250698009E+04
          64    0.2309059320E+03    0.7313217107E+02   -0.7577832457E+03
          65    0.2346008931E+03    0.7680420404E+02    0.5615433396E+03
          66    0.2743575120E+03    0.7698566577E+02   -0.8279435865E+03
          67    0.1967196023E+03    0.9228817603E+02   -0.1190579254E+04
          68    0.3284509967E+03    0.1952657323E+03    0.1913034230E+04
          69    0.2585397886E+03    0.1496552051E+03   -0.7820377257E+03
          70    0.2820176044E+03    0.1807307754E+03    0.5042430322E+03
          71    0.3232242815E+03    0.1029266386E+03   -0.8839812753E+03
          72    0.3033625652E+03    0.2404146844E+03   -0.7008360610E+03
          73    0.2916888444E+03    0.1083201334E+03    0.5878611822E+03
          74    0.2205371950E+03    0.1068811619E+03   -0.9856953870E+03
          75    0.2917302733E+03    0.1082733222E+03    0.5877595973E+03
          76    0.3042793401E+03    0.2391723844E+03    0.5575270720E+03
          77    0.2621897648E+03   -0.8020843055E+02   -0.7771396767E+03
          78    0.3023338655E+03   -0.2544203071E+03    0.1941428610E+04
          79    0.2831011770E+03    0.1090954468E+03   -0.4237747576E+04
          80    0.2577465478E+03   -0.1400289430E+03   -0.1083981209E+04
          81    0.3469190967E+03    0.1609625456E+03   -0.1111622221E+04
          82    0.2519783790E+03    0.1622712160E+03    0.5936267904E+03
          83    0.3056940852E+03   -0.2374581505E+03    0.5129462929E+03
          84    0.2441914511E+03    0.8631975971E+02   -0.8155656521E+03
          85    0.3319716023E+03   -0.1185176144E+03    0.2347893528E+04
          86    0.3460618240E+03    0.1443030904E+03   -0.7876727503E+03
          87    0.3026076502E+03    0.2286512673E+03    0.5092750362E+03
          88    0.3292955069E+03   -0.1211236611E+03   -0.1701635637E+04
          89    0.2519010017E+03    0.1622693368E+03    0.5938258033E+03
          90    0.2198985270E+03    0.6679898001E+02   -0.8059964837E+03
          91    0.3054740725E+03    0.2367411960E+03    0.5183673877E+03
          92    0.2202966541E+03    0.9435160169E+02   -0.8246410966E+03
          93    0.3008301520E+03    0.1756447695E+03   -0.7864610252E+03
          94    0.2997250079E+03    0.2440901315E+03    0.5365668218E+03
          95    0.2608634410E+03   -0.1417056523E+03   -0.1145042706E+04
          96    0.2327023534E+03   -0.8289813936E+02   -0.7553548875E+03
          97    0.2075281313E+03    0.1192975575E+03    0.4717870016E+03
          98    0.3232304573E+03    0.1022191308E+03   -0.8619919919E+03
          99    0.3110981855E+03    0.2435607745E+03   -0.1214230596E+04
         100    0.3072816226E+03    0.2263825426E+03   -0.6541825535E+03
