        Rank        RMSE       MaxAE  Feature_ID
           1   11.496833   27.711969  (       1)
           2   11.497186   27.321227  (       2)
           3   11.505635   30.735393  (       3)
           4   11.512931   32.379896  (       4)
           5   11.526630   35.886862  (       5)
           6   11.621860   32.447790  (       6)
           7   11.663234   32.064056  (       7)
           8   11.713659   32.601436  (       8)
           9   11.723550   31.737747  (       9)
          10   11.774701   36.129419  (      10)
          11   11.780254   29.264614  (      11)
          12   11.781284   33.770585  (      12)
          13   11.784259   31.157440  (      13)
          14   11.789249   31.637367  (      14)
          15   11.814894   30.632563  (      15)
          16   11.817632   27.282275  (      16)
          17   11.833629   33.615871  (      17)
          18   11.833663   31.619941  (      18)
          19   11.844556   29.177743  (      19)
          20   11.844609   29.527990  (      20)
          21   11.844732   36.120789  (      21)
          22   11.864252   27.354246  (      22)
          23   11.871299   34.965382  (      23)
          24   11.873735   31.362791  (      24)
          25   11.881903   30.496865  (      25)
          26   11.898666   28.009087  (      26)
          27   11.900480   30.474740  (      27)
          28   11.902150   31.114877  (      28)
          29   11.909394   32.750667  (      29)
          30   11.911586   29.949973  (      30)
          31   11.913223   30.495086  (      31)
          32   11.918331   35.522659  (      32)
          33   11.934754   33.538992  (      33)
          34   11.946906   30.450836  (      34)
          35   11.948770   29.202671  (      35)
          36   11.956176   30.770957  (      36)
          37   11.957483   31.382833  (      37)
          38   11.958792   31.381227  (      38)
          39   11.960108   31.379610  (      39)
          40   11.963583   34.192650  (      40)
          41   11.974484   29.080965  (      41)
          42   11.976864   28.890484  (      42)
          43   11.983727   35.926625  (      43)
          44   11.983778   31.049356  (      44)
          45   11.984512   28.859510  (      45)
          46   11.988158   34.973654  (      46)
          47   11.991110   31.192635  (      47)
          48   11.991602   27.685354  (      48)
          49   11.997996   39.147461  (      49)
          50   12.000931   30.840598  (      50)
          51   12.009617   30.970780  (      51)
          52   12.028835   33.679347  (      52)
          53   12.028923   32.422290  (      53)
          54   12.031249   31.130044  (      54)
          55   12.034470   32.658207  (      55)
          56   12.035201   34.921737  (      56)
          57   12.040897   31.775947  (      57)
          58   12.054713   29.070556  (      58)
          59   12.064799   28.468507  (      59)
          60   12.066180   29.124149  (      60)
          61   12.067484   28.923468  (      61)
          62   12.067995   30.484166  (      62)
          63   12.068545   28.032660  (      63)
          64   12.070798   34.384684  (      64)
          65   12.071789   35.318554  (      65)
          66   12.073547   33.332163  (      66)
          67   12.075597   29.106471  (      67)
          68   12.078240   33.707919  (      68)
          69   12.079611   34.256917  (      69)
          70   12.079684   31.342883  (      70)
          71   12.082937   34.251329  (      71)
          72   12.082946   36.125734  (      72)
          73   12.085962   31.664728  (      73)
          74   12.087401   31.020090  (      74)
          75   12.087492   36.051281  (      75)
          76   12.087518   32.673009  (      76)
          77   12.088420   28.358011  (      77)
          78   12.092921   30.478543  (      78)
          79   12.093298   28.998448  (      79)
          80   12.105416   33.762812  (      80)
          81   12.110208   30.929754  (      81)
          82   12.110435   31.340629  (      82)
          83   12.111638   29.619165  (      83)
          84   12.112152   34.815773  (      84)
          85   12.115270   27.209379  (      85)
          86   12.116892   35.935188  (      86)
          87   12.119786   30.171615  (      87)
          88   12.123584   38.481301  (      88)
          89   12.123750   36.436991  (      89)
          90   12.124528   34.750768  (      90)
          91   12.126052   33.238600  (      91)
          92   12.127253   29.891331  (      92)
          93   12.130250   33.790374  (      93)
          94   12.132279   38.403915  (      94)
          95   12.133179   28.822340  (      95)
          96   12.135838   36.173022  (      96)
          97   12.135856   36.586510  (      97)
          98   12.137496   33.090504  (      98)
          99   12.138131   33.338134  (      99)
         100   12.138200   29.134737  (     100)
