Model_ID, [(c_i,i=0,n)_j,j=1,ntask]
           1    0.3059085334E+02   -0.2518320824E+02    0.2839496817E+03
           2    0.2241232752E+02   -0.2500719030E+02    0.2799103286E+03
           3    0.2333374906E+02   -0.2456260121E+02    0.2801107824E+03
           4    0.2205459809E+02   -0.2515509104E+02    0.2825971398E+03
           5    0.3181253847E+02   -0.2419951301E+02    0.2857227462E+03
           6    0.2315243085E+02   -0.2465499441E+02    0.2837852837E+03
           7    0.2274497531E+02   -0.2485348886E+02    0.2834804837E+03
           8    0.2945258040E+02   -0.2207112150E+02    0.2840087597E+03
           9    0.3083516771E+02   -0.2459598657E+02    0.2840403780E+03
          10    0.2948532498E+02   -0.2204776552E+02    0.2836527680E+03
          11    0.2964514043E+02   -0.2490570616E+02    0.2714328760E+03
          12    0.2920843261E+02   -0.2512065357E+02    0.2712887459E+03
          13    0.2886286674E+02   -0.2497384546E+02    0.2534211543E+03
          14    0.3061181891E+02    0.2440947596E+02    0.2710954928E+03
          15    0.2927959577E+02   -0.2509369235E+02    0.2724322174E+03
          16    0.2995541353E+02   -0.2474563651E+02    0.2743703460E+03
          17    0.2958090937E+02   -0.2495040718E+02    0.2754985748E+03
          18    0.2989639542E+02   -0.2477803891E+02    0.2738645828E+03
          19    0.2951979723E+02   -0.2498490710E+02    0.2749992660E+03
          20    0.2880291175E+02   -0.2501087716E+02    0.2574247013E+03
          21    0.3421071954E+02   -0.3381882219E+02   -0.4725479610E+03
          22    0.2956963382E+02   -0.1966800153E+02    0.2730458922E+03
          23    0.3550897369E+02    0.3412475473E+02    0.2778194546E+03
          24    0.3079079015E+02   -0.2423323576E+02    0.2718214803E+03
          25    0.2982661949E+02   -0.2480811283E+02    0.2736856519E+03
          26    0.3035781396E+02   -0.2450983054E+02    0.2675039970E+03
          27    0.3646978807E+02   -0.2796977805E+02    0.2804575328E+03
          28    0.2990137310E+02   -0.2477664519E+02    0.2783356322E+03
          29    0.2873731274E+02   -0.2504993911E+02    0.2569217028E+03
          30    0.2944756747E+02   -0.2501745866E+02    0.2748317892E+03
          31    0.2983257813E+02   -0.2482280008E+02    0.2779168668E+03
          32    0.3569543084E+02    0.2825625353E+02    0.2747674196E+03
          33    0.2999845821E+02   -0.2469893488E+02    0.2684982957E+03
          34    0.3436518587E+02   -0.3353693079E+02    0.4672205075E+03
          35    0.2866072693E+02   -0.2508688943E+02    0.2567518391E+03
          36    0.3565194985E+02    0.2825569914E+02    0.2736685039E+03
          37    0.2976232632E+02   -0.2483026684E+02    0.2734595397E+03
          38    0.3010676904E+02   -0.2457558530E+02    0.2696146750E+03
          39    0.2938101795E+02   -0.2504190335E+02    0.2746159931E+03
          40    0.2976233300E+02   -0.2485335846E+02    0.2777447992E+03
          41    0.3665001637E+02    0.3285177976E+02    0.2715961714E+03
          42    0.3000084726E+02   -0.2471000244E+02    0.2774556763E+03
          43    0.3030088646E+02   -0.2454587807E+02    0.2714557614E+03
          44    0.2977891822E+02   -0.2484732602E+02    0.2773656961E+03
          45    0.2859006758E+02   -0.2511569906E+02    0.2565393312E+03
          46    0.3003573201E+02   -0.2471322238E+02    0.2722735641E+03
          47    0.3084357158E+02    0.2422416183E+02    0.2649866307E+03
          48    0.2970596366E+02    0.2485850085E+02    0.2729252937E+03
          49    0.2970232872E+02   -0.2488671469E+02    0.2772452863E+03
          50    0.2932262096E+02    0.2507217572E+02    0.2740875584E+03
          51    0.3032647673E+02    0.2451598107E+02    0.2703828128E+03
          52    0.3040245124E+02   -0.2446570749E+02    0.2701747278E+03
          53    0.3587215283E+02    0.3333258811E+02    0.2633249726E+03
          54    0.3044136312E+02   -0.2433411305E+02    0.2681238840E+03
          55    0.2969761694E+02   -0.2487594347E+02    0.2775240065E+03
          56    0.3024356631E+02   -0.2457664782E+02    0.2709438482E+03
          57    0.2852719437E+02    0.2515062647E+02    0.2560101606E+03
          58    0.3048092628E+02   -0.2441156417E+02    0.2699438374E+03
          59    0.2963121511E+02   -0.2491817254E+02    0.2770763769E+03
          60    0.2306060783E+02   -0.1761687247E+02    0.2778195374E+03
          61    0.3017591280E+02   -0.2460460338E+02    0.2707534093E+03
          62    0.3002269910E+02   -0.2468842174E+02    0.2757842285E+03
          63    0.3433974797E+02   -0.4019072534E+02    0.2747742256E+03
          64    0.3097373565E+02    0.2366963116E+02    0.2723435759E+03
          65    0.2956570608E+02   -0.2494158434E+02    0.2768586223E+03
          66    0.2958033377E+02    0.2493841077E+02    0.2764956401E+03
          67    0.2985933634E+02   -0.2466546113E+02    0.2650660810E+03
          68    0.3011358158E+02   -0.2462478578E+02    0.2705172575E+03
          69    0.3119519678E+02   -0.3317531627E+02    0.2600238846E+03
          70    0.2964311159E+02    0.2355008976E+02    0.1809856911E+03
          71    0.3157059575E+02   -0.3294162825E+02    0.2642310978E+03
          72    0.3461141347E+02   -0.3474077026E+02    0.2773735477E+03
          73    0.3779085525E+02    0.3502931223E+02    0.2656034485E+03
          74    0.2950840164E+02    0.2497072300E+02    0.2763297203E+03
          75    0.3601513203E+02    0.3259887850E+02    0.2763717467E+03
          76    0.2874443089E+02   -0.2609041152E+02    0.2732448363E+03
          77    0.3860699655E+02    0.3471345444E+02    0.2765274640E+03
          78    0.3221080410E+02    0.2280673723E+02    0.4434695989E+03
          79    0.2950592089E+02   -0.2495684931E+02    0.2765917696E+03
          80    0.3776260397E+02    0.3501121109E+02    0.2647005503E+03
          81    0.3005886537E+02    0.2465143544E+02    0.2699776874E+03
          82    0.3620399145E+02    0.3315529721E+02    0.2694005787E+03
          83    0.3205459906E+02    0.2296270733E+02   -0.4467503557E+03
          84    0.3062976191E+02   -0.2637099939E+02    0.2694859637E+03
          85    0.3597061036E+02    0.3258192573E+02    0.2750308575E+03
          86    0.3033052941E+02   -0.2447437378E+02    0.2691166960E+03
          87    0.3372045214E+02   -0.3430350295E+02   -0.4097206504E+03
          88    0.3649820560E+02    0.3284517965E+02    0.2694716690E+03
          89    0.2208730341E+02   -0.1788881598E+02    0.2719491078E+03
          90    0.2944214521E+02    0.2499492358E+02    0.2761148845E+03
          91    0.3149890246E+02   -0.3299054703E+02    0.2635048862E+03
          92    0.2947389326E+02   -0.2496193789E+02    0.2764143222E+03
          93    0.3058158277E+02   -0.3320129365E+02    0.2450568450E+03
          94    0.3036752643E+02   -0.2448858753E+02    0.2728590669E+03
          95    0.3134152758E+02   -0.3310622500E+02    0.2640157701E+03
          96    0.3577971563E+02   -0.3355022637E+02    0.2699500204E+03
          97    0.3690256433E+02    0.3250170287E+02    0.2599941485E+03
          98    0.3006189143E+02    0.2462378423E+02    0.2680481135E+03
          99    0.2939425914E+02    0.2501067421E+02    0.2755044158E+03
         100    0.3141514914E+02   -0.3303018472E+02    0.2631938436E+03
