Model_ID, [(c_i,i=0,n)_j,j=1,ntask]
           1    0.3177076558E+01    0.3316804837E+02
           2    0.3494996971E+01    0.2808221849E+02
           3    0.3499179650E+01   -0.2668490477E+02
           4    0.3375850791E+01    0.2835507845E+02
           5    0.3581011705E+01    0.3377720480E+02
           6    0.3164536350E+01    0.3394828836E+02
           7    0.3177784110E+01   -0.3329907930E+02
           8    0.3502166529E+01    0.2726459422E+02
           9    0.3091026788E+01    0.3034336277E+02
          10    0.2861582157E+01    0.3485150584E+02
          11    0.3773844633E+01    0.2862071077E+02
          12    0.3233333800E+01    0.3397466093E+02
          13    0.3282152182E+01    0.2809736870E+02
          14    0.3523967101E+01    0.3284482046E+02
          15    0.3022784299E+01   -0.3145752018E+02
          16    0.3459315744E+01    0.2646128529E+02
          17    0.3387785388E+01    0.3361763584E+02
          18    0.3118652576E+01    0.3208670661E+02
          19    0.2687151793E+01    0.3353300013E+02
          20    0.3262221503E+01   -0.3026293472E+02
          21    0.2681549029E+01    0.3783385759E+02
          22    0.3135090586E+01    0.3312335761E+02
          23    0.2367866248E+01    0.3850805943E+02
          24    0.3950157813E+01    0.2829138497E+02
          25    0.3267569433E+01   -0.3014094376E+02
          26    0.3791437388E+01    0.2784179770E+02
          27    0.3647543446E+01    0.2748714531E+02
          28    0.3313235907E+01   -0.3058474415E+02
          29    0.3457140486E+01    0.3429528885E+02
          30    0.2904741875E+01    0.3498927260E+02
          31    0.3121415447E+01    0.3164647412E+02
          32    0.4145846075E+01   -0.2443109464E+02
          33    0.1715693025E+01    0.2671259187E+02
          34    0.3141345075E+01    0.2630966044E+02
          35    0.1660178318E+01    0.2675910789E+02
          36    0.3793470691E+01    0.2761064941E+02
          37    0.3108941201E+01    0.2773706724E+02
          38    0.3466225583E+01   -0.2550417916E+02
          39    0.3125164435E+01    0.3242105414E+02
          40    0.3368938767E+01    0.2716363258E+02
          41    0.3815943465E+01    0.1902453282E+02
          42    0.3620234040E+01    0.2715101929E+02
          43    0.3820548355E+01    0.2875630979E+02
          44    0.3485261430E+01    0.2674940940E+02
          45    0.3494034370E+01    0.3050776550E+02
          46    0.3133625861E+01    0.2966699833E+02
          47    0.2590676006E+01    0.2370786922E+02
          48    0.3550313012E+01    0.2899035629E+02
          49    0.4053775472E+01   -0.2388288026E+02
          50    0.3241405768E+01    0.2955104364E+02
          51    0.3241842415E+01    0.2955035374E+02
          52    0.3484765175E+01    0.2136944936E+02
          53    0.3329515701E+01    0.1940242991E+02
          54    0.2625863882E+01    0.2366290806E+02
          55    0.3378880451E+01   -0.3056518639E+02
          56    0.3887979923E+01    0.2668096096E+02
          57    0.4130299468E+01    0.2169415800E+02
          58    0.2640375062E+01   -0.3550896703E+02
          59    0.3706579048E+01    0.2629868222E+02
          60    0.2085725691E+01   -0.2620660527E+02
          61    0.2943155951E+01    0.1971971123E+02
          62    0.3261740593E+01    0.2951840601E+02
          63    0.3383724285E+01   -0.3056066165E+02
          64    0.3345239793E+01    0.2937320945E+02
          65    0.3206346647E+01    0.2959749758E+02
          66    0.3003969110E+01    0.3001308802E+02
          67    0.2039981662E+01    0.2627230085E+02
          68    0.2095991319E+01    0.2618324131E+02
          69    0.2098377622E+01    0.2617931179E+02
          70    0.3280392751E+01    0.2948632393E+02
          71    0.3665806124E+01    0.2878542611E+02
          72    0.1988711295E+01    0.2634738693E+02
          73    0.1986720050E+01    0.2635015168E+02
          74    0.3359965692E+01    0.2934710758E+02
          75    0.3079036843E+01   -0.3196416770E+02
          76    0.3668754199E+01    0.2684304536E+02
          77    0.3460738727E+01    0.2917754935E+02
          78    0.3575825589E+01    0.2894980299E+02
          79    0.2957290245E+01    0.1971009022E+02
          80    0.3445740732E+01    0.2920422725E+02
          81    0.2454789743E+01    0.1188167057E+02
          82    0.3536965664E+01    0.2898253858E+02
          83    0.3298050816E+01    0.2945458077E+02
          84    0.3459880134E+01    0.1924863931E+02
          85    0.3605802763E+01    0.2888523257E+02
          86    0.3303301575E+01    0.2944490242E+02
          87    0.1998307318E+01    0.2632608273E+02
          88    0.3434664826E+01    0.1927724753E+02
          89    0.3238490692E+01    0.1943373396E+02
          90    0.3618608865E+01    0.2885711629E+02
          91    0.1769307190E+01    0.2649889989E+02
          92    0.3314179364E+01    0.2942450316E+02
          93    0.2525660204E+01    0.1158853009E+02
          94    0.4008877262E+01    0.2331724613E+02
          95    0.2925962121E+01    0.2955761409E+02
          96    0.3864084950E+01    0.2907907127E+02
          97    0.3223610727E+01    0.2956872758E+02
          98    0.3318772867E+01    0.2941573537E+02
          99    0.2856759263E+01   -0.2335171094E+02
         100    0.3395783134E+01    0.1931754647E+02
