        Rank        RMSE       MaxAE  Feature_ID
           1    5.004256   16.688856  (       1)
           2    5.019871   16.607437  (       2)
           3    5.020340   15.075818  (       3)
           4    5.061391   12.436992  (       4)
           5    5.118720   13.999558  (       5)
           6    5.130752   12.676901  (       6)
           7    5.148125   12.665838  (       7)
           8    5.158123   12.819634  (       8)
           9    5.160218   13.063688  (       9)
          10    5.175863   17.248244  (      10)
          11    5.182414   13.664016  (      11)
          12    5.197359   16.571750  (      12)
          13    5.197411   12.626603  (      13)
          14    5.200610   14.503972  (      14)
          15    5.202416   12.728605  (      15)
          16    5.218586   16.636471  (      16)
          17    5.223671   15.690205  (      17)
          18    5.228424   15.055949  (      18)
          19    5.235485   11.574694  (      19)
          20    5.236943   16.204132  (      20)
          21    5.241236   16.607117  (      21)
          22    5.241822   16.621597  (      22)
          23    5.241963   14.893491  (      23)
          24    5.243704   16.149202  (      24)
          25    5.248977   13.303818  (      25)
          26    5.249191   13.112367  (      26)
          27    5.249953   15.215627  (      27)
          28    5.255291   12.306670  (      28)
          29    5.255610   14.437519  (      29)
          30    5.256160   12.093218  (      30)
          31    5.261560   13.064644  (      31)
          32    5.263833   19.493652  (      32)
          33    5.264713   16.624398  (      33)
          34    5.270048   17.255362  (      34)
          35    5.271080   15.342933  (      35)
          36    5.273927   16.829633  (      36)
          37    5.274215   17.529393  (      37)
          38    5.277446   13.100371  (      38)
          39    5.281921   14.580524  (      39)
          40    5.285417   16.639714  (      40)
          41    5.288486   12.571963  (      41)
          42    5.288924   16.633850  (      42)
          43    5.289127   16.638158  (      43)
          44    5.289809   16.634395  (      44)
          45    5.289965   17.078961  (      45)
          46    5.293847   15.708929  (      46)
          47    5.294806   18.402347  (      47)
          48    5.294910   16.656295  (      48)
          49    5.295120   16.436068  (      49)
          50    5.297027   12.046453  (      50)
          51    5.301117   17.708686  (      51)
          52    5.301176   16.686461  (      52)
          53    5.312777   11.478674  (      53)
          54    5.313137   16.757995  (      54)
          55    5.313973   13.490692  (      55)
          56    5.315964   16.654575  (      56)
          57    5.321208   16.689022  (      57)
          58    5.322659   19.885235  (      58)
          59    5.322775   19.571955  (      59)
          60    5.325480   13.078050  (      60)
          61    5.326043   16.722621  (      61)
          62    5.326370   16.567549  (      62)
          63    5.327121   16.572468  (      63)
          64    5.327992   16.491054  (      64)
          65    5.328927   16.339151  (      65)
          66    5.330620   15.626370  (      66)
          67    5.333811   12.470289  (      67)
          68    5.335790   16.580544  (      68)
          69    5.336658   16.307949  (      69)
          70    5.337821   16.635477  (      70)
          71    5.338946   20.526601  (      71)
          72    5.339511   16.741653  (      72)
          73    5.340086   16.738425  (      73)
          74    5.341274   16.864648  (      74)
          75    5.341609   17.592050  (      75)
          76    5.343532   16.531550  (      76)
          77    5.345301   16.766950  (      77)
          78    5.346241   14.415282  (      78)
          79    5.346554   17.822642  (      79)
          80    5.348285   17.741476  (      80)
          81    5.349731   16.278425  (      81)
          82    5.350577   16.901571  (      82)
          83    5.350813   15.331616  (      83)
          84    5.351815   17.930663  (      84)
          85    5.353400   17.501124  (      85)
          86    5.356754   16.921894  (      86)
          87    5.356944   16.267616  (      87)
          88    5.358184   16.816581  (      88)
          89    5.359657   17.662198  (      89)
          90    5.360146   16.932354  (      90)
          91    5.360832   18.895376  (      91)
          92    5.360893   16.760699  (      92)
          93    5.362128   16.833246  (      93)
          94    5.362898   16.686166  (      94)
          95    5.363705   15.636348  (      95)
          96    5.365950   18.822718  (      96)
          97    5.367185   16.465311  (      97)
          98    5.371310   17.825760  (      98)
          99    5.371741   17.134969  (      99)
         100    5.372393   11.870153  (     100)
