Model_ID, [(c_i,i=0,n)_j,j=1,ntask]
           1    0.3018747659E+02   -0.7277299055E+02    0.1998059543E+03
           2    0.2582414301E+02    0.5463719776E+02   -0.5160688674E+03
           3    0.3124975835E+02    0.6241903659E+02    0.1908267964E+03
           4    0.2800808538E+02   -0.2511862886E+02    0.2344125999E+03
           5    0.2790432957E+02    0.1091377294E+03    0.1846369131E+03
           6    0.2539915736E+02   -0.5267159538E+02   -0.5123653469E+03
           7    0.2741363102E+02    0.2569763394E+02    0.2131233466E+03
           8    0.2757021834E+02   -0.1147784886E+03    0.4424529025E+02
           9    0.2534879688E+02   -0.6247955928E+02   -0.5086180506E+03
          10    0.2813366736E+02    0.2428733798E+02    0.3281866272E+03
          11    0.2818477465E+02   -0.1115808799E+03    0.1555353230E+03
          12    0.2846657876E+02   -0.2774471910E+02    0.2379437114E+03
          13    0.2849348669E+02    0.2670471968E+02    0.2366255315E+03
          14    0.2835718123E+02    0.2689124386E+02    0.3385618838E+03
          15    0.2874757757E+02    0.2618341565E+02   -0.2270980529E+03
          16    0.2814683175E+02   -0.1100966461E+03    0.8780058192E+02
          17    0.2797887710E+02    0.2831656377E+02    0.2212886366E+03
          18    0.2925908036E+02   -0.1193467419E+03    0.4998466018E+02
          19    0.2973224385E+02   -0.1098077255E+03    0.4567021564E+02
          20    0.2563617876E+02   -0.5536835104E+02   -0.5200106601E+03
          21    0.2611003478E+02   -0.2472806048E+02    0.2516018851E+03
          22    0.3022521314E+02   -0.1192692696E+03    0.3363124149E+02
          23    0.2572369210E+02    0.5519655653E+02   -0.6090549602E+03
          24    0.2487273405E+02   -0.5690293110E+02   -0.5078173484E+03
          25    0.2874305979E+02    0.2694534548E+02   -0.3207225453E+03
          26    0.2622955657E+02    0.4794590797E+02   -0.4963457018E+03
          27    0.2915425098E+02    0.2615241623E+02   -0.3229672250E+03
          28    0.2703841062E+02    0.2497569864E+02    0.1724460630E+03
          29    0.2876868269E+02   -0.3142854966E+02   -0.2077511713E+03
          30    0.2844089460E+02    0.2661626969E+02   -0.3040786440E+03
          31    0.2950289488E+02    0.2581333302E+02   -0.3341381710E+03
          32    0.2545139149E+02   -0.2165609380E+02    0.2041409856E+03
          33    0.3026376197E+02   -0.1121348714E+03   -0.5266091667E+02
          34    0.2874423260E+02    0.2680588060E+02    0.3269577448E+03
          35    0.2997966588E+02   -0.1039642140E+03   -0.4921694765E+02
          36    0.3031733462E+02   -0.1110966927E+03    0.5355614060E+02
          37    0.2746152938E+02   -0.2646866417E+02   -0.4603522670E+03
          38    0.3003975101E+02   -0.1130243679E+03   -0.5629658787E+02
          39    0.2978577893E+02   -0.1182399425E+03    0.5112268588E+02
          40    0.2952605672E+02    0.2563764776E+02    0.3424384274E+03
          41    0.2794354028E+02    0.2689771764E+02    0.2379735836E+03
          42    0.2809933947E+02    0.2699001953E+02    0.2274514091E+03
          43    0.5390936417E+02   -0.9116112654E+02    0.3839387442E+02
          44    0.2326320568E+02   -0.2927564802E+02   -0.1531655841E+03
          45    0.2631931775E+02   -0.1143526435E+03    0.3917656706E+02
          46    0.2741416940E+02    0.2657613368E+02   -0.1950158148E+03
          47    0.2719274899E+02    0.2621554403E+02    0.1873110298E+03
          48    0.2878191586E+02    0.2960376507E+02    0.2421839104E+03
          49    0.2824466295E+02    0.2656500621E+02    0.2088695140E+03
          50    0.3016359659E+02    0.2639330630E+02   -0.2142318222E+03
          51    0.2864077182E+02   -0.1101925752E+03    0.3367439747E+02
          52    0.2952808421E+02   -0.1135711077E+03    0.4927189255E+02
          53    0.2604162190E+02   -0.5503652844E+02   -0.4855037916E+03
          54    0.2767762875E+02   -0.2425516012E+02    0.1865969930E+03
          55    0.2793707660E+02    0.2683098085E+02   -0.2391048534E+03
          56    0.2794314886E+02    0.2708979162E+02   -0.5616952631E+03
          57    0.2874045660E+02    0.2667390724E+02   -0.3306610814E+03
          58    0.2704224359E+02   -0.1136460971E+03    0.3957046516E+02
          59    0.2867826262E+02    0.2705589699E+02   -0.3178078619E+03
          60    0.2953747110E+02    0.2547805691E+02   -0.3479376809E+03
          61    0.2585800840E+02    0.2490237391E+02    0.2413958698E+03
          62    0.2784491314E+02   -0.2559383524E+02    0.2048190402E+03
          63    0.2889319883E+02   -0.9196072378E+02   -0.2167788395E+03
          64    0.2846662836E+02    0.2727373144E+02    0.1578661128E+03
          65    0.2682488905E+02    0.2542108759E+02    0.1596904959E+03
          66    0.4921338027E+02   -0.1002980603E+03    0.3305154933E+02
          67    0.2695738953E+02   -0.1136030666E+03    0.4015581881E+02
          68    0.2388688281E+02   -0.3005770519E+02    0.1780367908E+03
          69    0.5642447899E+02   -0.3078354713E+02   -0.2217203396E+03
          70    0.4938003840E+02   -0.3868839483E+02   -0.2201951840E+03
          71    0.2833614847E+02   -0.1080510871E+03   -0.1565739837E+03
          72    0.2804198036E+02   -0.2222361119E+02    0.2330644614E+03
          73    0.4927208054E+02   -0.3905458379E+02   -0.2213198614E+03
          74    0.2905878700E+02    0.5485322224E+02   -0.4845275173E+03
          75    0.2784002422E+02    0.2659532051E+02   -0.1349825250E+03
          76    0.2837694826E+02    0.2585338921E+02   -0.1982144250E+03
          77    0.2671732460E+02    0.5547245090E+02    0.3655810267E+03
          78    0.2857291293E+02    0.2654577844E+02   -0.6062427599E+03
          79    0.2884512907E+02   -0.2275317050E+02   -0.4437930337E+03
          80    0.2740974180E+02   -0.1116015080E+03    0.4584490895E+03
          81    0.2866685979E+02    0.2643675449E+02   -0.3221282001E+03
          82    0.2954230770E+02    0.2671811685E+02    0.2242266089E+03
          83    0.2954070071E+02    0.2585829445E+02   -0.6044529802E+03
          84    0.3014400898E+02   -0.1120202620E+03    0.5180235541E+02
          85    0.2699920856E+02   -0.1106476121E+03    0.4526988588E+02
          86    0.2842618013E+02    0.2627857047E+02   -0.6302501047E+03
          87    0.2755755159E+02   -0.7197260689E+02   -0.4845226867E+03
          88    0.2633541214E+02   -0.5876237791E+02   -0.5036521667E+03
          89    0.3028833424E+02   -0.1103898974E+03    0.2414959978E+02
          90    0.3019497392E+02   -0.1109926150E+03    0.5269467351E+02
          91    0.2607600932E+02   -0.2223941167E+02    0.2441206961E+03
          92    0.2813735510E+02    0.2602361719E+02   -0.1994224031E+03
          93    0.6471167447E+02   -0.4156736137E+02   -0.2103912739E+03
          94    0.2819844383E+02    0.2597670638E+02    0.1993059663E+03
          95    0.4845195349E+02   -0.8071002321E+02    0.2919682531E+02
          96    0.2825671411E+02   -0.1077972562E+03   -0.8399739885E+02
          97    0.2792787019E+02    0.2673287539E+02    0.2399096790E+03
          98    0.5376763387E+02    0.3187046834E+02   -0.2137347737E+03
          99    0.2749193694E+02   -0.2159768920E+02    0.1924273927E+03
         100    0.2510278576E+02    0.2187683940E+02    0.1950652021E+03
