      rank       #data_overlap        size_overlap          feature_ID
         1                  35             0.21577   (       1)
         2                  36             0.26746   (       2)
         3                  36             0.28589   (       3)
         4                  37             0.21577   (       4)
         5                  37             0.28589   (       5)
         6                  37             0.28589   (       6)
         7                  38             0.21577   (       7)
         8                  38             0.21577   (       8)
         9                  38             0.21577   (       9)
        10                  38             0.28589   (      10)
        11                  38             0.28589   (      11)
        12                  38             0.28589   (      12)
        13                  38             0.28589   (      13)
        14                  38             0.28589   (      14)
        15                  38             0.28589   (      15)
        16                  38             0.30474   (      16)
        17                  39             0.28200   (      17)
        18                  39             0.28589   (      18)
        19                  39             0.28589   (      19)
        20                  39             0.38843   (      20)
        21                  39             0.38898   (      21)
        22                  39             0.41410   (      22)
        23                  39             0.52533   (      23)
        24                  39             0.62635   (      24)
        25                  40             0.28589   (      25)
        26                  40             0.34523   (      26)
        27                  40             0.35062   (      27)
        28                  40             0.41410   (      28)
        29                  40             0.41410   (      29)
        30                  40             0.41410   (      30)
        31                  40             0.41410   (      31)
        32                  40             0.41410   (      32)
        33                  40             0.41410   (      33)
        34                  40             0.50628   (      34)
        35                  40             0.65400   (      35)
        36                  41             0.28589   (      36)
        37                  41             0.31879   (      37)
        38                  41             0.34523   (      38)
        39                  41             0.39154   (      39)
        40                  41             0.39306   (      40)
        41                  41             0.39306   (      41)
        42                  41             0.39306   (      42)
        43                  41             0.39306   (      43)
        44                  41             0.39306   (      44)
        45                  41             0.39306   (      45)
        46                  41             0.39306   (      46)
        47                  41             0.41311   (      47)
        48                  41             0.41410   (      48)
        49                  41             0.41410   (      49)
        50                  41             0.56586   (      50)
        51                  41             0.58106   (      51)
        52                  41             1.00000   (      52)
        53                  41             1.00000   (      53)
        54                  41             1.00000   (      54)
        55                  41             1.00000   (      55)
        56                  41             1.00000   (      56)
        57                  41             1.00000   (      57)
        58                  41             1.00000   (      58)
        59                  41             1.00000   (      59)
        60                  41             1.00000   (      60)
        61                  41             1.00000   (      61)
        62                  41             1.00000   (      62)
        63                  41             1.00000   (      63)
        64                  41             1.00000   (      64)
        65                  42             0.31289   (      65)
        66                  42             0.34523   (      66)
        67                  42             0.39306   (      67)
        68                  42             0.39306   (      68)
        69                  42             0.44305   (      69)
        70                  42             0.45498   (      70)
        71                  42             0.45524   (      71)
        72                  42             0.47711   (      72)
        73                  42             0.47711   (      73)
        74                  42             0.47968   (      74)
        75                  42             0.48417   (      75)
        76                  42             0.54521   (      76)
        77                  42             0.58861   (      77)
        78                  42             0.58861   (      78)
        79                  42             0.58861   (      79)
        80                  42             0.61122   (      80)
        81                  42             0.75966   (      81)
        82                  42             0.83864   (      82)
        83                  42             0.87498   (      83)
        84                  42             0.87498   (      84)
        85                  42             0.87498   (      85)
        86                  42             0.87498   (      86)
        87                  42             0.88047   (      87)
        88                  42             1.00000   (      88)
        89                  42             1.00000   (      89)
        90                  42             1.00000   (      90)
        91                  42             1.00000   (      91)
        92                  42             1.00000   (      92)
        93                  42             1.00000   (      93)
        94                  42             1.00000   (      94)
        95                  42             1.00000   (      95)
        96                  42             1.00000   (      96)
        97                  42             1.00000   (      97)
        98                  42             1.00000   (      98)
        99                  42             1.00000   (      99)
       100                  42             1.00000   (     100)
