        Rank        RMSE       MaxAE  Feature_ID
           1    2.992138    9.090625  (    6158   10025)
           2    3.018116    9.000918  (    5501   10025)
           3    3.060622    9.224319  (    6158   10194)
           4    3.074896    8.974027  (    4302   10083)
           5    3.087897    9.129076  (    5501   10194)
           6    3.128959    9.754093  (    4302   10024)
           7    3.151550    8.622566  (    6158   10006)
           8    3.154285    9.834589  (    4302   10009)
           9    3.186253    8.661540  (    5501   10006)
          10    3.208744   11.243251  (      70   10025)
          11    3.209612   10.169155  (    5644   10025)
          12    3.214992    8.159957  (    4302   14650)
          13    3.219965    8.345023  (    3237   10006)
          14    3.220630    9.148178  (    4302   10305)
          15    3.221074   11.085620  (     180   10005)
          16    3.221225    6.932029  (    4302   10031)
          17    3.223145    8.997586  (    4302   10390)
          18    3.224189   11.465516  (      70   10050)
          19    3.228563    9.264443  (    4302   10363)
          20    3.234162    9.210177  (    4302   10190)
          21    3.241764    8.691692  (    6158   10030)
          22    3.248607   11.212225  (     405   10001)
          23    3.259981   11.196334  (     257   11173)
          24    3.260005   11.196063  (     257   11169)
          25    3.260065    8.066382  (    3237   10005)
          26    3.260561    9.496039  (    6317   10006)
          27    3.267674    8.728156  (    5501   10030)
          28    3.269293    9.023112  (    4302   10181)
          29    3.271609   11.271931  (     180   10006)
          30    3.273304    9.081528  (    8380   10833)
          31    3.279541   10.595700  (    5982   12802)
          32    3.282954   10.695806  (    6317   10024)
          33    3.285035    8.760323  (    4302   10050)
          34    3.285533    8.188149  (    6158   10031)
          35    3.287148    8.775072  (    4302   10004)
          36    3.289351    8.813572  (    4302   10122)
          37    3.299801    8.902026  (    4302   10135)
          38    3.300824    8.586385  (    4302   10030)
          39    3.301509    8.935925  (    6762   10006)
          40    3.301916   10.341421  (    4302   14775)
          41    3.306876    8.902944  (    4302   10203)
          42    3.307627    8.918248  (    4302   10173)
          43    3.310010    8.103242  (    5501   10031)
          44    3.310993    8.911841  (    4302   10204)
          45    3.312119    8.920793  (    4302   10180)
          46    3.313010    8.932402  (    4302   10168)
          47    3.314623    8.922124  (    4302   10185)
          48    3.317196    8.923433  (    4302   10191)
          49    3.318469    8.911239  (    4302   10216)
          50    3.322188    8.925821  (    4302   10201)
          51    3.322591    8.931178  (    4302   10174)
          52    3.329867    9.505369  (    4302   11169)
          53    3.330218    9.505732  (    4302   11173)
          54    3.330628    8.378475  (    6158   10005)
          55    3.331505   10.803883  (    6317   10009)
          56    3.334332    8.934541  (    4302   10192)
          57    3.335170    8.936059  (    4302   10189)
          58    3.337216    8.898095  (    4302   10234)
          59    3.337608    8.859406  (    4302   10275)
          60    3.338518    8.939539  (    4302   10261)
          61    3.338981    8.895861  (    4302   10238)
          62    3.341101    8.746264  (    4302   10176)
          63    3.341621    8.935818  (    4302   10200)
          64    3.341883    8.672021  (    6762   10005)
          65    3.342915   11.726454  (    1915   10005)
          66    3.343726   11.394948  (      70   10030)
          67    3.348245    9.258278  (    6317   10005)
          68    3.349441    8.721130  (    4302   10182)
          69    3.350831    9.085838  (    4302   10281)
          70    3.360361    9.961401  (      70   10031)
          71    3.361151    9.107278  (    4302   10312)
          72    3.361228    8.419707  (    5501   10005)
          73    3.361647    9.282467  (    6158   10305)
          74    3.361728   11.052399  (      70   10194)
          75    3.362644   11.837729  (    4034   10001)
          76    3.362716    9.947408  (    5644   10194)
          77    3.370433    9.106853  (    5173   10572)
          78    3.370805    8.313878  (    4302   10025)
          79    3.372018    9.227245  (    6158   10312)
          80    3.374033    8.819318  (    4302   10212)
          81    3.374269    9.207341  (    6158   10281)
          82    3.380477    9.579982  (    3237   10024)
          83    3.381576   10.352431  (    7221   10024)
          84    3.382322    8.850455  (    8223   10572)
          85    3.383736    9.403596  (    8380   15145)
          86    3.383925   11.637724  (      70   10135)
          87    3.387868    9.644984  (    3237   10009)
          88    3.388885    9.313528  (    5501   10305)
          89    3.396583    9.535128  (     469   10006)
          90    3.397033   11.536489  (      70   10182)
          91    3.397347   11.552181  (      70   10176)
          92    3.397414    9.050894  (    6713   10572)
          93    3.397669    9.258630  (    5501   10312)
          94    3.397785   11.560733  (     645   10005)
          95    3.398724   12.075166  (    5931   10025)
          96    3.400027    9.238924  (    5501   10281)
          97    3.402366    9.033530  (    7051   10572)
          98    3.406046    9.510329  (     114   10024)
          99    3.406114   11.372659  (     306   10005)
         100    3.407834   11.901865  (    1915   10006)
