        Rank        RMSE       MaxAE  Feature_ID
           1    4.627728   17.325335  (       1)
           2    4.649612   17.345453  (       2)
           3    4.664464   17.364148  (       3)
           4    4.668269   17.364319  (       4)
           5    4.670541   17.360137  (       5)
           6    4.674047   17.357543  (       6)
           7    4.674723   17.377810  (       7)
           8    4.676007   17.354908  (       8)
           9    4.676305   17.353006  (       9)
          10    4.679747   17.386578  (      10)
          11    4.694574   17.456118  (      11)
          12    4.695829   17.419192  (      12)
          13    4.737497   18.496466  (      13)
          14    4.739052   16.968291  (      14)
          15    4.741418   15.893599  (      15)
          16    4.741997   17.428613  (      16)
          17    4.742278   16.515275  (      17)
          18    4.750024   17.398188  (      18)
          19    4.751631   16.971112  (      19)
          20    4.754923   18.303063  (      20)
          21    4.756987   16.981764  (      21)
          22    4.757265   15.105500  (      22)
          23    4.758948   16.976217  (      23)
          24    4.762018   17.469020  (      24)
          25    4.762175   16.972406  (      25)
          26    4.763686   16.967298  (      26)
          27    4.763769   16.964236  (      27)
          28    4.764106   16.998716  (      28)
          29    4.769475   17.009256  (      29)
          30    4.784628   17.033135  (      30)
          31    4.786918   17.089889  (      31)
          32    4.792712   16.357138  (      32)
          33    4.794180   17.247017  (      33)
          34    4.797025   17.831058  (      34)
          35    4.801448   16.365211  (      35)
          36    4.803684   15.822038  (      36)
          37    4.805949   16.069101  (      37)
          38    4.812305   16.455827  (      38)
          39    4.812461   17.672538  (      39)
          40    4.817011   17.841753  (      40)
          41    4.820028   17.545418  (      41)
          42    4.821080   15.598450  (      42)
          43    4.821360   18.267833  (      43)
          44    4.828114   16.300255  (      44)
          45    4.829365   17.543385  (      45)
          46    4.832626   17.058800  (      46)
          47    4.832676   17.518689  (      47)
          48    4.832697   17.437988  (      48)
          49    4.833331   15.363394  (      49)
          50    4.835131   17.600539  (      50)
          51    4.836823   18.287389  (      51)
          52    4.837222   17.008949  (      52)
          53    4.838619   15.955576  (      53)
          54    4.842274   17.025401  (      54)
          55    4.845126   15.905751  (      55)
          56    4.848388   17.474097  (      56)
          57    4.851566   17.613882  (      57)
          58    4.852425   17.568933  (      58)
          59    4.853782   17.104429  (      59)
          60    4.855399   17.565937  (      60)
          61    4.855713   17.673998  (      61)
          62    4.857460   17.579803  (      62)
          63    4.858035   17.618778  (      63)
          64    4.858826   17.109933  (      64)
          65    4.858839   17.641361  (      65)
          66    4.859505   17.564463  (      66)
          67    4.861367   13.757579  (      67)
          68    4.861721   17.357772  (      68)
          69    4.862878   18.521352  (      69)
          70    4.866199   13.920462  (      70)
          71    4.866264   18.660427  (      71)
          72    4.867410   17.461594  (      72)
          73    4.869412   17.648729  (      73)
          74    4.869681   17.329808  (      74)
          75    4.869803   17.371114  (      75)
          76    4.870276   15.100073  (      76)
          77    4.870450   16.491010  (      77)
          78    4.873464   16.669260  (      78)
          79    4.873965   15.025044  (      79)
          80    4.876655   15.886818  (      80)
          81    4.877353   16.164076  (      81)
          82    4.877473   16.602303  (      82)
          83    4.877707   15.897228  (      83)
          84    4.879199   16.865406  (      84)
          85    4.881393   14.424001  (      85)
          86    4.881448   16.266589  (      86)
          87    4.884415   14.924904  (      87)
          88    4.884537   17.630598  (      88)
          89    4.885419   15.316229  (      89)
          90    4.885478   18.702475  (      90)
          91    4.886717   16.688980  (      91)
          92    4.888627   17.317380  (      92)
          93    4.889196   16.692853  (      93)
          94    4.889856   18.722214  (      94)
          95    4.891042   18.725687  (      95)
          96    4.891830   16.628804  (      96)
          97    4.891930   17.400046  (      97)
          98    4.891958   15.349293  (      98)
          99    4.892392   16.668434  (      99)
         100    4.892923   14.822589  (     100)
