The coordinates (x,y) of 2D-vertices arranged in clockwise direction
Task :    1
Hull    1
    0.0000000000E+00    0.0000000000E+00
    0.0000000000E+00    0.0000000000E+00
    0.0000000000E+00    0.1849120000E-02
    0.0000000000E+00    0.1066128000E+00
    0.0000000000E+00    0.1631137600E+00
    0.0000000000E+00    0.1849230600E+00
    0.0000000000E+00    0.2787543000E+00
    0.0000000000E+00    0.3418000000E+00
    0.2469000000E+00    0.5553025200E+00
    0.7099000000E+00    0.6094099000E+00
    0.1277800000E+01    0.3836867200E+00
    0.1280900000E+01    0.3190336000E+00
    0.1216000000E+01    0.1893539700E+00
    0.2685000000E+00   -0.9238337200E+00
Hull    2
    0.1540000000E-01   -0.1234648800E+00
    0.3400000000E-01    0.2966818400E+00
    0.4599000000E+00    0.3457948200E+00
    0.4784000000E+00    0.2675273200E+00
    0.4630000000E+00    0.9878141000E-01
    0.1850000000E-01   -0.6298945800E+00
