        Rank        RMSE       MaxAE  Feature_ID
           1    3.072916    8.292426  (       6   10001)
           2    3.096002   10.678930  (     111   13582)
           3    3.105487    9.232930  (       6   16801)
           4    3.108897    8.934920  (      13   10072)
           5    3.110574    8.198977  (    3038   10001)
           6    3.112478    7.927803  (      13   10001)
           7    3.113556    8.925558  (     621   10626)
           8    3.123733    8.472351  (      65   10246)
           9    3.124094    8.987577  (      23   10072)
          10    3.130049    8.227721  (      23   10001)
          11    3.130711    8.910524  (      12   10072)
          12    3.130838    7.992816  (      12   10001)
          13    3.133507   11.101093  (      65   12724)
          14    3.145603    9.004226  (    3038   10643)
          15    3.152292    9.814568  (    8486   10626)
          16    3.152586    9.310793  (       1   10001)
          17    3.156823    8.741345  (      46   10001)
          18    3.158689    9.304809  (       6   17203)
          19    3.159679    7.698573  (    3038   10325)
          20    3.159822    9.366927  (       6   11560)
          21    3.161000    8.650402  (       6   12028)
          22    3.161191    9.775668  (      39   16801)
          23    3.162544    9.287831  (    2882   10626)
          24    3.163962    9.258196  (       6   19090)
          25    3.164400   10.615954  (      39   13582)
          26    3.165010   10.622998  (      21   11776)
          27    3.166063   10.098871  (     917   16358)
          28    3.171546    9.776708  (     350   15193)
          29    3.172364    9.028565  (      43   10072)
          30    3.172774    8.977785  (    4352   10643)
          31    3.176911   10.993166  (      27   13582)
          32    3.177021    8.482286  (      43   10001)
          33    3.179744    9.972472  (     929   17203)
          34    3.180872    8.036658  (       6   13543)
          35    3.180979    8.674686  (      23   10181)
          36    3.181856    9.353516  (    1931   14414)
          37    3.181876    9.142167  (       6   18828)
          38    3.182017   10.456789  (      12   11776)
          39    3.183489    9.817060  (     929   15193)
          40    3.184673    9.385219  (     111   10542)
          41    3.184704   10.871531  (       1   13582)
          42    3.184792   10.781774  (     181   13582)
          43    3.184794    8.384545  (      96   10246)
          44    3.186271    8.987717  (      28   10072)
          45    3.187136    9.197773  (     604   10626)
          46    3.188769    8.720961  (      65   19587)
          47    3.191501   10.823984  (     197   13582)
          48    3.192497    8.291756  (    4352   10001)
          49    3.192931    8.630787  (      41   10001)
          50    3.193328    8.154433  (    3038   12518)
          51    3.193875   10.153528  (    9340   10542)
          52    3.194313   10.451674  (      96   10221)
          53    3.194377    9.133349  (     461   10626)
          54    3.194462   10.832031  (     206   13582)
          55    3.194869   10.165858  (     929   19851)
          56    3.197370    8.358864  (     113   10246)
          57    3.197583    8.570914  (     111   10626)
          58    3.198378    8.651191  (     181   10626)
          59    3.198542    8.985709  (      28   10181)
          60    3.198607   10.088576  (    8145   10542)
          61    3.198693    8.651591  (       6   13861)
          62    3.199326    8.370151  (      13   10181)
          63    3.199708    8.169402  (     530   10246)
          64    3.199790   10.251755  (      96   18036)
          65    3.199972   11.267539  (      65   10282)
          66    3.199979   10.633992  (      67   12724)
          67    3.200654    8.931005  (      43   10181)
          68    3.201865    9.047477  (      57   10072)
          69    3.201963    9.164720  (     707   10626)
          70    3.202155    9.318366  (     355   10626)
          71    3.202277    9.995302  (       1   10215)
          72    3.202355    9.038017  (      41   10072)
          73    3.202413    8.897565  (       1   10067)
          74    3.202853    8.552810  (     181   10710)
          75    3.203259    9.210493  (      39   16358)
          76    3.204122    8.240325  (       6   17097)
          77    3.204839    9.467464  (       6   15193)
          78    3.204866    9.325650  (      65   18741)
          79    3.205278    8.604094  (      57   10001)
          80    3.205991    7.926356  (    4352   10325)
          81    3.206252   10.310121  (     350   19851)
          82    3.206813    9.770894  (      65   12065)
          83    3.208717   10.129693  (     929   18864)
          84    3.209424    9.976549  (       1   10239)
          85    3.209563    9.781158  (      65   10963)
          86    3.209835    9.772891  (      28   15193)
          87    3.209998    9.769925  (    2399   10626)
          88    3.210024    9.337010  (     461   14414)
          89    3.210199    9.870923  (      41   15193)
          90    3.210617   10.249367  (    1654   15193)
          91    3.211262    8.059289  (      65   10160)
          92    3.212296    8.797758  (     917   10626)
          93    3.213069   10.273836  (     350   18864)
          94    3.214084    9.221085  (      13   15476)
          95    3.214175    8.615852  (     206   10626)
          96    3.214992    8.304428  (    2474   19587)
          97    3.215275   10.201745  (     350   11560)
          98    3.215334    9.491073  (       6   10654)
          99    3.215384    8.595839  (     197   10626)
         100    3.215476   10.139350  (     350   17203)
