Model_ID, [(c_i,i=0,n)_j,j=1,ntask]
           1    0.8679238716E+02    0.1438435503E+03    0.8022267434E+03
           2    0.2113133122E+03    0.1123984379E+03   -0.6145740210E+03
           3    0.1771700567E+03    0.8777821509E+02   -0.6389699591E+03
           4    0.2102593713E+03    0.1130113934E+03    0.5953802473E+03
           5    0.2987626899E+03   -0.1972197902E+03    0.1845904295E+03
           6    0.9538676185E+02    0.1083311194E+03    0.8213005065E+03
           7    0.2116960220E+03   -0.1127807639E+03    0.6047056883E+03
           8    0.1048881614E+03    0.1032938633E+03    0.5354027180E+03
           9    0.2463051577E+03   -0.1845474271E+03   -0.1712812227E+03
          10    0.2124271231E+03    0.1092330070E+03    0.5561175440E+03
          11    0.1049322349E+03    0.1032376177E+03   -0.5365564966E+03
          12    0.1136353180E+03    0.1021054804E+03   -0.3998476427E+03
          13    0.2120516085E+03    0.1096833646E+03   -0.5387312856E+03
          14    0.3083521943E+03   -0.1886820610E+03   -0.2018515409E+03
          15    0.1124040130E+03    0.1036318890E+03    0.3586601105E+03
          16    0.2168360870E+03    0.1102375282E+03   -0.5425541644E+03
          17    0.2222679240E+03    0.1071876499E+03    0.8005968083E+03
          18    0.3078628948E+03   -0.1887208693E+03    0.2006313278E+03
          19    0.2223935751E+03    0.1055565015E+03    0.8203213059E+03
          20    0.9690151519E+02    0.1067907498E+03   -0.8491076574E+03
          21    0.3073761938E+03   -0.1915987357E+03   -0.1999122492E+03
          22    0.3073694760E+03   -0.1887589814E+03   -0.1994022042E+03
          23    0.2452624103E+03   -0.1801652967E+03    0.1573890673E+03
          24    0.2425400728E+03   -0.1935869896E+03    0.1643627658E+03
          25    0.1795907497E+03    0.8507268359E+02    0.5737604743E+03
          26    0.1194521910E+03    0.1005029029E+03   -0.5655598336E+03
          27    0.2120376891E+03   -0.1112287222E+03    0.6468219287E+03
          28    0.2119734081E+03   -0.1125265903E+03    0.6416166655E+03
          29    0.2197383211E+03    0.1065872712E+03    0.8823653635E+03
          30    0.1203195666E+03    0.9979190089E+02    0.5788312487E+03
          31    0.1343785983E+03    0.1013652865E+03   -0.4421619358E+03
          32    0.6865927402E+02    0.1182605635E+03   -0.3013961430E+03
          33    0.1145391238E+03    0.1020195905E+03   -0.8636113845E+03
          34    0.2197474542E+03    0.1082555972E+03    0.8549938640E+03
          35    0.9836959010E+02    0.1060313316E+03    0.5515086497E+03
          36    0.9841678332E+02    0.1059811012E+03   -0.5521770890E+03
          37    0.9867050377E+02    0.1055755090E+03    0.5449069384E+03
          38    0.2470114514E+03   -0.1842164507E+03    0.1704279292E+03
          39    0.9870159014E+02    0.1055234931E+03   -0.5460968875E+03
          40    0.2146519484E+03    0.1080626967E+03    0.5811924355E+03
          41    0.1145519797E+03    0.1018106424E+03   -0.4179499995E+03
          42    0.2225426541E+03    0.1078346328E+03   -0.7653089457E+03
          43    0.2606598986E+03    0.1368128247E+03    0.7929889714E+03
          44    0.1132128789E+03    0.1027260347E+03    0.4034468686E+03
          45    0.2469631795E+03   -0.1836765543E+03   -0.1698820410E+03
          46    0.1134576333E+03    0.1024457135E+03    0.4105618941E+03
          47    0.1070190296E+03    0.1016916267E+03    0.5383088633E+03
          48    0.1169244717E+03    0.1012583975E+03   -0.5966345114E+03
          49    0.1142966132E+03    0.1018864672E+03   -0.4179715835E+03
          50    0.2128252222E+03    0.1077894852E+03    0.5928323958E+03
          51    0.2170741645E+03    0.1094331248E+03    0.5884293931E+03
          52    0.2166560892E+03    0.1095414121E+03    0.5912971698E+03
          53    0.1152787387E+03    0.1014082755E+03    0.8753935346E+03
          54    0.8876613329E+02    0.1103240100E+03    0.1746924454E+03
          55    0.1139307959E+03    0.1020002391E+03   -0.4176762590E+03
          56    0.2166767759E+03    0.1096327336E+03    0.5896408673E+03
          57    0.3018064344E+03   -0.1909243215E+03    0.1918103516E+03
          58    0.2470218622E+03   -0.1774289775E+03   -0.1706951608E+03
          59    0.2461161055E+03    0.8293633247E+02    0.1368098138E+03
          60    0.1128907175E+03    0.1033054856E+03   -0.3795901019E+03
          61    0.1177310149E+03    0.1005395077E+03    0.6140675036E+03
          62    0.2468247415E+03   -0.1831784683E+03   -0.1686842348E+03
          63    0.2540801303E+03   -0.1135329759E+03    0.1669485110E+03
          64    0.1133949407E+03    0.1033498858E+03    0.3673802220E+03
          65    0.2163272615E+03    0.1098078560E+03    0.5891110618E+03
          66    0.1136042011E+03    0.1021030942E+03   -0.4162244441E+03
          67    0.2225979627E+03    0.1081478370E+03    0.7651904835E+03
          68    0.2478600249E+03   -0.1813218237E+03   -0.1726425042E+03
          69    0.1133629626E+03    0.1137068784E+03   -0.2609178372E+03
          70    0.2586210298E+03   -0.1286990230E+03    0.1824163154E+03
          71    0.1229777612E+03    0.1401455803E+03    0.1266050154E+03
          72    0.1147673184E+03    0.1012223567E+03   -0.4195524755E+03
          73    0.2128776025E+03    0.1088607294E+03    0.5851567555E+03
          74    0.1149913900E+03    0.1013409538E+03    0.4210181226E+03
          75    0.2116756258E+03    0.1084968076E+03   -0.5776734908E+03
          76    0.9693432041E+02    0.1116312502E+03   -0.7730809159E+03
          77    0.2227267277E+03    0.1070877164E+03    0.7741458703E+03
          78    0.1128668517E+03    0.1035094399E+03    0.3667357038E+03
          79    0.9676948351E+02    0.1134823190E+03   -0.4888628464E+03
          80    0.1146224562E+03    0.1014559321E+03    0.4207170944E+03
          81    0.2477097348E+03   -0.1793648135E+03   -0.1728463818E+03
          82    0.2176290413E+03    0.1097721902E+03   -0.5716639224E+03
          83    0.1319287229E+03    0.1024023342E+03   -0.2233134727E+03
          84    0.1418854155E+03    0.9905000952E+02    0.8659985647E+02
          85    0.2173158987E+03    0.1099312160E+03   -0.5738328016E+03
          86    0.2577568894E+03   -0.1286152395E+03   -0.1802551461E+03
          87    0.2585313643E+03   -0.1282685314E+03   -0.1816295162E+03
          88    0.3051363582E+03   -0.1831518045E+03   -0.1881146822E+03
          89    0.1232874225E+03    0.1396511989E+03    0.1274840768E+03
          90    0.1135159831E+03    0.1021323933E+03   -0.4113687048E+03
          91    0.2169306921E+03    0.1101258625E+03   -0.5749198975E+03
          92    0.1147488917E+03    0.1013648354E+03    0.4206944207E+03
          93    0.9798253743E+02    0.1139657487E+03   -0.4702968859E+03
          94    0.2168768187E+03    0.1090480654E+03   -0.5795206732E+03
          95    0.1142922458E+03    0.1015611435E+03    0.4192068771E+03
          96    0.8854890742E+02    0.1090313368E+03   -0.1905815940E+03
          97    0.2162980011E+03    0.1147732477E+03    0.1211515533E+03
          98    0.2477799527E+03   -0.1773098908E+03    0.1712307367E+03
          99    0.1193608052E+03    0.1009425905E+03   -0.5348092757E+03
         100    0.9431684265E+02    0.1146556176E+03   -0.5065546663E+03
