Model_ID, [(c_i,i=0,n)_j,j=1,ntask]
           1    0.4980618756E+01   -0.2874052642E+02
           2    0.5211868762E+01   -0.2368543084E+02
           3    0.4569380460E+01   -0.2926276706E+02
           4    0.4738405727E+01    0.2423586594E+02
           5    0.3424959142E+01   -0.1055910352E+02
           6    0.4075518232E+01    0.2339358953E+02
           7    0.3533568975E+01    0.2387646744E+02
           8    0.3552025722E+01    0.2385150208E+02
           9    0.4604183192E+01    0.2090138449E+02
          10    0.3427816670E+01    0.2400939799E+02
          11    0.5123877995E+01   -0.1308067028E+02
          12    0.1773003112E+01   -0.2612485939E+02
          13    0.1627106124E+01   -0.2598104869E+02
          14    0.3274848766E+01    0.2416517908E+02
          15    0.3339381606E+01    0.2410107440E+02
          16    0.3633420790E+01    0.2372783498E+02
          17    0.3326906487E+01    0.2411179111E+02
          18    0.2891794438E+01    0.1238299457E+02
          19    0.3707759605E+01    0.2363374702E+02
          20    0.5625451822E+01   -0.1953932802E+02
          21    0.4312490143E+01    0.1073117181E+02
          22    0.5280760506E+01   -0.1502930637E+02
          23    0.2467296353E+01    0.2535010381E+02
          24    0.3798216783E+01    0.2344196424E+02
          25    0.1942315297E+01    0.2553264100E+02
          26    0.3748963604E+01    0.2355142628E+02
          27    0.3221684923E+01    0.2419257931E+02
          28    0.2809522191E+01    0.1146691620E+02
          29    0.3254301229E+01    0.2413223509E+02
          30    0.3170354858E+01   -0.2430393902E+02
          31    0.1953541157E+01    0.1382707314E+02
          32    0.1407636432E+01    0.2621857001E+02
          33    0.4318355014E+01    0.1730845888E+02
          34    0.2221025436E+01   -0.2478096961E+02
          35    0.2494491139E+01    0.2441088569E+02
          36    0.4288504416E+01    0.1710691391E+02
          37    0.2595886581E+01    0.2492286218E+02
          38    0.5229690960E+01    0.2881858451E+02
          39    0.2775781089E+01    0.2457875067E+02
          40    0.4602759299E+01    0.2471578797E+02
          41    0.2475677217E+01    0.2483980661E+02
          42    0.3859612000E+01    0.9750818094E+01
          43    0.3203023846E+00    0.2752157010E+02
          44    0.3465597104E+01    0.3146372257E+02
          45    0.1835087259E+02   -0.1232681392E+02
          46    0.4000748901E+01    0.1728310858E+02
          47    0.2906653317E+01    0.2399740651E+02
          48    0.4051871480E+01   -0.1723638118E+02
          49    0.2032450693E+01    0.2496401848E+02
          50    0.4235479809E+01    0.1709420191E+02
          51    0.4107153876E+01   -0.1718202011E+02
          52    0.4209285147E+01   -0.1707261788E+02
          53    0.4185021333E+01    0.1711279816E+02
          54    0.4675038854E+01    0.8656446064E+01
          55    0.1674697043E+02    0.2029481236E+02
          56    0.3574182368E+01   -0.8301115663E+01
          57    0.1804132849E+02   -0.1276632467E+02
          58    0.4419608532E+01    0.1455975322E+02
          59    0.3783309956E+01    0.1940378118E+02
          60    0.2675491245E+02   -0.1382757273E+02
          61    0.3947589430E+01   -0.1730749179E+02
          62    0.3123991310E+01    0.1064664152E+02
          63   -0.1636080893E+01    0.4171000486E+02
          64    0.3923443877E+01    0.1734688907E+02
          65    0.2773698982E+01    0.2462134716E+02
          66    0.2576163239E+01    0.2356158219E+02
          67    0.3505276904E+01    0.2296060642E+02
          68    0.3903691397E+01   -0.1731338277E+02
          69    0.1121752721E+02   -0.1265818012E+02
          70    0.2442982728E+01    0.2343944973E+02
          71    0.4377200835E+01    0.9066557894E+01
          72    0.5480454962E+01    0.2178824281E+02
          73    0.1667573187E+02    0.1914596721E+02
          74    0.1699285073E+02   -0.1069026285E+02
          75    0.2590415421E+02   -0.1311549381E+02
          76    0.4397895865E+01    0.8278360194E+01
          77    0.1665680631E+02    0.2066451885E+02
          78    0.5139938055E+01   -0.2002837997E+02
          79    0.3907712748E+01   -0.2249338491E+02
          80    0.2416178032E+01    0.1177859803E+02
          81    0.4657047034E+01    0.1119165266E+02
          82    0.3690500501E+01    0.2264445706E+02
          83    0.3688295848E+01   -0.2277888825E+02
          84    0.3910022125E+01   -0.2251007701E+02
          85    0.4468329899E+01    0.1929705738E+02
          86    0.3694041964E+01   -0.2261026198E+02
          87    0.3690449821E+01   -0.2279605180E+02
          88    0.4452526406E+01    0.1677494113E+02
          89    0.4362156343E+01    0.2271311986E+02
          90    0.3587955578E+01   -0.1275606331E+02
          91    0.3836950034E+01    0.3201169710E+02
          92    0.1243017895E+01    0.2622792091E+02
          93    0.5352399980E+01   -0.3074343639E+02
          94    0.4890569012E+01    0.1754327856E+02
          95    0.1889485483E+01    0.2707069844E+02
          96    0.3699196424E+01    0.2283206139E+02
          97    0.3997547559E+01    0.8784215978E+01
          98    0.4114352407E+01   -0.1275370662E+02
          99    0.3601426949E+01    0.2000076311E+02
         100    0.4422775449E+01    0.1437180614E+02
