        Rank        RMSE       MaxAE  Feature_ID
           1    2.923344    7.646529  (    4195   11538)
           2    3.018972    7.576283  (    7627   11538)
           3    3.028904    7.448774  (    8571   11538)
           4    3.071006    9.065691  (    3641   11538)
           5    3.075045    8.077772  (    4195   13338)
           6    3.095427    7.827886  (    4195   10875)
           7    3.107045    5.861662  (    8737   11135)
           8    3.119589    8.923633  (     105   10208)
           9    3.120404    8.490665  (    4195   12745)
          10    3.121329    9.268829  (    2844   11538)
          11    3.128880    9.348790  (    3896   11538)
          12    3.129246    8.698527  (    4934   11538)
          13    3.134546    7.396822  (       2   10075)
          14    3.138304    9.528694  (    3202   11538)
          15    3.175679    7.844478  (    7627   10875)
          16    3.175888    8.559952  (    5123   11538)
          17    3.183291    8.068440  (    7627   13338)
          18    3.184089    7.988343  (    8571   10875)
          19    3.187181    7.726847  (    4195   13889)
          20    3.188254    9.717896  (    2829   11538)
          21    3.188406    8.216646  (    8571   13338)
          22    3.192554    8.906825  (    3641   13889)
          23    3.192652    7.173547  (    2600   10086)
          24    3.198561    9.401822  (    8629   11538)
          25    3.199334    8.739198  (    5039   11538)
          26    3.208727    9.413315  (       6   10208)
          27    3.209870   10.140119  (    6553   13889)
          28    3.210804    8.425921  (    7627   12745)
          29    3.213516    7.643337  (    8737   10963)
          30    3.213588    8.723223  (    3641   13338)
          31    3.213689    7.644504  (      20   10075)
          32    3.217872   10.183091  (    6618   13889)
          33    3.220903    9.827981  (    3641   12745)
          34    3.221763    8.304009  (    8571   12745)
          35    3.223635    9.518012  (       1   10001)
          36    3.227448    8.884253  (    2844   13338)
          37    3.227454    9.037840  (     679   10208)
          38    3.232077    8.577913  (    3641   10875)
          39    3.233931    7.299065  (    4005   10086)
          40    3.235635    9.165372  (    3896   13889)
          41    3.237866    7.349369  (      21   10088)
          42    3.240451    9.031510  (    1258   10208)
          43    3.240879    9.058297  (     562   10208)
          44    3.249569   10.571556  (    6553   11538)
          45    3.251663    6.813607  (      55   13915)
          46    3.251777    7.623753  (    7627   13889)
          47    3.253532    9.097036  (     657   10208)
          48    3.256518    9.396108  (      21   10338)
          49    3.257858    9.494161  (    7156   11538)
          50    3.259157   10.617717  (    6618   11538)
          51    3.261211   10.011813  (    2844   12745)
          52    3.261561    9.290199  (    8362   11538)
          53    3.262025    9.329768  (    7609   11538)
          54    3.262502    8.001959  (       4   10067)
          55    3.262825    8.457027  (       2   10043)
          56    3.263030    9.369914  (    3202   13889)
          57    3.263916    9.507230  (    5219   11538)
          58    3.264495    9.721821  (    7218   11538)
          59    3.266126    7.508404  (    8571   13889)
          60    3.266905    7.492912  (    8737   10958)
          61    3.266967    9.173965  (    8531   11538)
          62    3.269489    8.268043  (       5   10338)
          63    3.270729    9.494937  (    7120   11538)
          64    3.272093    9.126619  (    8935   11538)
          65    3.272098    9.467103  (    7880   11538)
          66    3.272151   10.099729  (    3896   12745)
          67    3.273621    9.040808  (    9804   11538)
          68    3.273691    9.501023  (    7155   11538)
          69    3.273976   11.053402  (       1   10002)
          70    3.274951    6.587919  (      77   13915)
          71    3.275493    9.983192  (     984   10208)
          72    3.275726    9.199068  (    3202   13338)
          73    3.276849    9.164801  (    2844   13889)
          74    3.277140   10.073349  (    2199   11538)
          75    3.278518    9.508698  (    7238   11538)
          76    3.278791   10.271098  (    3202   12745)
          77    3.278811    9.425032  (    8251   11538)
          78    3.279420    9.031684  (    3896   13338)
          79    3.280927    9.593341  (     248   12620)
          80    3.281200    8.819477  (    7315   10208)
          81    3.281618    9.783371  (     885   12620)
          82    3.282014    9.161124  (     404   10208)
          83    3.283847    9.457702  (    7962   11538)
          84    3.284469    9.521022  (    7159   11538)
          85    3.284484    9.702173  (     888   12620)
          86    3.284504    9.701934  (     889   12620)
          87    3.284640    8.195447  (    7308   10182)
          88    3.285115    9.587843  (    7094   11538)
          89    3.285444    9.543404  (    6671   11538)
          90    3.287575    9.434130  (    9527   11538)
          91    3.288610    7.687011  (    2542   10086)
          92    3.288936    9.741114  (    8780   11538)
          93    3.290521    9.504625  (    7900   11538)
          94    3.291086    8.876757  (    3896   10875)
          95    3.291674    7.446784  (    6469   12620)
          96    3.292308    9.998202  (     968   10208)
          97    3.294250   10.400658  (      21   10108)
          98    3.294336    9.503428  (    9297   11538)
          99    3.294677   10.008283  (     982   10208)
         100    3.294835    7.275699  (    5448   13889)
