        Rank        RMSE       MaxAE  Feature_ID
           1   12.003014   27.155096  (       1)
           2   12.214799   28.470839  (       2)
           3   12.219633   31.937184  (       3)
           4   12.233100   28.556724  (       4)
           5   12.261580   32.250789  (       5)
           6   12.285387   32.420075  (       6)
           7   12.339498   28.391507  (       7)
           8   12.341114   28.551037  (       8)
           9   12.426930   28.820027  (       9)
          10   12.435363   31.585470  (      10)
          11   12.453703   30.149019  (      11)
          12   12.495500   29.429991  (      12)
          13   12.500320   32.687912  (      13)
          14   12.508095   32.084005  (      14)
          15   12.517082   35.831104  (      15)
          16   12.578640   33.797088  (      16)
          17   12.581822   25.502155  (      17)
          18   12.581826   33.105103  (      18)
          19   12.588669   27.934387  (      19)
          20   12.596792   25.044556  (      20)
          21   12.608407   33.846065  (      21)
          22   12.609129   27.180244  (      22)
          23   12.617196   29.700373  (      23)
          24   12.631043   37.861793  (      24)
          25   12.635052   31.161790  (      25)
          26   12.640505   33.908386  (      26)
          27   12.644296   35.762390  (      27)
          28   12.644669   28.394236  (      28)
          29   12.663018   32.698485  (      29)
          30   12.665014   33.491893  (      30)
          31   12.666269   26.205393  (      31)
          32   12.666386   25.031581  (      32)
          33   12.666948   35.234293  (      33)
          34   12.668514   32.704223  (      34)
          35   12.673877   28.291630  (      35)
          36   12.673906   38.511238  (      36)
          37   12.675132   28.876406  (      37)
          38   12.676035   35.787855  (      38)
          39   12.685144   27.019678  (      39)
          40   12.685757   26.688239  (      40)
          41   12.685803   38.452071  (      41)
          42   12.686344   28.362538  (      42)
          43   12.687938   35.217027  (      43)
          44   12.695148   27.424636  (      44)
          45   12.696924   28.077390  (      45)
          46   12.696969   29.466740  (      46)
          47   12.697460   28.116916  (      47)
          48   12.702158   31.708967  (      48)
          49   12.706059   41.392055  (      49)
          50   12.710055   29.054774  (      50)
          51   12.714369   30.522732  (      51)
          52   12.715015   27.549848  (      52)
          53   12.722756   33.876869  (      53)
          54   12.724869   30.504498  (      54)
          55   12.732116   29.728546  (      55)
          56   12.734269   25.122966  (      56)
          57   12.735125   31.732475  (      57)
          58   12.748044   28.158341  (      58)
          59   12.749080   28.636498  (      59)
          60   12.751496   30.563930  (      60)
          61   12.757049   28.216259  (      61)
          62   12.766757   33.260805  (      62)
          63   12.767668   31.386390  (      63)
          64   12.769754   31.245275  (      64)
          65   12.773108   32.796171  (      65)
          66   12.775052   33.626114  (      66)
          67   12.779191   27.018402  (      67)
          68   12.780098   29.076392  (      68)
          69   12.786201   27.733727  (      69)
          70   12.787621   33.461750  (      70)
          71   12.790127   31.031668  (      71)
          72   12.791354   27.095648  (      72)
          73   12.792383   35.165578  (      73)
          74   12.794130   34.525128  (      74)
          75   12.796248   34.746713  (      75)
          76   12.796891   33.423610  (      76)
          77   12.799648   37.252224  (      77)
          78   12.804937   25.392162  (      78)
          79   12.810153   34.828608  (      79)
          80   12.810525   34.768202  (      80)
          81   12.811527   25.039170  (      81)
          82   12.813183   29.497250  (      82)
          83   12.814230   27.546070  (      83)
          84   12.816371   33.087400  (      84)
          85   12.819357   29.580049  (      85)
          86   12.819434   37.070746  (      86)
          87   12.820800   35.678933  (      87)
          88   12.825028   30.060730  (      88)
          89   12.828714   30.703346  (      89)
          90   12.830265   34.250359  (      90)
          91   12.831882   33.148308  (      91)
          92   12.834898   32.351193  (      92)
          93   12.834910   38.334170  (      93)
          94   12.835135   33.497086  (      94)
          95   12.838861   27.873769  (      95)
          96   12.842914   34.894980  (      96)
          97   12.843850   25.789274  (      97)
          98   12.844658   33.404005  (      98)
          99   12.844760   35.432354  (      99)
         100   12.845451   32.470053  (     100)
