Model_ID, [(c_i,i=0,n)_j,j=1,ntask]
           1    0.2515087414E+01    0.1541566122E+02   -0.6035407867E+03
           2    0.2545093652E+01    0.1539692868E+02   -0.6013166327E+03
           3    0.2556003111E+01    0.1539079396E+02   -0.6002541737E+03
           4    0.2159588883E+01    0.1577518299E+02   -0.5853649078E+03
           5    0.2566858486E+01    0.1538505464E+02   -0.5990599287E+03
           6    0.4212452783E+01    0.1444726677E+02   -0.1242080881E+04
           7    0.2701457836E+01    0.1531823066E+02   -0.5859851901E+03
           8    0.2596167340E+01    0.1537142147E+02   -0.5951360944E+03
           9    0.2915234485E+01    0.1543116657E+02   -0.1297447382E+04
          10    0.2361178804E+01    0.1558345306E+02   -0.5978337905E+03
          11    0.3226656321E+01    0.1788937272E+02    0.9084368005E+03
          12    0.2740641169E+01    0.1528168574E+02   -0.5748211407E+03
          13    0.2883203510E+01    0.1542153634E+02   -0.1302031785E+04
          14    0.2956152126E+01    0.1338310360E+02   -0.6104934366E+03
          15    0.3111851676E+01    0.1528983589E+02   -0.1292137016E+04
          16    0.2737885135E+01    0.1540691573E+02   -0.5677184780E+03
          17    0.2407685160E+01    0.1553994651E+02   -0.5866429133E+03
          18    0.3381304335E+01    0.2500976616E+02   -0.1213801463E+04
          19    0.3236957329E+01    0.1151370934E+02   -0.6043759360E+03
          20    0.2986488551E+01    0.1336612465E+02   -0.6081145765E+03
          21    0.3033091274E+01    0.1768782189E+02    0.4938477665E+03
          22    0.2601006797E+01    0.1370365442E+02   -0.5937738671E+03
          23    0.2626479084E+01    0.1677160309E+02   -0.1269797231E+04
          24    0.1656846238E+01    0.1884673438E+02    0.1223473104E+04
          25    0.2623678577E+01    0.1676995069E+02   -0.1270281136E+04
          26    0.2997538903E+01    0.1336054025E+02   -0.6069934017E+03
          27    0.1653218292E+01    0.1884605578E+02    0.1223886473E+04
          28    0.3265079435E+01    0.1150017227E+02   -0.6026059875E+03
          29    0.3137246243E+01    0.1329982371E+02   -0.5949443702E+03
          30    0.3008545765E+01    0.1335530142E+02   -0.6057393864E+03
          31    0.2902606701E+01    0.1822561648E+02    0.8845243922E+03
          32    0.3195814160E+01    0.1813636793E+02   -0.8661396887E+03
          33    0.3152304188E+01    0.1780198063E+02   -0.8934118192E+03
          34    0.3275343928E+01    0.1149575175E+02   -0.6017087959E+03
          35    0.3253411014E+01    0.1308089427E+02   -0.6222972807E+03
          36    0.2673003498E+01    0.9330574545E+01   -0.1197740260E+04
          37    0.2366709299E+01    0.1021953732E+02    0.8677744384E+03
          38    0.3410926086E+01    0.1144489419E+02   -0.5904984128E+03
          39    0.2650754357E+01    0.1840313205E+02    0.8842360118E+03
          40    0.2948295212E+01    0.1661279433E+02   -0.1262273683E+04
          41    0.3285579137E+01    0.1149162371E+02   -0.6006791115E+03
          42    0.3078987493E+01    0.1324297448E+02   -0.6251844681E+03
          43    0.2647898845E+01    0.1840173732E+02    0.8843127047E+03
          44    0.3234242972E+01    0.1767458233E+02    0.9102330271E+03
          45    0.3239358915E+01    0.1767026667E+02    0.9098098538E+03
          46    0.2908213354E+01    0.1797233389E+02   -0.8915246454E+03
          47    0.2462669852E+01    0.1820879429E+02    0.4827429136E+03
          48    0.2866165875E+01    0.1660339500E+02   -0.1261920154E+04
          49    0.3171996363E+01    0.1625333741E+02   -0.1281431881E+04
          50    0.2905514799E+01    0.1797080438E+02   -0.8916041789E+03
          51    0.3385221894E+01    0.1760281348E+02   -0.9013830290E+03
          52    0.3250032072E+01    0.1766139991E+02    0.9087775532E+03
          53    0.3171296139E+01    0.1549137566E+02   -0.6087106364E+03
          54    0.2533316879E+01    0.1537674974E+02   -0.8457515526E+03
          55    0.3431751695E+01    0.1300041734E+02   -0.6083681849E+03
          56    0.2459716033E+01    0.1820751730E+02    0.4828321660E+03
          57    0.2607231848E+01    0.1532404171E+02   -0.8094224743E+03
          58    0.2628361459E+01    0.9982697384E+01   -0.8731327692E+03
          59    0.3038321416E+01    0.1334277918E+02   -0.6016472369E+03
          60    0.2319438852E+01    0.1703105408E+02   -0.1273498504E+04
          61    0.3260629315E+01    0.1765278243E+02    0.9075491520E+03
          62    0.3285668017E+01    0.1306257946E+02   -0.6193175044E+03
          63    0.2053520783E+01    0.1831136427E+02    0.1093797711E+04
          64    0.2200883437E+01   -0.9471153318E+01    0.3327669329E+03
          65    0.3141011683E+01    0.1802209177E+02    0.8908283961E+03
          66    0.2318891340E+01    0.1036093798E+02   -0.8304868936E+03
          67    0.3313323715E+01    0.1148185867E+02   -0.5972003733E+03
          68    0.2267393891E+01    0.1822672572E+02    0.1255246413E+04
          69    0.2148231775E+01    0.1859537839E+02    0.1233864000E+04
          70    0.2716741288E+01    0.1802687959E+02    0.4812280000E+03
          71    0.3265655582E+01    0.1764876124E+02   -0.9068943281E+03
          72    0.2050242722E+01    0.1831034842E+02    0.1094129547E+04
          73    0.2365453262E+01    0.1552610251E+02   -0.5780610127E+03
          74    0.3448932324E+01    0.1141703044E+02   -0.5792574381E+03
          75    0.2264293524E+01    0.1822557127E+02    0.1255559541E+04
          76    0.3612194481E+01    0.1603568964E+02   -0.1222706002E+04
          77    0.2145044275E+01    0.1859432120E+02    0.1234137244E+04
          78    0.3177712589E+01    0.1326610271E+02   -0.5830340675E+03
          79    0.3077783668E+01    0.1304485805E+02   -0.6084744645E+03
          80    0.3297426666E+01    0.1305650177E+02   -0.6179734662E+03
          81    0.2362687920E+01    0.1822612897E+02    0.1490978600E+04
          82    0.9938528280E+00   -0.1606378360E+02    0.8956215653E+03
          83    0.2699814988E+01    0.1666370728E+02   -0.1274605145E+04
          84    0.2926929024E+01    0.1532809902E+02   -0.5345064904E+03
          85    0.2229607378E+01    0.1856647144E+02    0.1475780191E+04
          86    0.2359665644E+01    0.1822490929E+02    0.1491300101E+04
          87    0.2943002343E+01    0.1769064177E+02    0.1514414726E+04
          88    0.2866094430E+01    0.1847449504E+02   -0.8436830951E+03
          89    0.3538115510E+01    0.1281554829E+02   -0.1120819593E+04
          90    0.1942578746E+01    0.1863533901E+02    0.1207782727E+04
          91    0.2226488813E+01    0.1856534766E+02    0.1476070047E+04
          92    0.3309143823E+01    0.1305076803E+02   -0.6164952706E+03
          93    0.2267353342E+01    0.1824558632E+02    0.1250327754E+04
          94    0.1656802646E+01    0.1873620139E+02    0.1264743622E+04
          95    0.2167953228E+01    0.1844250823E+02    0.1223090406E+04
          96    0.2174717199E+01    0.1833423949E+02   -0.1261490125E+04
          97    0.2611397943E+01    0.1865335951E+02   -0.8429683069E+03
          98    0.2008823993E+01    0.1855651218E+02   -0.1240311506E+04
          99    0.3133438413E+01    0.1644965715E+02   -0.5384494766E+03
         100    0.2756768911E+01    0.1805666420E+02    0.9972916065E+03
