        Rank        RMSE       MaxAE  Feature_ID
           1   35.580604  121.823007  (       1)
           2   36.778556  105.752815  (       2)
           3   36.796548   96.430157  (       3)
           4   36.806846  113.770646  (       4)
           5   36.929743   99.700732  (       5)
           6   37.155310  105.563978  (       6)
           7   37.244395  113.906796  (       7)
           8   37.573525  119.836433  (       8)
           9   37.650412  111.973344  (       9)
          10   37.785745   98.870584  (      10)
          11   37.906742  111.631403  (      11)
          12   37.957069  109.224052  (      12)
          13   37.995257   96.279937  (      13)
          14   38.075244  127.193933  (      14)
          15   38.210470  124.496905  (      15)
          16   38.231232  115.878993  (      16)
          17   38.240203  119.599482  (      17)
          18   38.271552  129.951619  (      18)
          19   38.344982  100.085538  (      19)
          20   38.383547   95.553459  (      20)
          21   38.393607   97.750355  (      21)
          22   38.453834  122.836845  (      22)
          23   38.489230  118.678595  (      23)
          24   38.504701  108.466890  (      24)
          25   38.504739  109.508485  (      25)
          26   38.523494  122.895973  (      26)
          27   38.533159   84.942269  (      27)
          28   38.570811  121.428971  (      28)
          29   38.595096  121.117617  (      29)
          30   38.633399  116.660894  (      30)
          31   38.666306  123.672653  (      31)
          32   38.687061  109.390032  (      32)
          33   38.748619  103.686249  (      33)
          34   38.760837  114.789726  (      34)
          35   38.779862   94.182953  (      35)
          36   38.794198  112.208512  (      36)
          37   38.804383  117.533852  (      37)
          38   38.830489   98.364051  (      38)
          39   38.837564  122.836134  (      39)
          40   38.872439   97.565081  (      40)
          41   38.884350  109.917132  (      41)
          42   38.895989  122.096559  (      42)
          43   38.902603  102.425228  (      43)
          44   38.927810  124.544969  (      44)
          45   38.931793  117.996457  (      45)
          46   38.934427   94.972103  (      46)
          47   38.935133   97.723297  (      47)
          48   38.949225  124.100281  (      48)
          49   38.955540   92.813136  (      49)
          50   38.958093   99.880502  (      50)
          51   38.959523  122.689611  (      51)
          52   38.984827  101.406691  (      52)
          53   38.993373   97.687505  (      53)
          54   39.012470  107.432856  (      54)
          55   39.044381  106.877071  (      55)
          56   39.077613  117.948672  (      56)
          57   39.083183  110.731972  (      57)
          58   39.113934   98.166348  (      58)
          59   39.115509  119.107998  (      59)
          60   39.155670  113.104012  (      60)
          61   39.214417   97.363265  (      61)
          62   39.216571  115.955729  (      62)
          63   39.226998  119.032232  (      63)
          64   39.233223  116.069409  (      64)
          65   39.294499  110.500815  (      65)
          66   39.299015  108.846665  (      66)
          67   39.305885  124.343040  (      67)
          68   39.317727  102.019579  (      68)
          69   39.352038  100.065911  (      69)
          70   39.358270  103.578176  (      70)
          71   39.383552  107.377134  (      71)
          72   39.397945  103.912174  (      72)
          73   39.410629  118.181941  (      73)
          74   39.412870  100.210619  (      74)
          75   39.428024  129.297062  (      75)
          76   39.440148  119.497294  (      76)
          77   39.458805  106.737940  (      77)
          78   39.463742  117.619132  (      78)
          79   39.465021   98.876763  (      79)
          80   39.513322  104.325157  (      80)
          81   39.525358  102.761004  (      81)
          82   39.536112   95.065840  (      82)
          83   39.537667  108.399142  (      83)
          84   39.541767  113.888402  (      84)
          85   39.549922  103.510078  (      85)
          86   39.552954  105.512989  (      86)
          87   39.572088   85.132803  (      87)
          88   39.595215  122.655644  (      88)
          89   39.604208   98.059205  (      89)
          90   39.606895  107.840055  (      90)
          91   39.621901  122.379215  (      91)
          92   39.632358  105.573875  (      92)
          93   39.647693   94.593367  (      93)
          94   39.663285  100.143885  (      94)
          95   39.666460  117.257288  (      95)
          96   39.688167   87.697172  (      96)
          97   39.690312   94.930169  (      97)
          98   39.697497  100.142260  (      98)
          99   39.698536   97.529492  (      99)
         100   39.701565   99.035468  (     100)
