     Index              y_true              y_pred        descriptor_1
         1    0.9540000000E+01    0.1012848763E+02    0.1472546356E-01
         2    0.7980000000E+01    0.7710420913E+01    0.6833434734E-02
         3    0.7530000000E+01    0.8391077370E+01    0.9054945138E-02
         4    0.1128000000E+02    0.1052866552E+02    0.1603155465E-01
         5    0.1799000000E+02    0.1681776242E+02    0.3655776000E-01
         6    0.2455000000E+02    0.2441224765E+02    0.6134446080E-01
         7    0.3850000000E+02    0.3894793730E+02    0.1087857000E+00
         8    0.4660000000E+01    0.5616700593E+01    0.0000000000E+00
         9    0.6140000000E+01    0.5616700593E+01    0.0000000000E+00
