        Rank        RMSE       MaxAE  Feature_ID
           1   27.346479   74.504549  (     281   12164)
           2   27.495322   75.811108  (     281   11648)
           3   28.214777   75.585303  (     320   12164)
           4   28.225341   64.069800  (    1762   12164)
           5   28.338097   74.118844  (     281   10806)
           6   28.352882   76.865428  (     320   11648)
           7   28.429076   63.100450  (    1762   11648)
           8   28.532107   83.846075  (       2   12159)
           9   28.542782   72.261835  (     281   11390)
          10   28.568215   76.435140  (     281   10783)
          11   28.578598   77.489089  (     281   10594)
          12   28.609243   86.087133  (       2   12164)
          13   28.625932   87.024319  (       2   11648)
          14   28.749916   72.059805  (     281   11817)
          15   28.981321   77.995197  (     281   11646)
          16   29.042628   90.293500  (    9714   10104)
          17   29.045905   64.792624  (     135   15437)
          18   29.149301   75.199414  (     320   10806)
          19   29.173415   63.264443  (    1762   10806)
          20   29.177461   90.432823  (    9714   10172)
          21   29.182672   81.162400  (       2   14811)
          22   29.188167   90.782005  (    9714   10264)
          23   29.190767   62.830094  (    2123   12164)
          24   29.219220   84.883366  (       5   12159)
          25   29.253411   90.171561  (    9714   10059)
          26   29.266473   87.054864  (       5   12164)
          27   29.269244   68.429925  (     135   12164)
          28   29.280662   87.971429  (       5   11648)
          29   29.286649   85.755042  (       2   10806)
          30   29.292594   65.557573  (     205   12061)
          31   29.295602   90.532995  (    9714   10246)
          32   29.302868   64.494545  (    1762   11390)
          33   29.318875  106.943111  (    1683   15437)
          34   29.319579   88.374150  (       2   10594)
          35   29.342581   71.898095  (     281   13438)
          36   29.345121   73.377643  (     320   11390)
          37   29.358606   68.753397  (     205   10783)
          38   29.369215   90.564939  (    9714   10275)
          39   29.372621   79.206638  (     281   19852)
          40   29.378843   63.520606  (    2123   11648)
          41   29.384792   87.623250  (       2   10783)
          42   29.401389   65.182711  (     135   15755)
          43   29.426764   79.147488  (     281   19727)
          44   29.428220   72.924722  (     281   15437)
          45   29.438137   78.788004  (     281   10823)
          46   29.457473   90.743508  (    9714   10315)
          47   29.470587   91.937982  (    9714   10281)
          48   29.489070   65.266635  (     205   15437)
          49   29.506237   64.593525  (    1762   11817)
          50   29.541252   73.178288  (     320   11817)
          51   29.549585   80.554955  (     281   13251)
          52   29.566088   84.454059  (       2   11390)
          53   29.566786   81.856570  (    7869   11776)
          54   29.600692   83.977065  (       2   13406)
          55   29.602031   70.899113  (     205   10823)
          56   29.613113   84.157010  (       2   13708)
          57   29.622960   90.658527  (    9714   10368)
          58   29.624746   71.004569  (     135   11646)
          59   29.635967   79.762815  (     281   14435)
          60   29.637593   83.859794  (    8471   18870)
          61   29.638022  106.619231  (    1683   15755)
          62   29.642759   79.161618  (     281   15887)
          63   29.665556   79.436447  (     281   15025)
          64   29.670717   90.587973  (    9714   10307)
          65   29.684329   77.717641  (       2   15934)
          66   29.695160   63.022185  (    1762   10783)
          67   29.709701   79.732814  (     281   14349)
          68   29.734966   64.275733  (    1762   10594)
          69   29.737165   84.322879  (       2   11817)
          70   29.742386   90.941546  (    9714   10453)
          71   29.763765   73.740548  (     281   15755)
          72   29.774431   82.941481  (       2   15669)
          73   29.782177   85.672305  (       2   12326)
          74   29.782651   85.345925  (       2   11640)
          75   29.783236   68.457935  (     205   12164)
          76   29.787236   82.206706  (       5   14811)
          77   29.809846   65.175802  (     205   15755)
          78   29.852064   70.131983  (     135   11648)
          79   29.856098   90.397185  (    9714   10611)
          80   29.863824   66.997484  (     205   17334)
          81   29.876733   73.434430  (     281   16454)
          82   29.883646   85.142220  (       2   14067)
          83   29.885593   90.583322  (    9714   10458)
          84   29.891065   90.529036  (       2   13251)
          85   29.905168   70.347171  (     205   10594)
          86   29.905502   86.723317  (       5   10806)
          87   29.912487   79.124536  (     320   11646)
          88   29.936251   70.883223  (     205   11646)
          89   29.991370   92.085337  (    9714   10496)
          90   29.993284   84.836354  (       2   16454)
          91   29.997161   66.518969  (     205   19986)
          92   30.049508   90.787378  (    9714   10646)
          93   30.073743   81.672299  (     281   10984)
          94   30.074725   65.242377  (     205   16650)
          95   30.082243  118.977441  (     944   15437)
          96   30.084223   62.034580  (    2123   10806)
          97   30.084459   81.692074  (    8471   16513)
          98   30.089127   71.755988  (     135   10823)
          99   30.089565   81.376941  (    8471   14209)
         100   30.102469   73.015841  (     320   13438)
