     Index              y_true              y_pred        descriptor_1        descriptor_2
         1    0.1000000000E+00   -0.1087814524E+01   -0.1000000000E+01    0.0000000000E+00
         2    0.4090000000E+02    0.3693202842E+02    0.6350922500E+00    0.5666246572E-01
         3    0.1560000000E+01    0.1534061277E+01   -0.8210878100E+00   -0.1730664694E-02
         4    0.6650000000E+01    0.8397927061E+01   -0.3853408800E+00   -0.3480374304E-02
         5    0.1316000000E+02    0.1121787676E+02   -0.3923423600E+00    0.1165488381E-01
         6    0.2280000000E+01    0.3358276233E+01   -0.7547119000E+00    0.2017295413E-02
         7    0.2309000000E+02    0.2224513608E+02    0.2873439000E+00    0.1057994493E-01
         8    0.4360000000E+01    0.8690907050E+01   -0.4206379800E+00    0.1038355718E-02
         9    0.1337000000E+02    0.2333856072E+02    0.1977585400E+00    0.2385223862E-01
        10    0.2141000000E+02    0.2347777430E+02    0.4001812000E+00    0.7318237034E-02
        11    0.1470000000E+02    0.1856510788E+02   -0.9127400000E-01    0.2387536969E-01
        12    0.4660000000E+01    0.6765273784E+01   -0.4964369200E+00   -0.2429387311E-02
        13    0.1128000000E+02    0.1023623780E+02   -0.4472221500E+00    0.1127114144E-01
        14    0.7530000000E+01    0.8929592344E+01   -0.3569749100E+00   -0.3156844211E-02
        15    0.6140000000E+01    0.3723011688E+01   -0.6756764000E+00   -0.2838174765E-02
        16    0.5980000000E+01    0.2401058469E+01   -0.7144270400E+00   -0.6351070747E-02
        17    0.6970000000E+01    0.3010357974E+01   -0.7238409500E+00   -0.2407450317E-02
        18    0.3600000000E+01    0.1011813959E+02   -0.4091195200E+00    0.7414927953E-02
        19    0.7350000000E+01    0.1079316330E+02   -0.2457435800E+00   -0.3028841037E-02
        20    0.4060000000E+01    0.3215702699E+01   -0.6876431400E+00   -0.4433778910E-02
        21    0.1002000000E+02    0.1004269421E+02    0.6083490000E+00   -0.7968910351E-01
        22    0.1925000000E+02    0.2096318851E+02    0.3621789600E+00   -0.2407185248E-02
        23    0.2305000000E+02    0.2067315041E+02    0.6926768900E+00   -0.3206961896E-01
        24    0.2977000000E+02    0.2931470545E+02    0.7117941600E+00    0.1085353508E-01
        25    0.3366000000E+02    0.2743565768E+02    0.6993604600E+00    0.2225584323E-02
        26    0.2492000000E+02    0.2699047080E+02    0.8920842400E+00   -0.1649475590E-01
        27    0.2638000000E+02    0.2776280746E+02    0.8988693200E+00   -0.1309116000E-01
        28    0.1799000000E+02    0.1895311301E+02    0.5337132000E-01    0.1354818740E-01
        29    0.1262000000E+02    0.1326835509E+02    0.1426834200E+00   -0.2337192008E-01
        30    0.2455000000E+02    0.2242761992E+02    0.2449281600E+00    0.1513569565E-01
        31    0.1040000000E+01    0.1364680773E+01   -0.2865951600E+00   -0.4815674812E-01
        32    0.7980000000E+01    0.7978969003E+01   -0.4524196000E+00    0.7651355632E-04
        33    0.4200000000E+00    0.9554594593E+00   -0.8278080000E-02   -0.7398646328E-01
        34    0.3850000000E+02    0.3894783923E+02    0.4758773400E+00    0.8062448658E-01
        35    0.2613000000E+02    0.1684827743E+02    0.1340828000E-01    0.6102387204E-02
        36    0.1546000000E+02    0.1110063266E+02   -0.3652596800E+00    0.8742263221E-02
