        Rank        RMSE       MaxAE  Feature_ID
           1   37.102218   85.105627  (       1)
           2   37.472970   77.814720  (       2)
           3   37.635200   88.569970  (       3)
           4   37.639718   78.729694  (       4)
           5   37.775702   84.354235  (       5)
           6   38.437333   84.995178  (       6)
           7   38.824653   76.733823  (       7)
           8   38.850960   76.749387  (       8)
           9   38.880439   76.768703  (       9)
          10   39.008938  105.092092  (      10)
          11   39.084641  104.640774  (      11)
          12   39.088318  108.070673  (      12)
          13   39.138700  101.898448  (      13)
          14   39.249752  107.378296  (      14)
          15   39.325852   99.499319  (      15)
          16   39.356849   96.873973  (      16)
          17   39.418216  100.801128  (      17)
          18   39.486009   80.797477  (      18)
          19   39.558791   99.937942  (      19)
          20   39.706467   98.655437  (      20)
          21   39.752282  115.548139  (      21)
          22   39.762672   97.986996  (      22)
          23   39.782618   99.999374  (      23)
          24   39.828031  109.011829  (      24)
          25   39.858963  104.761933  (      25)
          26   39.920178   97.540618  (      26)
          27   39.987302  103.582652  (      27)
          28   40.188640   98.508550  (      28)
          29   40.230188  102.529186  (      29)
          30   40.236205   97.976309  (      30)
          31   40.263914   96.588449  (      31)
          32   40.309237  101.190293  (      32)
          33   40.333572   98.379421  (      33)
          34   40.347585   97.563446  (      34)
          35   40.467821  100.213789  (      35)
          36   40.469648  100.014968  (      36)
          37   40.542298  103.086639  (      37)
          38   40.557577  104.256182  (      38)
          39   40.600096   98.189129  (      39)
          40   40.602690   99.386199  (      40)
          41   40.642584   99.975553  (      41)
          42   40.659018   99.938383  (      42)
          43   40.671764   96.643770  (      43)
          44   40.673995   94.691391  (      44)
          45   40.677855   99.902058  (      45)
          46   40.690569  109.037814  (      46)
          47   40.695550  118.005268  (      47)
          48   40.710212  104.526567  (      48)
          49   40.714687  100.736823  (      49)
          50   40.828422  102.067191  (      50)
          51   40.839087   94.296278  (      51)
          52   40.849851  104.579695  (      52)
          53   40.861043   95.202635  (      53)
          54   40.875590  101.685876  (      54)
          55   40.877167  105.715587  (      55)
          56   40.887444  108.416701  (      56)
          57   40.941107  103.624020  (      57)
          58   40.969760  100.823687  (      58)
          59   40.999065  100.507702  (      59)
          60   41.002737   99.163019  (      60)
          61   41.007685  102.407961  (      61)
          62   41.055394   97.105339  (      62)
          63   41.081799   98.035336  (      63)
          64   41.087244   96.904119  (      64)
          65   41.099089  117.968541  (      65)
          66   41.101938   93.139762  (      66)
          67   41.122479  103.726838  (      67)
          68   41.123700  117.516369  (      68)
          69   41.124105  102.858725  (      69)
          70   41.125896   87.511133  (      70)
          71   41.125996  118.977739  (      71)
          72   41.141999  105.928537  (      72)
          73   41.145012   97.821570  (      73)
          74   41.152894   99.743162  (      74)
          75   41.157959  100.920074  (      75)
          76   41.173671  103.877364  (      76)
          77   41.187998   89.831091  (      77)
          78   41.194793  119.455543  (      78)
          79   41.197962  101.540548  (      79)
          80   41.199155  100.292563  (      80)
          81   41.223924   96.510257  (      81)
          82   41.243215   96.471944  (      82)
          83   41.243421  101.433875  (      83)
          84   41.248220   96.462088  (      84)
          85   41.258290  119.730301  (      85)
          86   41.258350   96.293403  (      86)
          87   41.262229   95.620095  (      87)
          88   41.269352   96.420812  (      88)
          89   41.282954   97.958191  (      89)
          90   41.287638   96.248498  (      90)
          91   41.298550  119.868106  (      91)
          92   41.310668   96.446315  (      92)
          93   41.325626   96.702229  (      93)
          94   41.333514   96.655779  (      94)
          95   41.339630   96.675473  (      95)
          96   41.345923   96.694898  (      96)
          97   41.354715   96.708655  (      97)
          98   41.356774  103.137699  (      98)
          99   41.357014   96.643576  (      99)
         100   41.359712  110.243948  (     100)
