     Index              y_true              y_pred        descriptor_1        descriptor_2
         1    0.9070000000E+02    0.1055276663E+03   -0.9783000000E+00    0.0000000000E+00
         2    0.2566500000E+03    0.2600619583E+03   -0.3082217500E+00    0.0000000000E+00
         3    0.2490000000E+03    0.2596371978E+03   -0.2260550000E-02   -0.3604279000E+00
         4    0.3632000000E+03    0.3314976480E+03    0.2894692600E+00   -0.3371662800E+00
         5    0.3674300000E+03    0.3935381541E+03    0.4598128500E+00   -0.2216254500E+00
         6    0.9034100000E+02    0.7043109528E+02   -0.1130482720E+01    0.0000000000E+00
         7    0.1588000000E+03    0.2008990046E+03   -0.5647590400E+00    0.0000000000E+00
         8    0.3281500000E+03    0.3303180227E+03    0.3278782100E+00   -0.3881314800E+00
         9    0.3945000000E+03    0.3805560088E+03    0.4112667600E+00   -0.2306957400E+00
        10    0.4711500000E+03    0.4679986226E+03    0.7190428600E+00   -0.1471060800E+00
        11    0.3010000000E+03    0.3305093616E+03    0.2666810800E+00   -0.3155000000E+00
        12    0.3260000000E+03    0.3149411063E+03    0.1958143800E+00   -0.3115644000E+00
        13    0.2480000000E+03    0.2445510699E+03   -0.1870656000E+00   -0.2206260000E+00
        14    0.2466500000E+03    0.2449250397E+03   -0.1314312800E+00   -0.2838732700E+00
        15    0.2530000000E+03    0.2436316329E+03    0.6777290000E-02   -0.4522784900E+00
        16    0.2886400000E+03    0.2797355083E+03    0.2637502000E+00   -0.5698700500E+00
        17    0.2744000000E+03    0.2439930528E+03   -0.1770023200E+00   -0.2352431000E+00
        18    0.3334000000E+03    0.3948231651E+03    0.5503341900E+00   -0.3210985800E+00
        19    0.4780000000E+03    0.4732589464E+03    0.6455685600E+00   -0.3436086000E-01
        20    0.4097000000E+03    0.4419594075E+03    0.8003311200E+00   -0.3745051200E+00
        21    0.4920000000E+03    0.4607492624E+03    0.1017443840E+01   -0.5333328000E+00
        22    0.4460000000E+03    0.4094231434E+03    0.4948521000E+00   -0.1820000000E+00
        23    0.3380000000E+03    0.3551428093E+03    0.2344644000E+00   -0.1527000000E+00
        24    0.3860000000E+03    0.3784538452E+03    0.4782459800E+00   -0.3198000000E+00
        25    0.4380000000E+03    0.4511445236E+03    0.8447885300E+00   -0.3799263600E+00
        26    0.3990000000E+03    0.4090607645E+03    0.7799280400E+00   -0.5176551600E+00
        27    0.2561000000E+03    0.2164811925E+03   -0.3903285200E+00   -0.1251349200E+00
        28    0.4150000000E+03    0.4032634358E+03    0.7215689200E+00   -0.4787541000E+00
        29    0.1693000000E+03    0.1891484945E+03   -0.2971736500E+00   -0.3729970000E+00
        30    0.4680000000E+03    0.4719704207E+03    0.1036882880E+01   -0.4991203800E+00
        31    0.3891500000E+03    0.3953244737E+03    0.5262061400E+00   -0.2903000000E+00
        32    0.3602000000E+03    0.3533999704E+03    0.2834423600E+00   -0.2189008800E+00
        33    0.4240000000E+03    0.3689403985E+03    0.3985634100E+00   -0.2747982600E+00
        34    0.2561000000E+03    0.2650314646E+03    0.1417750300E+00   -0.5017000000E+00
        35    0.4010000000E+03    0.3972255667E+03    0.5666322500E+00   -0.3279850200E+00
        36    0.2516000000E+03    0.2806075654E+03    0.6965920000E-01   -0.3381676000E+00
