        Rank        RMSE       MaxAE  Feature_ID
           1    5.128806   19.497514  (       1)
           2    5.177637   11.654527  (       2)
           3    5.186817   17.120615  (       3)
           4    5.201941   15.639711  (       4)
           5    5.208524   12.557098  (       5)
           6    5.212851   16.245040  (       6)
           7    5.231419   14.348934  (       7)
           8    5.231452   17.106463  (       8)
           9    5.245780   15.860670  (       9)
          10    5.270617   17.280098  (      10)
          11    5.294969   17.427601  (      11)
          12    5.298775   19.632291  (      12)
          13    5.301646   17.872186  (      13)
          14    5.304403   15.713014  (      14)
          15    5.306934   15.895669  (      15)
          16    5.309202   15.787838  (      16)
          17    5.320657   14.280841  (      17)
          18    5.320804   18.756284  (      18)
          19    5.327158   15.678804  (      19)
          20    5.328691   15.718505  (      20)
          21    5.330363   14.719308  (      21)
          22    5.331040   14.858539  (      22)
          23    5.336733   15.686612  (      23)
          24    5.345413   14.617703  (      24)
          25    5.346817   15.692164  (      25)
          26    5.347662   14.771921  (      26)
          27    5.356564   14.032192  (      27)
          28    5.356680   15.707496  (      28)
          29    5.360539   14.757083  (      29)
          30    5.366620   14.583910  (      30)
          31    5.371575   14.539569  (      31)
          32    5.379915   15.649324  (      32)
          33    5.384705   19.958146  (      33)
          34    5.387459   15.571726  (      34)
          35    5.393078   14.613197  (      35)
          36    5.397049   16.339556  (      36)
          37    5.400358   17.129860  (      37)
          38    5.400648   14.597855  (      38)
          39    5.401440   15.589050  (      39)
          40    5.401821   15.336673  (      40)
          41    5.403370   15.566548  (      41)
          42    5.409472   14.485093  (      42)
          43    5.412859   14.650063  (      43)
          44    5.414803   15.796340  (      44)
          45    5.416189   14.671634  (      45)
          46    5.417931   14.631933  (      46)
          47    5.421380   14.694630  (      47)
          48    5.422221   14.700581  (      48)
          49    5.423910   14.643465  (      49)
          50    5.424218   16.742006  (      50)
          51    5.424226   17.659634  (      51)
          52    5.426738   14.733304  (      52)
          53    5.431434   16.787743  (      53)
          54    5.433012   15.672525  (      54)
          55    5.434429   12.789651  (      55)
          56    5.434757   15.803433  (      56)
          57    5.439553   14.672254  (      57)
          58    5.441905   17.691851  (      58)
          59    5.442068   18.524821  (      59)
          60    5.442339   16.366144  (      60)
          61    5.443124   15.139053  (      61)
          62    5.448234   20.729294  (      62)
          63    5.452395   14.694427  (      63)
          64    5.452534   14.699343  (      64)
          65    5.453884   14.343628  (      65)
          66    5.454443   17.610961  (      66)
          67    5.457587   14.732536  (      67)
          68    5.458056   15.460454  (      68)
          69    5.459383   15.927633  (      69)
          70    5.460584   14.391992  (      70)
          71    5.460613   15.876056  (      71)
          72    5.461024   14.670989  (      72)
          73    5.462906   16.186490  (      73)
          74    5.463679   15.968059  (      74)
          75    5.468715   14.731853  (      75)
          76    5.469473   14.602814  (      76)
          77    5.469519   14.317033  (      77)
          78    5.469827   14.675662  (      78)
          79    5.470749   15.872549  (      79)
          80    5.474631   16.110332  (      80)
          81    5.475996   14.787812  (      81)
          82    5.476502   15.521205  (      82)
          83    5.479952   17.670661  (      83)
          84    5.480899   15.514749  (      84)
          85    5.480947   16.382331  (      85)
          86    5.484309   15.702471  (      86)
          87    5.484396   17.653614  (      87)
          88    5.485351   14.848348  (      88)
          89    5.487538   18.965350  (      89)
          90    5.487612   14.733635  (      90)
          91    5.489256   15.158576  (      91)
          92    5.491000   14.717782  (      92)
          93    5.491934   17.630424  (      93)
          94    5.492396   17.632956  (      94)
          95    5.493181   17.436173  (      95)
          96    5.493518   14.767618  (      96)
          97    5.494338   15.902317  (      97)
          98    5.495082   14.714889  (      98)
          99    5.496277   16.676321  (      99)
         100    5.499138   17.246054  (     100)
