      rank       #data_overlap        size_overlap          feature_ID
         1                  21             0.27286   (       3    1535)
         2                  21             0.27286   (       3    1595)
         3                  21             0.28231   (      72    1507)
         4                  21             0.28711   (      72    1501)
         5                  21             0.29025   (       3    1562)
         6                  21             0.30392   (    1186    1796)
         7                  21             0.86107   (    1012    1680)
         8                  21             0.86107   (    1012    1688)
         9                  21             0.86107   (    1012    1699)
        10                  22             0.28203   (       3    1539)
        11                  22             0.28203   (       3    1553)
        12                  22             0.28203   (       3    1598)
        13                  22             0.29026   (       3    1550)
        14                  22             0.32629   (      54      79)
        15                  22             0.32629   (      54    1012)
        16                  23             0.15754   (     639     932)
        17                  23             0.16733   (     970    1720)
        18                  23             0.16861   (     928     932)
        19                  23             0.19855   (       4    1207)
        20                  23             0.23630   (     932     967)
        21                  23             0.24221   (       6    1037)
        22                  23             0.24985   (     969    1723)
        23                  23             0.25576   (      55    1138)
        24                  23             0.26060   (       4    1723)
        25                  23             0.26483   (      79     296)
        26                  23             0.26483   (     296    1012)
        27                  23             0.26939   (      79     297)
        28                  23             0.26939   (     297    1012)
        29                  23             0.27505   (       3    1551)
        30                  23             0.27643   (       5    1037)
        31                  23             0.28298   (       4    1595)
        32                  23             0.28298   (       4    1562)
        33                  23             0.28429   (      79     295)
        34                  23             0.28429   (     295    1012)
        35                  23             0.28956   (       4    1651)
        36                  23             0.28962   (       4    1604)
        37                  23             0.28962   (       4    1637)
        38                  23             0.28962   (       4    1646)
        39                  23             0.28962   (       4    1639)
        40                  23             0.28962   (       4    1645)
        41                  23             0.28962   (       4    1512)
        42                  23             0.28969   (       4    1655)
        43                  23             0.29851   (     970    1703)
        44                  23             0.30066   (      41     199)
        45                  23             0.30558   (      41     142)
        46                  23             0.30558   (      41     197)
        47                  23             0.30889   (     665    1413)
        48                  23             0.30955   (      55    1397)
        49                  23             0.30988   (       7    1028)
        50                  23             0.31111   (      41     143)
        51                  23             0.31111   (      41     198)
        52                  23             0.31615   (       3    1037)
        53                  23             0.32017   (       7    1012)
        54                  23             0.32017   (       7      79)
        55                  23             0.32357   (       3    1602)
        56                  23             0.32435   (      55    1135)
        57                  23             0.32536   (      54    1028)
        58                  23             0.32805   (      41     196)
        59                  23             0.32805   (      41     141)
        60                  23             0.33448   (      55    1406)
        61                  23             0.33455   (      21      79)
        62                  23             0.33455   (      21    1012)
        63                  23             0.33455   (      23      79)
        64                  23             0.33455   (      23    1012)
        65                  23             0.34136   (       4    1037)
        66                  23             0.34874   (      55      79)
        67                  23             0.34874   (      55    1012)
        68                  23             0.35502   (      74     944)
        69                  23             0.35502   (      74    1560)
        70                  23             0.35502   (      74    1577)
        71                  23             0.35829   (       3    1643)
        72                  23             0.35859   (      41      54)
        73                  23             0.59749   (     970    1012)
        74                  24             0.22989   (       7    1138)
        75                  24             0.23432   (       7    1037)
        76                  24             0.24634   (     496    1560)
        77                  24             0.25576   (      55    1409)
        78                  24             0.25576   (      55    1402)
        79                  24             0.26427   (    1121    1507)
        80                  24             0.29828   (      40      79)
        81                  24             0.29828   (      40    1012)
        82                  24             0.29851   (      41     296)
        83                  24             0.30246   (       4    1553)
        84                  24             0.30246   (       4    1598)
        85                  24             0.30389   (      41     297)
        86                  24             0.30397   (       4    1550)
        87                  24             0.30887   (       7    1135)
        88                  24             0.30929   (      27     944)
        89                  24             0.30929   (      27    1560)
        90                  24             0.30929   (      27    1577)
        91                  24             0.30955   (      54    1397)
        92                  24             0.31111   (      41     195)
        93                  24             0.32536   (     296    1028)
        94                  24             0.32609   (      55    1398)
        95                  24             0.32725   (      55    1395)
        96                  24             0.33448   (      54    1406)
        97                  24             0.35504   (       3    1590)
        98                  24             0.35700   (     301    1188)
        99                  24             0.35760   (      24    1012)
       100                  24             0.35760   (      24      79)
