Materials	feature1	feature2	feature3	feature4	feature5	feature6	feature7	feature8	feature9	feature10	feature11	feature12	feature13	feature14	feature15	feature16	feature17	feature18	feature19	feature20	feature21	feature22	feature23	feature24
sample1_group1	0.0000	0.0000	0.0000	0.0000	0.0000	0.0000	0.0000	0.0000	0.0000	0.0000	0.0000	0.0000	0.0000	0.0000	1.0000	0.0000	0.0000	0.0000	0.0000	0.0000	0.0000	1.0000	1.0000	0.9783
sample2_group1	0.0000	0.0000	0.0000	0.0000	0.0000	0.0000	0.0000	0.0000	0.0000	0.0000	0.0000	0.0000	0.0000	0.7816	1.0000	0.0977	0.0000	0.7326	0.3889	0.0000	0.6772	0.1967	0.3574	0.3956
sample3_group1	0.0000	0.0000	1.0000	0.0000	0.0000	0.0000	0.0000	0.0000	0.0000	0.0000	0.0000	0.0000	0.0000	0.3908	1.0000	0.0000	0.0131	0.3605	0.4462	0.0000	0.4503	0.9480	0.8020	1.0000
sample4_group1	0.0000	0.0000	0.0000	0.0000	1.0000	0.0000	0.0000	0.0000	0.0000	0.0000	0.0000	0.0000	0.0000	0.7356	0.9998	0.0326	0.0022	0.4535	0.4147	0.0000	0.5735	0.6513	0.5338	0.8847
sample5_group1	0.0000	0.0000	0.0000	0.0000	0.0000	0.0000	0.0000	0.0000	0.0000	0.0000	0.0000	0.0000	0.0000	0.0632	0.9996	0.0641	0.3947	0.0000	0.1359	0.1777	0.1295	0.9682	0.7773	0.9588
sample6_group1	0.0000	0.0000	0.0000	0.0000	0.0000	0.0000	0.0000	0.0000	0.0000	0.0000	0.0000	0.0000	0.0000	0.1897	0.9995	0.0836	0.3083	0.7326	0.0970	0.3807	0.1787	0.7253	0.7310	0.7804
sample7_group1	0.0000	0.0000	0.0000	0.0000	0.0000	0.0000	0.0000	0.0000	0.0000	0.0000	0.0000	0.0000	0.0000	0.4080	0.9955	0.8692	0.9796	0.0000	0.2266	0.1777	0.6210	0.9098	0.3188	0.9297
sample8_group1	0.0000	0.0000	0.0000	0.0000	0.0000	0.0000	0.0000	0.0000	0.0000	0.0000	0.0000	0.0000	0.0000	0.3851	0.9998	0.0336	1.0000	0.7326	0.2331	0.2030	0.5612	0.7075	0.4469	0.7409
sample9_group1	0.0000	0.0000	0.0000	0.0000	0.0000	0.0000	0.0000	0.0000	0.0000	0.0000	0.0000	0.0000	0.0000	0.5230	0.9998	0.0709	0.2888	0.7326	0.2849	0.2335	0.5969	0.2725	0.2698	0.4368
sample10_group1	0.0000	0.0000	0.0000	0.0000	0.0000	0.0000	0.0000	0.0000	0.0000	0.0000	0.0000	0.0000	0.0000	0.6552	0.9998	0.0578	0.9532	0.7326	0.3367	0.2030	0.6351	0.1622	0.5458	0.4810
sample11_group1	0.0000	1.0000	0.0000	0.0000	0.0000	0.0000	0.0000	0.0000	0.0000	0.0000	0.0000	0.0000	0.0000	0.5460	0.9996	0.0972	0.2697	1.0000	0.2784	0.2208	0.6616	0.5524	0.3790	0.7115
sample12_group1	0.0000	0.0000	0.0000	0.0000	0.0000	0.0000	0.0000	0.0000	0.0000	0.0000	0.0000	0.0000	0.0000	0.3621	0.9993	0.1345	0.3291	0.6395	0.2823	0.3934	0.5295	0.7416	0.4960	0.8684
sample13_group1	0.0000	0.0000	0.0000	0.0000	0.0000	0.0000	0.0000	0.0000	0.0000	0.0000	0.0000	0.0000	0.0000	0.4943	0.9996	0.1245	0.3081	0.6395	0.3820	0.4543	0.5593	0.7365	0.4925	0.8506
sample14_group1	0.0000	0.0000	0.0000	0.0000	0.0000	0.0000	0.0000	0.0000	0.0000	0.0000	0.0000	0.0000	0.0000	0.6034	0.9985	0.2317	0.2549	0.6395	0.4831	0.3934	0.5993	0.7952	0.4890	0.8632
sample15_group1	0.0000	0.0000	0.2500	0.0000	0.0000	0.0000	0.0000	0.0000	0.0000	0.0000	0.0000	0.0000	0.0000	0.2989	0.9995	0.0799	0.2325	0.3605	0.2473	0.2589	0.4788	0.8432	0.6434	0.8848
sample16_group1	0.0000	0.0000	0.5000	0.0000	0.0000	0.0000	0.0000	0.0000	0.0000	0.0000	0.0000	0.0000	0.0000	0.3391	0.9997	0.0541	0.2190	0.3605	0.3134	0.2995	0.4778	0.8468	0.6581	0.8824
sample17_group1	0.0000	0.0000	0.7500	0.0000	0.0000	0.0000	0.0000	0.0000	0.0000	0.0000	0.0000	0.0000	0.0000	0.3563	0.9997	0.0604	0.1691	0.3605	0.3795	0.2589	0.4593	0.8784	0.6893	0.9418
sample18_group1	0.0000	0.0000	0.0000	0.0000	0.0000	0.2500	0.0000	0.0000	0.0000	0.0000	0.0000	0.0000	0.0000	0.4368	0.9996	0.0767	0.4680	0.3605	0.2927	0.4365	0.5885	0.8098	0.4558	0.8756
sample19_group1	0.0000	0.0000	0.0000	0.0000	0.0000	0.5000	0.0000	0.0000	0.0000	0.0000	0.0000	0.0000	0.0000	0.6207	0.9995	0.1161	0.4911	0.3605	0.4054	0.5051	0.7117	0.8193	0.4709	0.8747
sample20_group1	0.0000	0.0000	0.0000	0.0000	0.0000	0.7500	0.0000	0.0000	0.0000	0.0000	0.0000	0.0000	0.0000	0.8046	0.9996	0.1245	0.2705	0.3605	0.5168	0.4365	0.8045	0.8137	0.4242	0.8756
sample21_group1	0.0000	0.0000	0.0000	0.0000	0.0000	0.0000	0.0000	0.0000	0.0000	1.0000	0.0000	0.0000	0.0000	0.3851	0.9997	0.0641	0.2146	0.6395	0.2266	0.1777	0.4989	0.8190	0.5871	0.8863
sample22_group1	0.0000	0.0000	0.0000	0.0000	0.0000	0.0000	0.0000	0.0000	0.0000	0.0000	0.0000	0.0000	0.0000	0.7989	0.9998	0.1377	0.0180	0.7326	0.3820	0.0254	0.7533	0.1619	0.0598	0.3723
sample23_group1	1.0000	0.0000	0.0000	0.0000	0.0000	0.0000	0.0000	0.0000	0.0000	0.0000	0.0000	0.0000	0.0000	0.7874	0.9998	0.0599	0.2489	0.7326	0.4999	0.4365	0.7987	0.0463	0.4072	0.3740
sample24_group1	0.0000	0.0000	0.0000	0.0000	0.0000	0.0000	0.0000	0.0000	0.0000	0.0000	0.0000	0.0000	0.0000	0.7874	0.9996	0.0904	0.2464	0.7326	0.4339	0.1777	0.6971	0.0000	0.3184	0.4410
sample25_group1	0.0000	0.0000	0.0000	0.0000	0.0000	0.0000	0.0000	0.0000	0.0000	0.0000	0.0000	0.0000	0.0000	0.6264	0.9995	0.0536	0.1566	1.0000	0.3406	0.1904	0.5960	0.2647	0.0374	0.0000
sample26_group1	0.0000	0.5000	0.0000	0.0000	0.0000	0.0000	0.0000	0.0000	0.0000	0.0000	0.0000	0.0000	0.0000	0.7931	0.9997	0.0578	0.0087	1.0000	0.3859	0.0127	0.7197	0.1419	0.3728	0.4230
sample27_group1	0.0000	0.0000	0.0000	0.0000	0.5000	0.0000	0.0000	0.0000	0.0000	0.0000	0.0000	0.0000	0.0000	0.7586	0.9997	0.0662	0.0227	0.7326	0.4015	0.0279	0.6282	0.3458	0.2250	0.6584
sample28_group1	0.0000	0.0000	0.0000	1.0000	0.0000	0.0000	0.0000	0.0000	0.0000	0.0000	0.0000	0.0000	0.0000	0.3161	0.9994	0.0972	0.5163	0.3372	0.3924	0.8223	0.5307	0.8761	0.5982	0.9120
sample29_group1	0.0000	0.0000	0.0000	0.0000	0.0000	0.0000	0.0000	0.0000	0.0000	0.0000	0.0000	0.0000	0.0000	0.7471	0.9961	0.3805	0.0945	0.7326	0.4857	0.2208	0.6533	0.7992	0.4404	0.8579
sample30_group1	0.0000	0.0000	0.0000	0.0000	0.0000	0.0000	0.0000	1.0000	0.0000	0.0000	0.0000	0.0000	0.0000	0.2989	0.9995	0.0893	0.2511	0.4070	0.2849	0.2386	0.6422	0.8460	0.3535	0.8493
sample31_group1	0.0000	0.0000	0.0000	0.0000	0.0000	0.0000	0.0000	0.0000	0.0000	0.0000	0.0000	1.0000	0.0000	0.5747	0.9995	0.0888	0.2721	0.0000	0.3639	0.5025	0.9518	0.8623	0.0000	0.9122
sample32_group1	0.0000	0.0000	0.0000	0.0000	0.0000	0.0000	0.0000	0.0000	0.0000	0.0000	0.0000	0.0000	0.0000	0.5000	0.9998	0.1056	0.2758	1.0000	0.2888	0.2284	0.5571	0.3112	0.1204	0.1621
sample33_group1	0.0000	0.0000	0.0000	0.0000	0.0000	0.0000	0.0000	0.0000	0.0000	0.0000	0.0000	0.0000	0.0000	0.5000	0.9992	0.1487	0.3252	0.7326	0.3341	0.3782	0.5793	0.4400	0.5172	0.6145
sample34_group1	0.0000	0.5000	0.0000	0.0000	0.0000	0.0000	0.0000	0.0000	0.0000	0.0000	0.0000	0.0000	0.0000	0.3908	0.9995	0.1004	0.2256	1.0000	0.2331	0.1878	0.5388	0.6464	0.3045	0.7270
sample35_group1	0.0000	0.0000	0.0000	1.0000	0.0000	0.0000	0.0000	0.0000	0.0000	0.0000	0.0000	0.0000	0.0000	0.6897	0.9997	0.0683	0.3127	0.7326	0.5958	0.5838	0.6529	0.3856	0.4361	0.7858
sample36_group1	0.0000	0.0000	0.2500	0.0000	0.0000	0.0000	0.0000	0.0000	0.0000	0.0000	0.0000	0.0000	0.0000	0.4080	0.9994	0.1576	0.2932	0.6395	0.3484	0.3909	0.5162	0.7035	0.4902	0.8563
sample1_group2	0.0000	0.0000	0.0000	0.0000	0.0000	1.0000	0.0000	0.0000	0.0000	0.0000	0.0000	0.0000	0.0000	0.9885	0.9999	0.1350	0.0104	0.3605	0.6279	0.0000	0.9244	0.8467	0.5300	0.8670
sample2_group2	0.0000	0.0000	0.0000	0.0000	0.0000	0.0000	0.0000	0.0000	0.0000	0.0000	0.0000	0.0000	0.0000	0.0920	0.9995	0.0857	0.3028	0.0000	0.0906	0.2056	0.2628	0.9476	0.6081	0.9492
sample3_group2	0.0000	0.0000	0.0000	0.0000	0.0000	0.0000	0.0000	0.0000	0.0000	0.0000	0.0000	0.0000	0.0000	0.1897	0.9996	0.0646	0.1932	0.0000	0.1359	0.1777	0.3863	0.9453	0.5948	0.9426
sample4_group2	0.0000	0.0000	0.0000	0.0000	0.0000	0.0000	0.0000	0.0000	0.0000	0.0000	0.0000	0.0000	0.0000	0.1552	0.9931	1.0000	0.6786	0.0000	0.0906	0.3553	0.2628	0.9476	0.6081	0.9492
sample5_group2	0.0000	0.0000	0.0000	0.0000	0.0000	0.0000	0.0000	0.0000	0.0000	0.0000	0.0000	0.0000	0.0000	0.3908	0.9995	0.1098	0.1671	0.0000	0.1812	0.4112	0.5061	0.8819	0.0985	0.9178
sample6_group2	0.0000	0.0000	0.0000	0.0000	0.0000	0.0000	0.0000	0.0000	0.0000	0.0000	0.0000	0.0000	0.0000	0.3621	0.9995	0.1172	0.5273	0.7326	0.1942	0.4396	0.3476	0.3470	0.4262	0.4190
sample7_group2	0.0000	0.0000	0.0000	0.0000	0.0000	0.7500	0.0000	0.0000	0.0000	0.0000	0.0000	0.0000	0.0000	0.8908	0.9995	0.1482	0.1096	0.7326	0.6137	0.0571	0.8756	0.3929	0.7707	0.1262
sample8_group2	0.0000	0.0000	0.0000	0.0000	0.0000	0.0000	0.3333	0.0000	0.0000	0.0000	0.0000	0.0000	0.0000	0.4598	0.9995	0.1030	0.7987	0.3372	0.4378	1.0000	0.6601	0.8437	0.3982	0.8971
sample9_group2	0.0000	0.0000	0.7500	0.0000	0.0000	0.0000	0.0000	0.0000	0.0000	0.0000	0.0000	0.0000	0.0000	0.4943	0.9997	0.0462	0.0783	0.7326	0.4313	0.0558	0.5108	0.7414	0.6933	0.7529
sample10_group2	0.0000	0.0000	0.0000	0.0000	0.0000	0.0000	0.0000	0.0000	0.0000	0.0000	0.0000	0.0000	0.0000	0.5632	0.9995	0.1098	0.2662	0.0000	0.2719	0.2056	0.7381	0.8890	0.1949	0.9226
sample11_group2	0.0000	0.0000	0.0000	0.0000	0.0000	0.0000	0.0000	0.0000	0.0000	0.0000	0.0000	0.0000	0.0000	0.7126	0.9997	0.1177	0.1566	0.0000	0.3186	0.1777	0.8598	0.8772	0.1000	0.9144
sample12_group2	0.0000	0.0000	0.0000	0.0000	0.0000	0.0000	0.0000	0.0000	0.0000	0.0000	0.0000	0.0000	0.0000	0.5115	0.9997	0.1009	0.2819	0.7326	0.3756	0.4391	0.6113	0.4671	0.2824	0.3405
sample13_group2	0.0000	0.5000	0.0000	0.0000	0.0000	0.0000	0.0000	0.0000	0.0000	0.0000	0.0000	0.0000	0.0000	0.2989	0.9996	0.0673	0.2297	1.0000	0.2305	0.4772	0.5755	0.8228	0.5626	0.8722
sample14_group2	0.0000	0.0000	0.0000	0.0000	0.0000	0.0000	0.0000	0.0000	0.0000	0.0000	1.0000	0.0000	0.0000	0.3851	0.9997	0.1083	0.3341	0.9651	0.2758	0.3680	0.5876	0.5269	0.8050	0.5335
sample15_group2	0.0000	0.0000	0.0000	0.0000	0.0000	0.0000	1.0000	0.0000	0.0000	0.0000	0.0000	0.0000	0.0000	1.0000	0.9997	0.1245	0.2871	0.7326	1.0000	0.7970	1.0000	0.7814	0.3179	0.8781
sample16_group2	0.0000	0.0000	0.0000	0.0000	0.0000	0.0000	0.0000	0.0000	0.0000	0.0000	0.0000	0.0000	0.0000	0.2586	0.9997	0.0688	0.5638	0.7326	0.1880	0.5266	0.3177	0.4284	0.8732	0.1731
sample17_group2	0.0000	0.0000	0.0000	0.0000	0.0000	0.0000	0.0000	0.0000	0.0000	0.0000	0.0000	0.0000	0.0000	0.4368	0.9997	0.0652	0.3915	1.0000	0.2428	0.2198	0.4279	0.4496	0.3112	0.3167
sample18_group2	0.0000	0.0000	0.0000	0.0000	0.0000	0.0000	0.0000	0.0000	0.0000	0.0000	0.0000	0.0000	0.0000	0.5402	0.9996	0.0883	0.3393	0.7326	0.3241	0.2066	0.6875	0.4128	0.8024	0.1463
sample19_group2	0.0000	0.0000	0.0000	0.0000	0.0000	0.0000	0.0000	0.0000	0.0000	0.0000	0.0000	0.0000	0.0000	0.3161	0.9996	0.0783	0.3132	0.7326	0.1880	0.3112	0.4297	0.7110	0.4645	0.7602
sample20_group2	0.0000	0.0000	0.0000	0.0000	0.0000	0.0000	0.0000	0.0000	0.0000	0.0000	0.0000	0.0000	0.0000	0.3218	0.9996	0.0709	0.4333	0.7326	0.2333	0.4708	0.4358	0.4224	0.8529	0.1611
sample21_group2	0.0000	0.0000	0.0000	0.0000	0.0000	0.0000	0.0000	0.0000	0.0000	0.0000	1.0000	0.0000	0.0000	0.2816	0.9994	0.1119	0.4281	0.9651	0.2305	0.4594	0.4710	0.5794	0.8308	0.5364
sample22_group2	0.0000	0.0000	0.0000	0.0000	0.0000	0.0000	0.0000	0.0000	0.0000	0.0000	0.0000	0.0000	0.0000	0.6724	0.9996	0.1030	0.1462	0.7326	0.3302	0.0279	0.7061	0.4376	0.0718	0.4199
sample23_group2	0.0000	0.0000	0.0000	0.0000	0.0000	0.0000	0.0000	0.0000	0.0000	0.0000	0.0000	0.0000	0.0000	0.5460	0.9996	0.0893	0.2715	0.7326	0.2784	0.2208	0.6759	0.6840	0.1662	0.7345
sample24_group2	0.0000	0.0000	0.0000	0.0000	0.0000	0.0000	0.0000	0.0000	0.0000	0.0000	0.0000	0.0000	0.0000	0.3793	0.9996	0.0725	0.2245	1.0000	0.2366	0.1980	0.5023	0.5817	0.3340	0.4474
sample25_group2	0.0000	0.0000	0.0000	0.0000	0.0000	0.0000	0.3333	0.0000	0.0000	0.0000	0.0000	0.0000	0.0000	0.5920	0.9996	0.0725	0.7308	0.7326	0.4883	0.9518	0.7096	0.6161	0.3081	0.6693
sample26_group2	0.0000	0.0000	0.0000	0.0000	0.0000	0.0000	0.0000	0.0000	0.0000	0.0000	0.0000	0.0000	0.0000	0.3736	0.0000	0.1125	0.3132	1.0000	0.2357	0.4645	0.5210	0.4196	0.8363	0.1477
sample27_group2	0.0000	0.0000	0.0000	0.0000	0.0000	0.0000	0.0000	0.0000	0.0000	0.0000	0.0000	0.0000	0.0000	0.5115	0.9993	0.1361	0.1671	1.0000	0.3341	0.1832	0.6720	0.3658	0.0945	0.1716
sample28_group2	0.0000	0.0000	0.0000	0.0000	0.0000	0.0000	0.0000	0.0000	0.0000	0.0000	0.0000	0.0000	0.0000	0.3103	0.9996	0.0730	0.3080	1.0000	0.1916	0.3122	0.3853	0.6138	0.3837	0.3245
sample29_group2	0.0000	0.0000	0.0000	0.0000	0.0000	0.0000	0.0000	0.0000	1.0000	0.0000	0.0000	0.0000	0.0000	0.2989	0.9995	0.0825	0.3080	0.7326	0.1942	0.3122	0.3520	0.5076	0.4421	0.3636
sample30_group2	0.0000	0.5000	0.0000	0.0000	0.0000	0.0000	0.0000	0.0000	0.0000	0.0000	0.0000	0.0000	0.0000	0.3218	0.9995	0.0956	0.3080	1.0000	0.1877	0.3020	0.4220	0.7182	0.3475	0.7671
