Model_ID, [(c_i,i=0,n)_j,j=1,ntask]
           1    0.4213233312E+01    0.1555815042E+03
           2    0.5199953844E+01    0.4520161411E+02
           3    0.3381694071E+01    0.8766223618E+02
           4    0.4945968258E+01    0.1145908635E+03
           5    0.3956441321E+01    0.8512266927E+02
           6    0.4010276728E+01    0.8483342488E+02
           7    0.4654541584E+01    0.9386926356E+02
           8    0.3801320516E+01    0.8585394506E+02
           9    0.3618299576E+01    0.8663621676E+02
          10    0.3625963988E+01    0.8659575757E+02
          11    0.3630015294E+01    0.8657425432E+02
          12    0.3588544412E+01    0.8670709766E+02
          13    0.3634769067E+01    0.8650401156E+02
          14    0.3659653712E+01    0.8638728970E+02
          15    0.3649122642E+01    0.8642975832E+02
          16    0.3672402996E+01    0.8632108956E+02
          17    0.3628378977E+01    0.8652141254E+02
          18    0.3703544339E+01    0.8617127707E+02
          19    0.3735342371E+01    0.8601504460E+02
          20    0.3759993874E+01    0.8589296293E+02
          21    0.3783318008E+01    0.8577653354E+02
          22    0.3749608656E+01    0.8593461522E+02
          23    0.3778320372E+01    0.8578174078E+02
          24    0.3952800016E+01    0.8509636612E+02
          25    0.3505959800E+01    0.8675489432E+02
          26    0.3782684977E+01    0.8571483598E+02
          27    0.4737672133E+01    0.3777442049E+02
          28    0.3787399922E+01    0.8568701017E+02
          29    0.3837798229E+01    0.8545366652E+02
          30    0.3796431189E+01    0.8563352892E+02
          31    0.4804479415E+01    0.3769934083E+02
          32    0.4152058507E+01    0.8405751993E+02
          33    0.3322977472E+01    0.8761254150E+02
          34    0.4648703424E+01    0.3763460404E+02
          35    0.3636071404E+01    0.8621164428E+02
          36    0.5022547071E+01    0.3724691051E+02
          37    0.4254764097E+01    0.8342130195E+02
          38    0.2087689193E+01    0.2236483360E+02
          39    0.1743045878E+01   -0.2217132995E+02
          40    0.4237388698E+01    0.8324091757E+02
          41    0.4792614924E+01    0.2080411589E+02
          42    0.5564415022E+01    0.1713019820E+02
          43    0.4943790581E+01    0.3742533933E+02
          44    0.3420242556E+01    0.8672602682E+02
          45    0.4878061833E+01    0.2546777640E+02
          46   -0.1206176100E+00    0.2679184397E+02
          47    0.3978638271E+01    0.1066964110E+03
          48    0.5257070652E+01    0.3674908398E+02
          49    0.4001141312E+01    0.4021551996E+02
          50    0.5291431886E+01    0.4232287959E+02
          51    0.2096976821E+01   -0.2181361761E+02
          52    0.1963793379E+01    0.2215431082E+02
          53    0.2101594672E+01    0.2181204628E+02
          54    0.2164458726E+01    0.2177484415E+02
          55    0.2166141699E+01    0.2177355370E+02
          56    0.1873945764E+01    0.1777614951E+02
          57   -0.1617759657E+00   -0.1197330355E+02
          58    0.2586319438E+01    0.4014967398E+02
          59    0.4467709660E+01    0.1926120679E+02
          60    0.4924752244E+01    0.2035576962E+02
          61    0.5027666886E+01    0.3720131612E+02
          62    0.5031059377E+01    0.3719374291E+02
          63    0.4593192312E+01    0.2162803189E+02
          64    0.5065253089E+01    0.3712254907E+02
          65    0.5065316467E+01    0.3712238091E+02
          66    0.5189596380E+01    0.3686825518E+02
          67    0.4988319713E+01    0.3530262392E+02
          68    0.5270862352E+01    0.3668293296E+02
          69    0.3422237820E+01    0.8639537421E+02
          70    0.4936208219E+01    0.2033873443E+02
          71    0.5110983473E+01   -0.1034218335E+02
          72    0.4430962781E+01    0.2546448881E+02
          73    0.5028578059E+01    0.3719194988E+02
          74    0.5529465658E+01    0.2406898034E+02
          75    0.3199624910E+00   -0.2185059878E+02
          76    0.4487567158E+01    0.5398926178E+02
          77    0.2254660070E+01   -0.2169279165E+02
          78    0.5053059558E+01    0.3713833493E+02
          79    0.5025701000E+01    0.3724008413E+02
          80    0.5093017693E+01    0.3704803846E+02
          81    0.4392386944E+01    0.1165506501E+03
          82    0.2507833910E+01   -0.2127174251E+02
          83    0.4709743671E+01    0.3796921692E+02
          84    0.2750523867E+01    0.2205372990E+02
          85    0.1056280054E+01    0.7546809866E+01
          86    0.4331198979E+01    0.8402560242E+02
          87    0.5134519757E+01    0.3695023170E+02
          88    0.3597129836E+01    0.8588144065E+02
          89    0.4710926164E+01    0.2506413475E+02
          90    0.4025820554E+01    0.1700517193E+02
          91    0.5160507134E+01    0.3688898948E+02
          92    0.5315439205E+01    0.5059530843E+02
          93    0.6114372379E+01    0.3261922527E+02
          94    0.4821728474E+01    0.7957804063E+02
          95    0.2739775961E+01   -0.2095905587E+02
          96    0.5121485319E+01    0.3696998561E+02
          97    0.5121552259E+01    0.3696980021E+02
          98    0.6835286475E+01    0.1115692964E+02
          99    0.3079249488E+01    0.2128326410E+02
         100    0.5160393993E+01    0.3687644562E+02
