Model_ID, [(c_i,i=0,n)_j,j=1,ntask]
           1    0.7525723930E+02    0.7631415171E+02
           2    0.5973284592E+02   -0.5922558990E+02
           3    0.5247796418E+02   -0.6163703144E+02
           4    0.8286922663E+02    0.8777616396E+02
           5    0.7446811206E+02    0.7124059822E+02
           6    0.7458761261E+02    0.7082070641E+02
           7    0.5877166546E+02    0.4334367818E+02
           8    0.8240140307E+02   -0.8696280731E+02
           9    0.6674497816E+02    0.6370610021E+02
          10    0.8164574298E+02   -0.8547267848E+02
          11    0.5308367037E+02   -0.6022789491E+02
          12    0.6607542592E+02   -0.6190728103E+02
          13    0.7142532374E+02    0.7035936571E+02
          14    0.5872443467E+02    0.3498193780E+02
          15    0.8231885558E+02    0.8679088818E+02
          16    0.5160104393E+02   -0.5628880073E+02
          17    0.7300459783E+02    0.6714422804E+02
          18    0.5348455747E+02   -0.5669312428E+02
          19    0.6492465841E+02   -0.6077660864E+02
          20    0.6839303468E+02   -0.1862924775E+02
          21    0.6757831160E+02    0.3418475155E+02
          22    0.5935437220E+02    0.4600836778E+02
          23    0.6904536845E+02   -0.6723882478E+02
          24    0.7233652663E+02    0.6699086000E+02
          25    0.6826200281E+02    0.6552517604E+02
          26    0.6912847048E+02   -0.6730290962E+02
          27    0.5284314407E+02    0.5946702872E+02
          28    0.6945488100E+02    0.5783082179E+02
          29    0.6715516376E+02   -0.7170561267E+02
          30    0.8143751261E+02   -0.8518574717E+02
          31    0.6519146763E+02    0.3035121818E+02
          32    0.5257062374E+02   -0.5933641723E+02
          33    0.6765708748E+02    0.7897262955E+02
          34    0.4029066900E+02    0.5224419505E+02
          35    0.2762777540E+02    0.5852598169E+02
          36    0.6840386589E+02   -0.6629450510E+02
          37    0.5306815702E+02   -0.5926417099E+02
          38    0.5490972932E+02    0.2620758412E+02
          39    0.7255855712E+02   -0.3256042558E+02
          40    0.7277110468E+02    0.6632401816E+02
          41    0.6516930841E+02   -0.7106701837E+02
          42    0.6872981664E+02    0.6158778045E+02
          43    0.6823519735E+02    0.6598983286E+02
          44    0.5728051428E+02   -0.4780873596E+02
          45    0.6598995992E+02   -0.6532966702E+02
          46    0.7368198751E+02    0.7189837098E+02
          47    0.6649849752E+02   -0.6593207879E+02
          48    0.6878133706E+02    0.6685958594E+02
          49    0.6805651631E+02    0.6632256142E+02
          50    0.6808380319E+02    0.6534784303E+02
          51    0.6814615603E+02    0.3291193625E+02
          52    0.8173532361E+02    0.8515040968E+02
          53    0.4910691438E+02   -0.2302338119E+02
          54    0.7727153871E+02   -0.7778695032E+02
          55    0.7792172886E+02    0.8088918526E+02
          56    0.6721851513E+02    0.7806703427E+02
          57    0.7171304546E+02    0.7617202096E+02
          58    0.6841845212E+02    0.6578876381E+02
          59    0.6626767914E+02   -0.7607989175E+02
          60    0.7094782366E+02    0.6833467019E+02
          61    0.6804801616E+02    0.6571540280E+02
          62    0.7878549276E+02    0.7251813084E+02
          63    0.6834799782E+02    0.3307319379E+02
          64    0.6805407260E+02   -0.6564905110E+02
          65    0.5865394499E+02   -0.2897652873E+02
          66    0.7352915110E+02    0.7751900846E+02
          67    0.7441365378E+02    0.6775200691E+02
          68    0.7405660820E+02   -0.3503617035E+02
          69    0.6560534572E+02   -0.6467715829E+02
          70    0.7384031498E+02    0.6380283404E+02
          71    0.7110640555E+02    0.6070426373E+02
          72    0.7086739872E+02   -0.5756641647E+02
          73    0.6805808459E+02    0.6557719387E+02
          74    0.5864635974E+02    0.4415172317E+02
          75    0.4432641568E+02    0.3848508641E+02
          76    0.4668789770E+02   -0.5279073159E+02
          77    0.6574876318E+02   -0.6490096924E+02
          78    0.8051188546E+02    0.8376435423E+02
          79    0.6859086080E+02    0.6649844941E+02
          80    0.5258484679E+02    0.5855452905E+02
          81    0.7386391205E+02    0.7216452552E+02
          82    0.6795902125E+02   -0.3273277113E+02
          83    0.4329377237E+02    0.3862957097E+02
          84    0.7070202197E+02    0.3558802278E+02
          85    0.5172103450E+02   -0.5981513845E+02
          86    0.7027249013E+02    0.6525629930E+02
          87    0.6771332301E+02   -0.3250807886E+02
          88    0.6092507466E+02   -0.3711588454E+02
          89    0.5528116356E+02   -0.2711430110E+02
          90    0.6587469649E+02   -0.6507026905E+02
          91    0.7738534406E+02   -0.8006217409E+02
          92    0.4936323564E+02    0.2582034640E+02
          93    0.6856416936E+02    0.6185485996E+02
          94    0.6786319850E+02   -0.3290944918E+02
          95    0.7696288678E+02    0.7211086742E+02
          96    0.8039982388E+02    0.8320325572E+02
          97    0.5515534525E+02    0.2514163373E+02
          98    0.6786107776E+02   -0.6527352494E+02
          99    0.6749988629E+02    0.6457374578E+02
         100    0.7701335584E+02   -0.4001953895E+02
