Model_ID, [(c_i,i=0,n)_j,j=1,ntask]
           1    0.1581495424E+03    0.1226662457E+03    0.8790872195E+03
           2    0.1638993982E+03    0.1298959433E+03   -0.5148727563E+03
           3    0.1682762504E+03    0.1270015814E+03    0.4770693748E+03
           4    0.1674049212E+03    0.1300700621E+03   -0.6736304897E+03
           5    0.1674334176E+03    0.1281165057E+03   -0.4886223141E+03
           6    0.1631074465E+03    0.1180791723E+03    0.1539434289E+04
           7    0.1602487184E+03    0.1197971114E+03   -0.5967407089E+03
           8    0.2215388014E+03    0.8143001117E+02   -0.7821301826E+03
           9    0.1608128942E+03    0.1230676050E+03   -0.2060541818E+03
          10    0.1597183640E+03    0.1196692167E+03    0.7679175026E+03
          11    0.1604026949E+03    0.1189299702E+03   -0.7160829976E+03
          12    0.1661342312E+03    0.1288752243E+03   -0.4897038123E+03
          13    0.1632283431E+03    0.1172423258E+03    0.5514639947E+03
          14    0.1679145733E+03    0.1289029036E+03   -0.6940915999E+03
          15    0.1621201113E+03    0.1207352378E+03    0.2593919595E+03
          16    0.1623804532E+03    0.1183580121E+03   -0.7142235364E+03
          17    0.1598129948E+03    0.1195759308E+03    0.7964467188E+03
          18    0.1604016328E+03    0.1185847499E+03   -0.6282335825E+03
          19    0.1701292341E+03    0.1284942682E+03    0.1410887814E+04
          20    0.1745806454E+03    0.1310492430E+03   -0.2503348723E+03
          21    0.1633445681E+03    0.1284364678E+03   -0.4934329868E+03
          22    0.1646652556E+03    0.1284180537E+03   -0.3829488042E+03
          23    0.1655565907E+03    0.1287994276E+03   -0.4829197784E+03
          24    0.1654525880E+03    0.1289994973E+03   -0.4847093463E+03
          25    0.1715410201E+03    0.1272159772E+03    0.1760044424E+04
          26    0.1560435467E+03    0.1214896499E+03    0.9453881165E+03
          27    0.1618326655E+03    0.1292314527E+03   -0.6226547584E+03
          28    0.1620847547E+03    0.1201235226E+03   -0.2527905725E+03
          29    0.1648346105E+03    0.1165170682E+03    0.1897673324E+04
          30    0.1692805092E+03    0.1272984115E+03   -0.6957586751E+03
          31    0.1643365117E+03    0.1303234824E+03   -0.6498732341E+03
          32    0.1567538376E+03    0.1202752621E+03    0.5369495213E+03
          33    0.1661012159E+03    0.1274298730E+03   -0.5956277430E+03
          34    0.1646661387E+03    0.1306671205E+03   -0.5159346761E+03
          35    0.1558437542E+03   -0.1199424562E+03    0.5471423276E+03
          36    0.1612637148E+03    0.1251455128E+03    0.2194666356E+03
          37    0.1691123458E+03    0.1263687318E+03   -0.5237135075E+03
          38    0.1646486262E+03    0.1279667608E+03   -0.1510530489E+04
          39    0.1616394477E+03    0.1310174579E+03   -0.4659796583E+03
          40    0.1674504713E+03    0.1275371953E+03   -0.7081396925E+03
          41    0.1651024764E+03    0.1290011876E+03   -0.4803496774E+03
          42    0.1638656488E+03    0.1297635779E+03   -0.3693956383E+03
          43    0.1627128506E+03    0.1231389743E+03    0.2811623391E+03
          44    0.1676928054E+03    0.1289463666E+03   -0.5741190669E+03
          45    0.1644346422E+03    0.1303243987E+03   -0.4221737484E+03
          46    0.1572564915E+03    0.1198574363E+03   -0.5560474235E+03
          47    0.1685612639E+03    0.1282483287E+03   -0.1438429646E+04
          48    0.1645255185E+03    0.1284045559E+03    0.6015769077E+03
          49    0.1629186836E+03    0.1281663500E+03    0.1883953865E+04
          50    0.1593577883E+03    0.1260024573E+03    0.2266125358E+03
          51    0.1611949598E+03    0.1176904698E+03   -0.7753856000E+03
          52    0.1672372538E+03    0.1298636599E+03    0.7254690043E+03
          53    0.1660454621E+03    0.1291142424E+03    0.7106809920E+03
          54    0.1711556230E+03    0.1337335337E+03    0.8908237106E+03
          55    0.1649007434E+03    0.1290015290E+03   -0.4784223374E+03
          56    0.1606778070E+03    0.1167983368E+03   -0.5143784883E+03
          57    0.1649075435E+03    0.1290474803E+03   -0.4786277262E+03
          58    0.1682635679E+03    0.1283078036E+03   -0.7156754143E+03
          59    0.1602594853E+03    0.1247499499E+03    0.7549659608E+03
          60    0.1649114305E+03    0.1290702294E+03   -0.4787046024E+03
          61    0.1634532465E+03    0.1306254918E+03    0.6528779830E+03
          62    0.1634542070E+03    0.1161133882E+03    0.5342739139E+03
          63    0.1649155672E+03    0.1290922557E+03   -0.4787612565E+03
          64    0.1621366009E+03    0.1299750463E+03   -0.4382031414E+03
          65    0.1704681441E+03    0.1330125193E+03   -0.2397319253E+03
          66    0.1677735019E+03    0.1297656077E+03   -0.5373390462E+03
          67    0.1691771441E+03    0.1273211680E+03   -0.6880266658E+03
          68    0.1649242611E+03    0.1291327212E+03    0.4788131896E+03
          69    0.1684031439E+03    0.1365564653E+03   -0.2086957803E+03
          70    0.1686293281E+03    0.1276045745E+03   -0.6916211810E+03
          71    0.1625751857E+03    0.1303648511E+03    0.5382650532E+03
          72    0.1610460557E+03    0.1177444159E+03   -0.7364928981E+03
          73    0.1623363336E+03    0.1155478979E+03   -0.5614397477E+03
          74    0.1645548861E+03    0.1300515730E+03   -0.1266818821E+04
          75    0.1615907195E+03    0.1174878838E+03   -0.1549598303E+04
          76    0.1705588743E+03    0.1295397711E+03   -0.2041809344E+03
          77    0.1626907666E+03    0.1169625578E+03    0.8785223028E+03
          78    0.1672928348E+03    0.1266592962E+03   -0.2211261300E+04
          79    0.1713688214E+03    0.1338072814E+03    0.2601465009E+03
          80    0.1676792752E+03    0.1285954869E+03   -0.9201742229E+03
          81    0.1691752377E+03    0.1272796705E+03   -0.6874300845E+03
          82    0.1669170940E+03    0.1299128908E+03   -0.5557884890E+03
          83    0.1697800542E+03    0.1260820567E+03   -0.6798620820E+03
          84    0.1757978359E+03    0.1220121156E+03   -0.4873634749E+03
          85    0.1545096493E+03    0.1209922032E+03    0.1371937849E+04
          86    0.1604232855E+03    0.1230207587E+03    0.5588594761E+03
          87    0.1618016632E+03    0.1153980302E+03    0.4950800622E+03
          88    0.1675911360E+03    0.1352270201E+03    0.2676025730E+03
          89    0.1636184020E+03    0.1287122064E+03   -0.5969345645E+03
          90    0.1697099967E+03    0.1114296115E+03   -0.5252305476E+03
          91    0.1647262247E+03    0.1291258536E+03   -0.4767140142E+03
          92    0.1689163070E+03    0.1356088820E+03    0.6860272210E+03
          93    0.1670969779E+03    0.1364288887E+03    0.2067670411E+03
          94    0.1636289819E+03    0.1158973895E+03    0.6041066065E+03
          95    0.1637797451E+03    0.1284080841E+03   -0.5921072204E+03
          96    0.1670367810E+03    0.1249447220E+03   -0.3467779090E+03
          97    0.1681855819E+03    0.1278535207E+03   -0.6900455434E+03
          98    0.1682831321E+03    0.1276500101E+03   -0.6882689242E+03
          99    0.1682853708E+03    0.1276632841E+03   -0.6883744657E+03
         100    0.1559644070E+03    0.1198016288E+03    0.7034886107E+03
