Model_ID, [(c_i,i=0,n)_j,j=1,ntask]
           1    0.5345066821E+01   -0.2121123982E+02
           2    0.4742713761E+01   -0.2847774549E+02
           3    0.4413790092E+01   -0.1765244109E+03
           4    0.5831828142E+01    0.1938171749E+02
           5    0.5766115208E+01   -0.1922868102E+02
           6    0.3713445422E+01   -0.1365045963E+02
           7    0.3640627513E+01    0.9771836130E+02
           8    0.5988602806E+01   -0.1903112584E+02
           9    0.3578128495E+01    0.9840095455E+02
          10    0.6042057538E+01   -0.1896852216E+02
          11    0.6217561395E+01   -0.1878372314E+02
          12    0.6237222264E+01   -0.1875715327E+02
          13    0.5939854260E+01   -0.1907775915E+02
          14    0.6067386108E+01   -0.1907847173E+02
          15    0.5875045489E+01   -0.1914460312E+02
          16    0.3646154813E+01    0.9816327609E+02
          17    0.6971511034E+01   -0.2699316634E+02
          18    0.5708333210E+01    0.2536715637E+02
          19    0.6159229394E+01   -0.1883766210E+02
          20    0.5813822352E+01   -0.1920300120E+02
          21    0.7195487738E+01   -0.2682851177E+02
          22    0.6213325422E+01   -0.1876915195E+02
          23    0.7151776445E+01   -0.2687774060E+02
          24    0.7292552688E+01    0.2663607550E+02
          25    0.5940974532E+01   -0.1114364103E+02
          26    0.7423800343E+01    0.2645613852E+02
          27    0.4796346365E+01    0.2260503677E+02
          28    0.7317060326E+01   -0.2662459046E+02
          29    0.5287688176E+01   -0.1479832784E+02
          30    0.5851047618E+01   -0.1119355892E+02
          31    0.7093703515E+01   -0.2695617022E+02
          32    0.3666968742E+01    0.5273540616E+02
          33    0.5398461608E+01   -0.2625525910E+02
          34    0.5787533591E+01   -0.1919916976E+02
          35    0.4770193412E+01   -0.2765841447E+02
          36    0.7075997773E+01   -0.2697556562E+02
          37    0.7059181527E+01   -0.2699167783E+02
          38    0.4704356064E+01   -0.2773156403E+02
          39    0.5647574990E+01   -0.1931770252E+02
          40    0.4491903747E+01   -0.2805030261E+02
          41    0.2575746601E+02   -0.1310612281E+02
          42    0.4863886637E+01    0.2747453277E+02
          43    0.5610577741E+01   -0.1934508574E+02
          44    0.5972583716E+01   -0.1113764393E+02
          45    0.4866569080E+01    0.1096442023E+03
          46    0.7360736687E+01    0.2676986532E+02
          47    0.5759661657E+01   -0.1920391983E+02
          48    0.7006756310E+01    0.2704857087E+02
          49    0.4371103109E+01    0.9505344285E+02
          50    0.6003718165E+01   -0.1901504847E+02
          51    0.4437551933E+01    0.9463033798E+02
          52    0.2996925263E+01   -0.2135585789E+02
          53    0.7581540278E+01    0.2604576004E+02
          54    0.3996689667E+01    0.9675882410E+02
          55    0.3804143627E+01   -0.9774899373E+02
          56    0.3773311633E+01    0.9790899501E+02
          57    0.3845394561E+01    0.9752903442E+02
          58    0.3745871285E+01    0.9804447109E+02
          59    0.3887618269E+01    0.9729946368E+02
          60    0.3920497021E+01    0.9711923223E+02
          61    0.5260678826E+01   -0.2686304101E+02
          62    0.3951871478E+01    0.9694563782E+02
          63    0.4099071232E+01    0.9616897922E+02
          64    0.7871226800E+01   -0.2356801727E+02
          65    0.4122579932E+01    0.9611473541E+02
          66    0.6993613769E+01   -0.2698643589E+02
          67    0.4130077547E+01   -0.9598282910E+02
          68    0.3059201308E+01   -0.1574076410E+02
          69    0.7215608277E+01    0.2682844643E+02
          70    0.1361346002E+02   -0.2098418592E+02
          71    0.4355963826E+01   -0.2815081420E+02
          72    0.3731276117E+01    0.9795196550E+02
          73    0.5449005174E+01   -0.1906830393E+02
          74    0.3621494130E+01    0.9842946323E+02
          75    0.6075075153E+01   -0.1963352345E+02
          76    0.6899797240E+01   -0.2708244184E+02
          77    0.5387790828E+01   -0.1143197542E+02
          78    0.7809169840E+01   -0.2363459274E+02
          79    0.4351439623E+01   -0.9480082081E+02
          80    0.5505991452E+01   -0.1135629714E+02
          81    0.5103000619E+01   -0.1548435103E+02
          82    0.4222720842E+01   -0.2832409105E+02
          83    0.5966099632E+01   -0.2488326934E+02
          84    0.5470047542E+01   -0.1137606617E+02
          85    0.5487224706E+01   -0.1136991629E+02
          86    0.1559304251E+02   -0.1690735256E+02
          87    0.8052900045E+01   -0.2322117519E+02
          88    0.5392467753E+01   -0.1142453005E+02
          89    0.7737904396E+01   -0.2395204305E+02
          90    0.5557686055E+01   -0.1131448271E+02
          91    0.5436993190E+01   -0.1139212196E+02
          92    0.4662879753E+01   -0.9312873450E+02
          93    0.4459976226E+01    0.1167461700E+03
          94    0.5554494993E+01   -0.1131692435E+02
          95    0.7713079417E+01   -0.2371280761E+02
          96    0.5235868355E+01    0.2927676341E+02
          97    0.6949110909E+01   -0.2698420962E+02
          98    0.4532298040E+01   -0.3046596035E+02
          99    0.3683646055E+01    0.9803048509E+02
         100    0.4593945889E+01    0.3036395312E+02
