Model_ID, [(c_i,i=0,n)_j,j=1,ntask]
           1    0.2650190626E+03    0.1154653322E+03
           2    0.2730424994E+03    0.1201630250E+03
           3    0.1274871330E+03    0.1449202689E+03
           4    0.3496009610E+03    0.2733995415E+03
           5    0.2200195251E+03    0.8945238789E+02
           6    0.3379659385E+03    0.2591767581E+03
           7    0.3314659934E+03    0.9446887747E+02
           8    0.2616422678E+03    0.1158264909E+03
           9    0.2272990085E+03    0.8486396800E+02
          10    0.3759616782E+03    0.2342690921E+03
          11    0.2146254160E+03    0.9938511807E+02
          12    0.2137983757E+03    0.9656422943E+02
          13    0.2667312293E+03    0.1116371180E+03
          14    0.2631957249E+03    0.9576430443E+02
          15    0.2306432331E+03    0.8878565256E+02
          16    0.1795163316E+03    0.1256187592E+03
          17    0.2350497728E+03    0.1057187762E+03
          18    0.1317710748E+03    0.1330518850E+03
          19    0.2618903049E+03    0.1152977554E+03
          20    0.1142813699E+03    0.1029155295E+03
          21    0.2217510717E+03    0.9109535569E+02
          22    0.3288958431E+03    0.8648355102E+02
          23    0.2677334343E+03    0.1166574221E+03
          24    0.2621170797E+03    0.1262104335E+03
          25    0.2598814156E+03    0.1068185805E+03
          26    0.2642457792E+03    0.1478801011E+03
          27    0.2285653760E+03    0.1164067082E+03
          28    0.2644221905E+03    0.1099005894E+03
          29    0.2123092132E+03    0.9393534216E+02
          30    0.2240725454E+03    0.9293609603E+02
          31    0.2603743893E+03   -0.1586090456E+03
          32    0.2782683793E+03   -0.1565665367E+03
          33    0.3296129954E+03    0.2546443490E+03
          34    0.3578602135E+03    0.1488148888E+03
          35    0.2616217604E+03    0.1092851787E+03
          36    0.1667596994E+03    0.1339369249E+03
          37    0.2602155033E+03    0.1039204895E+03
          38    0.3402914031E+03    0.1192118320E+03
          39    0.2178582432E+03    0.8696340190E+02
          40    0.3597937821E+03   -0.2647631192E+03
          41    0.2363466655E+03    0.8161349213E+02
          42    0.3230784688E+03    0.8861635474E+02
          43    0.1859273960E+03    0.7745851040E+02
          44    0.2853597004E+03   -0.1609057285E+03
          45    0.3314433611E+03    0.2049534332E+03
          46    0.2564696303E+03    0.1076226562E+03
          47    0.3585119652E+03   -0.2623008541E+03
          48    0.2693271796E+03    0.1023233129E+03
          49    0.2674926696E+03    0.9387857171E+02
          50    0.2196150906E+03    0.8617688498E+02
          51    0.3540394150E+03   -0.2336461225E+03
          52    0.3625029597E+03    0.1487700427E+03
          53    0.2214031784E+03    0.8593725585E+02
          54    0.2507914202E+03    0.1333751189E+03
          55    0.3009230721E+03   -0.1052982078E+03
          56    0.2547086620E+03    0.1255515676E+03
          57    0.3551059413E+03   -0.2353768406E+03
          58    0.2793361554E+03    0.7399004969E+02
          59    0.2842648838E+03    0.7708500550E+02
          60    0.2332885943E+03    0.7804310601E+02
          61    0.1935105619E+03    0.7231396803E+02
          62    0.2692338849E+03    0.1000202767E+03
          63    0.1344557830E+03    0.1366441773E+03
          64    0.2223755365E+03    0.8812508332E+02
          65    0.2621064266E+03    0.1148370535E+03
          66    0.2764839394E+03    0.1061979805E+03
          67    0.3560839417E+03   -0.1966500567E+03
          68    0.2824435447E+03    0.1593060843E+03
          69    0.2656815738E+03    0.1039840545E+03
          70    0.3537329216E+03   -0.2622849268E+03
          71    0.2701251697E+03    0.8634387282E+02
          72    0.2853299402E+03    0.7194634362E+02
          73    0.3657661975E+03   -0.2700869703E+03
          74    0.2274984423E+03    0.8137451565E+02
          75    0.2190398114E+03    0.8893963416E+02
          76    0.3375316336E+03   -0.1105684562E+03
          77    0.2781003820E+03   -0.1547634113E+03
          78    0.2245558775E+03    0.8992151567E+02
          79    0.2780419699E+03    0.1546090101E+03
          80    0.3285823888E+03    0.2214877868E+03
          81    0.2533331135E+03    0.1296662907E+03
          82    0.3605451115E+03    0.8780130269E+02
          83    0.2779765316E+03    0.1544142057E+03
          84    0.3402610497E+03   -0.2887648376E+03
          85    0.2226379088E+03    0.9058854739E+02
          86    0.2739325010E+03    0.1089883399E+03
          87    0.2851071556E+03    0.1593942046E+03
          88    0.3319557379E+03   -0.2285725503E+03
          89    0.3607352014E+03    0.1444525943E+03
          90    0.2611383274E+03    0.1103656181E+03
          91    0.2159743558E+03    0.9546211726E+02
          92    0.2591484717E+03   -0.1496633113E+03
          93    0.3306122348E+03   -0.2263432886E+03
          94    0.3497150302E+03   -0.2331660351E+03
          95    0.3604710402E+03    0.2596664127E+03
          96    0.2260492939E+03    0.8847025894E+02
          97    0.1693748699E+03    0.1283884576E+03
          98    0.2191852569E+03    0.8369059836E+02
          99    0.3608276481E+03   -0.2657512778E+03
         100    0.2506484095E+03    0.8434260576E+02
