Model_ID, [(c_i,i=0,n)_j,j=1,ntask]
           1    0.4329590015E+01   -0.1566141023E+02
           2    0.4369738789E+01   -0.1360566628E+02
           3    0.3856937599E+01   -0.1209631642E+02
           4    0.3919708257E+01   -0.2407523603E+02
           5    0.3925920528E+01   -0.2390081303E+02
           6    0.4137231428E+01   -0.1141867747E+02
           7    0.4678254696E+01   -0.2200208133E+02
           8    0.3846746362E+01   -0.1148708032E+02
           9    0.4547191398E+01    0.1476066734E+02
          10    0.2795325055E+01   -0.2241083838E+02
          11    0.4560577630E+01   -0.2194879745E+02
          12    0.2405397466E+01   -0.2486221836E+02
          13    0.4117624864E+01   -0.2250260464E+02
          14    0.2858007178E+01    0.2514613371E+02
          15    0.4115435744E+01   -0.2248046085E+02
          16    0.3342065758E+01    0.2383427745E+02
          17    0.3912387805E+01   -0.2276977082E+02
          18    0.3910351010E+01   -0.2274716230E+02
          19    0.3936997840E+01   -0.2285316249E+02
          20    0.2665828698E+01    0.2450376214E+02
          21    0.4058887483E+01   -0.1138700535E+02
          22    0.4114314539E+01   -0.2238621366E+02
          23    0.3909067496E+01    0.2268053750E+02
          24    0.3946098496E+01   -0.1145707733E+02
          25    0.4177163445E+01   -0.1130503838E+02
          26    0.3553197740E+01   -0.2305114805E+02
          27    0.3910079877E+01   -0.2265068661E+02
          28    0.3967005064E+01    0.2287672977E+02
          29    0.3551131676E+01   -0.2302885052E+02
          30    0.3972394830E+01   -0.1143897681E+02
          31   -0.1912352090E+00    0.1627168715E+02
          32    0.4053770375E+01   -0.1139188761E+02
          33    0.1602093954E+01    0.2659285725E+02
          34    0.3502894088E+01    0.2086964996E+02
          35    0.2588089007E+01   -0.2568063902E+02
          36    0.3911942401E+01    0.2261883399E+02
          37    0.3977577826E+01    0.2287855582E+02
          38    0.3747222134E+01   -0.1159459309E+02
          39    0.4072071217E+01   -0.1138635592E+02
          40    0.3887170039E+01   -0.1147311130E+02
          41    0.3999531263E+01   -0.1141978580E+02
          42    0.3551219225E+01   -0.2293278549E+02
          43    0.4163220485E+01    0.1489330988E+02
          44    0.3940227546E+01   -0.2393148202E+02
          45    0.3903414342E+01   -0.1147030387E+02
          46    0.6695767682E+01    0.3759741514E+02
          47    0.3949782824E+01   -0.3175759163E+02
          48    0.3947646574E+01   -0.3174467653E+02
          49    0.4257393365E+01    0.1489877028E+02
          50    0.3296935005E+01    0.2203207054E+02
          51    0.4406427519E+01    0.1477190494E+02
          52    0.3540936968E+01   -0.2302444306E+02
          53    0.3616214324E+01   -0.1157618402E+02
          54    0.3919617111E+01   -0.2253634664E+02
          55    0.4640884140E+01    0.2191492488E+02
          56    0.3898788473E+01   -0.1147452158E+02
          57    0.4289875396E+01    0.1486994523E+02
          58    0.2209374172E+01    0.2317054839E+02
          59    0.3824689773E+01    0.2377547315E+02
          60    0.4394891817E+01    0.1478868588E+02
          61    0.3986377526E+01   -0.3184344731E+02
          62    0.3091111522E+01    0.2470733581E+02
          63    0.3939610510E+01   -0.3156050971E+02
          64    0.4415737405E+01    0.1478390620E+02
          65    0.4607911343E+01   -0.1065820870E+02
          66    0.3151447037E+01    0.1201964678E+02
          67    0.1220089740E+01   -0.4331616144E+02
          68    0.3927962559E+01   -0.2247044875E+02
          69    0.4323741875E+01    0.1483870306E+02
          70    0.3789148055E+01    0.9309206769E+01
          71    0.3841289206E+01    0.2376314454E+02
          72    0.2228605114E+01    0.2502263725E+02
          73    0.4187831733E+01    0.1491506326E+02
          74    0.4205170453E+01    0.1491643485E+02
          75    0.3944686862E+01   -0.3144614892E+02
          76    0.1939150818E+01   -0.2607558111E+02
          77    0.2171614098E+01    0.2466433484E+02
          78    0.4020524443E+01   -0.3185177265E+02
          79    0.5010198507E+01    0.2273647866E+02
          80    0.2063166698E+01   -0.2503873967E+02
          81    0.3768239030E+01   -0.2288292412E+02
          82    0.3766258801E+01   -0.2286027773E+02
          83    0.4818686608E+01   -0.1866114276E+02
          84    0.3955910909E+01    0.1502674315E+02
          85    0.3695638611E+01   -0.2258346691E+02
          86    0.4194198008E+01    0.1493203937E+02
          87    0.1191487139E+01    0.1487195776E+02
          88    0.4251737334E+01   -0.1121200784E+02
          89    0.3947262898E+01   -0.2289244873E+02
          90    0.4059065589E+01   -0.2284360291E+02
          91    0.4606521898E+01    0.1455006157E+02
          92    0.3940105403E+01   -0.8095671183E+01
          93    0.4156034671E+01    0.8875745200E+01
          94    0.3766418441E+01   -0.2276328218E+02
          95    0.2296677054E+01    0.2667358128E+02
          96    0.4551690124E+01   -0.3369965827E+02
          97    0.1531569861E+01   -0.1428510493E+02
          98    0.4749471937E+01   -0.1870211085E+02
          99    0.4298129446E+01    0.1823983246E+02
         100    0.1440361730E+01   -0.1429517403E+02
