        Rank        RMSE       MaxAE  Feature_ID
           1    2.097682    6.067821  (    1405   14082)
           2    2.099332    6.084036  (    1371   14082)
           3    2.103413    5.921534  (    1874   14082)
           4    2.111362    4.609663  (    2416   16926)
           5    2.114006    4.610118  (    2187   16926)
           6    2.114652    4.616547  (    2159   16926)
           7    2.117313    5.865340  (    2159   14082)
           8    2.118983    5.860153  (    2187   14082)
           9    2.121662    4.650104  (    3657   16926)
          10    2.125195    4.685766  (    1874   16926)
          11    2.131010    5.827756  (    2416   14082)
          12    2.133475    5.112671  (    9519   12533)
          13    2.136849    4.517305  (    7516   12533)
          14    2.156846    5.873151  (    2941   14082)
          15    2.159265    5.904026  (    1874   17950)
          16    2.160871    4.797230  (    2416   13638)
          17    2.162765    4.784547  (    2187   13638)
          18    2.163281    4.782542  (    2159   13638)
          19    2.164131    6.056105  (    1405   17950)
          20    2.166945    6.072920  (    1371   17950)
          21    2.169144    5.845392  (    2159   17950)
          22    2.169220    4.698476  (    2941   16926)
          23    2.170446    5.839973  (    2187   17950)
          24    2.170814    5.044058  (    1405   15565)
          25    2.170919    5.147014  (    2416   11455)
          26    2.170966    5.060804  (    1371   15565)
          27    2.171786    5.184104  (    2187   11455)
          28    2.172142    5.190024  (    2159   11455)
          29    2.172268    4.761238  (    1874   13638)
          30    2.172689    4.839584  (    3657   13638)
          31    2.175260    4.784492  (    2416   14689)
          32    2.177411    4.862887  (    1405   16926)
          33    2.178522    4.771921  (    2187   14689)
          34    2.179255    4.769935  (    2159   14689)
          35    2.179493    5.253865  (    1874   11455)
          36    2.180207    5.806097  (    2416   17950)
          37    2.182602    4.826542  (    3657   14689)
          38    2.183367    5.940290  (    1874   18354)
          39    2.184966    4.882289  (    1371   16926)
          40    2.185450    5.500831  (    1405   19900)
          41    2.186047    5.517231  (    1371   19900)
          42    2.186333    5.717255  (    1371   14803)
          43    2.186395    5.027959  (    3657   11455)
          44    2.187274    6.092050  (    1405   18354)
          45    2.187798    4.897332  (    2416   12902)
          46    2.188859    5.722708  (    1405   14803)
          47    2.189802    4.892956  (    1874   15565)
          48    2.189972    6.108831  (    1371   18354)
          49    2.190098    5.725096  (    3657   14082)
          50    2.190400    4.884190  (    2187   12902)
          51    2.190540    4.748844  (    1874   14689)
          52    2.191029    4.882113  (    2159   12902)
          53    2.193557    5.881787  (    2159   18354)
          54    2.194055    5.893059  (    1874   18567)
          55    2.194243    4.881550  (    2941   13638)
          56    2.194886    5.876380  (    2187   18354)
          57    2.197392    4.941315  (    3657   12902)
          58    2.197602    6.044541  (    1405   18567)
          59    2.197853    5.393443  (    8638   10640)
          60    2.199913    5.352912  (    1874   19900)
          61    2.200230    6.061294  (    1371   18567)
          62    2.200349    5.736436  (    1874   14583)
          63    2.201235    4.860068  (    1874   12902)
          64    2.201362    4.981882  (    1874   16292)
          65    2.203451    5.887019  (    1405   14583)
          66    2.203540    5.480355  (    1405   13006)
          67    2.203880    4.920697  (    2159   16292)
          68    2.204037    5.872279  (    9519   13873)
          69    2.204220    5.834677  (    2159   18567)
          70    2.204441    4.915031  (    2187   16292)
          71    2.204499    5.497119  (    1371   13006)
          72    2.204804    5.842582  (    2416   18354)
          73    2.205542    5.829281  (    2187   18567)
          74    2.205950    5.903680  (    1371   14583)
          75    2.208554    4.834897  (    2159   15565)
          76    2.209226    5.485362  (    1874   15849)
          77    2.209319    4.879573  (    2416   16292)
          78    2.210274    5.678432  (    2159   14583)
          79    2.210661    4.829537  (    2187   15565)
          80    2.211508    4.915292  (    2941   16292)
          81    2.211559    5.673073  (    2187   14583)
          82    2.212527    4.412208  (    9808   16993)
          83    2.213818    4.968657  (    2416   19548)
          84    2.214099    5.030016  (    2521   10640)
          85    2.215076    5.493167  (    1874   13006)
          86    2.215085    4.254763  (    2646   10032)
          87    2.215339    5.664008  (    9519   16926)
          88    2.215390    5.795558  (    2416   18567)
          89    2.215880    4.949279  (    2187   19548)
          90    2.216419    4.946134  (    2159   19548)
          91    2.216674    5.296107  (    2159   19900)
          92    2.216788    4.870833  (    2941   14689)
          93    2.216979    5.426109  (    2159   15849)
          94    2.217162    5.638928  (    1405   15849)
          95    2.218054    5.420631  (    2187   15849)
          96    2.218114    5.194743  (    2941   11455)
          97    2.218589    5.290864  (    2187   19900)
          98    2.219038    6.003255  (    1405   18168)
          99    2.219498    4.785885  (    1405   13638)
         100    2.219599    4.524233  (    2521   10385)
