        Rank        RMSE       MaxAE  Feature_ID
           1    2.654759    6.566592  (     736   10164)
           2    2.676458    5.902908  (     811   10087)
           3    2.738343    6.245805  (     811   10071)
           4    2.738897    6.388523  (     536   12420)
           5    2.742696    6.588067  (    2695   10164)
           6    2.763180    9.171916  (    6111   10164)
           7    2.763694    6.191189  (     631   17860)
           8    2.771615    9.151509  (    6555   10164)
           9    2.779105    6.299110  (    6585   10176)
          10    2.781741    7.373080  (    2925   10004)
          11    2.785760    6.399607  (     285   10045)
          12    2.789650    6.319281  (    6585   10172)
          13    2.789805   10.002819  (    6375   10164)
          14    2.800947    9.233823  (    9126   10164)
          15    2.801431    6.264368  (    1635   10045)
          16    2.801756    6.725629  (    8668   10015)
          17    2.808283    9.239702  (    8770   10164)
          18    2.813655    9.217143  (    9285   10164)
          19    2.815369    5.981183  (     285   10031)
          20    2.815923    9.090800  (    7450   10164)
          21    2.815992    9.218095  (    9375   10164)
          22    2.817693    9.228846  (    9330   10164)
          23    2.818945    9.244732  (    8523   10164)
          24    2.820376    9.283623  (    8640   10164)
          25    2.823541    9.196727  (    9841   10164)
          26    2.827519    9.331878  (    8538   10164)
          27    2.828485    9.294893  (    8725   10164)
          28    2.830153    6.418262  (     811   10079)
          29    2.831280    9.289033  (    8965   10164)
          30    2.838710    9.265703  (    6822   10164)
          31    2.847553    9.290863  (    9114   10164)
          32    2.847561    9.311645  (    9005   10164)
          33    2.851324    9.315215  (    9119   10164)
          34    2.857668    7.118859  (    2508   10164)
          35    2.858703    9.288744  (    9422   10164)
          36    2.859216    8.972774  (    7518   10164)
          37    2.859527    6.865238  (    5397   10045)
          38    2.862799    7.326832  (    6669   10164)
          39    2.870620    5.946253  (     655   10004)
          40    2.872618    6.365034  (    2699   10004)
          41    2.873854    6.024198  (     989   12420)
          42    2.876341    9.302561  (    9773   10164)
          43    2.876670    7.006149  (     285   10005)
          44    2.878458    6.480812  (     285   10015)
          45    2.880144    7.736236  (     409   15891)
          46    2.882473    6.110749  (    1168   10004)
          47    2.882745    8.330343  (    6111   13063)
          48    2.882746    6.887035  (    3416   10004)
          49    2.882847    7.480925  (    1932   10164)
          50    2.883701    6.291050  (    9256   10176)
          51    2.884965    6.756241  (    4002   10004)
          52    2.886164    6.660838  (    1246   10087)
          53    2.886180    7.347164  (     811   10031)
          54    2.886237    8.968939  (    8144   10164)
          55    2.886495    6.751804  (    4089   10004)
          56    2.886969    6.751025  (    4123   10004)
          57    2.887499    6.750288  (    4142   10004)
          58    2.888432    8.309418  (    6555   13063)
          59    2.890894    6.747305  (    4257   10004)
          60    2.890923    8.949193  (    8184   10164)
          61    2.891848    8.817980  (    2377   10164)
          62    2.892534    5.975529  (     616   10004)
          63    2.892756    6.594548  (    1764   10087)
          64    2.892900    6.732264  (    6812   10004)
          65    2.893163    9.077268  (    8894   10164)
          66    2.893556    9.082066  (    8560   10164)
          67    2.893793    9.083007  (    8486   10164)
          68    2.894010    7.004222  (    3190   10004)
          69    2.894081    9.083935  (    8405   10164)
          70    2.894591    7.068731  (    7398   10602)
          71    2.894891    6.581179  (    1718   10087)
          72    2.895746    6.296852  (    9256   10172)
          73    2.896252    9.088290  (    8142   10164)
          74    2.896526    7.810802  (     811   10163)
          75    2.896604    9.121890  (    8201   10164)
          76    2.896649    9.149751  (    8041   10164)
          77    2.898951    6.790471  (    4116   10004)
          78    2.900422    9.143595  (    8002   10164)
          79    2.900970    6.677489  (    2272   10087)
          80    2.901170    6.845113  (    4618   10004)
          81    2.901694    9.127993  (    8073   10164)
          82    2.902515    8.541279  (    5147   10874)
          83    2.903869    6.016995  (    6660   10004)
          84    2.904248    6.071348  (    7424   10176)
          85    2.904517    9.064347  (    9116   10164)
          86    2.905331    8.974069  (    7682   10164)
          87    2.905995    6.539498  (    1612   10087)
          88    2.906786    6.747047  (    4098   10004)
          89    2.907235    6.801282  (    4218   10004)
          90    2.907525    6.751316  (    4594   10004)
          91    2.907677    6.525077  (    2647   10087)
          92    2.907901    6.010856  (     696   10004)
          93    2.908174    7.349031  (      33   10015)
          94    2.908665    6.011186  (     754   10004)
          95    2.908761    5.873474  (    5943   10176)
          96    2.908855    6.853790  (     197   10004)
          97    2.909510    6.009727  (     677   10004)
          98    2.909812    6.812392  (    4261   10004)
          99    2.911202    6.525078  (    1588   10087)
         100    2.912989    6.509686  (    1246   10071)
