     Index              y_true              y_pred        descriptor_1
         1    0.1000000000E+00   -0.6059133862E-01    0.1000000000E+01
         2    0.2600000000E+01    0.6736383060E+01    0.6408006200E+00
         3    0.1560000000E+01   -0.2968283345E+01    0.1153662660E+01
         4    0.4660000000E+01    0.2823755897E+01    0.8475710400E+00
         5    0.6650000000E+01    0.5615289454E+01    0.7000470000E+00
         6    0.3140000000E+01    0.2227664755E+01    0.8790726400E+00
         7    0.2309000000E+02    0.1694832224E+02    0.1011307600E+00
         8    0.6070000000E+01    0.8479905182E+01    0.5486607900E+00
         9    0.1337000000E+02    0.2071835310E+02   -0.9810388000E-01
        10    0.2141000000E+02    0.1906025369E+02   -0.1047838000E-01
        11    0.1012000000E+02    0.6610228953E+01    0.6474674800E+00
        12    0.4660000000E+01    0.8555475671E+01    0.5446671200E+00
        13    0.1128000000E+02    0.1182639733E+02    0.3718088800E+00
        14    0.6140000000E+01    0.5141528924E+01    0.7250838000E+00
        15    0.5980000000E+01    0.5783453930E+01    0.6911600200E+00
        16    0.6970000000E+01    0.5230995200E+01    0.7203557800E+00
        17    0.3600000000E+01    0.1107773220E+02    0.4113735500E+00
        18    0.7350000000E+01    0.1327950668E+02    0.2950164800E+00
        19    0.4060000000E+01    0.4845275888E+01    0.7407398700E+00
        20    0.1925000000E+02    0.2723520500E+02   -0.4424996400E+00
        21    0.2977000000E+02    0.2569107073E+02   -0.3608968500E+00
        22    0.3366000000E+02    0.3324786208E+02   -0.7602502400E+00
        23    0.2638000000E+02    0.2903086580E+02   -0.5373948400E+00
        24    0.2218000000E+02    0.2239131656E+02   -0.1865149000E+00
        25    0.1799000000E+02    0.1432781539E+02    0.2396165600E+00
        26    0.1262000000E+02    0.1103225276E+02    0.4137770000E+00
        27    0.2455000000E+02    0.1833898882E+02    0.2763827000E-01
        28    0.1040000000E+01    0.5811441164E+01    0.6896809800E+00
        29    0.7980000000E+01    0.8149330205E+01    0.5661306700E+00
        30    0.4200000000E+00    0.1727897048E+01    0.9054838400E+00
        31    0.3850000000E+02    0.2971452812E+02   -0.5735243100E+00
        32    0.2347000000E+02    0.2749481506E+02   -0.4562192400E+00
        33    0.1576000000E+02    0.1404493701E+02    0.2545658200E+00
        34    0.1546000000E+02    0.1531951269E+02    0.1872083800E+00
        35    0.2213000000E+02    0.1776316393E+02    0.5806886000E-01
        36    0.9540000000E+01    0.1025735017E+02    0.4547282400E+00
