     Index              y_true              y_pred        descriptor_1
         1    0.9070000000E+02    0.5226412603E+02   -0.9783000000E+00
         2    0.2566500000E+03    0.2107933054E+03   -0.3041425000E+00
         3    0.5132000000E+03    0.4177226790E+03    0.5758405400E+00
         4    0.8950000000E+02    0.1281767880E+03   -0.6554755800E+00
         5    0.2490000000E+03    0.2818535070E+03   -0.1953540000E-02
         6    0.3632000000E+03    0.3516037616E+03    0.2946647700E+00
         7    0.3387000000E+03    0.3372600275E+03    0.2336669400E+00
         8    0.3281500000E+03    0.3032966027E+03    0.8923487000E-01
         9    0.3091000000E+03    0.3381975203E+03    0.2376537000E+00
        10    0.3010000000E+03    0.3386932668E+03    0.2397619000E+00
        11    0.2990000000E+03    0.2576442084E+03   -0.1049054400E+00
        12    0.3260000000E+03    0.3187576429E+03    0.1549841300E+00
        13    0.3275000000E+03    0.3494153449E+03    0.2853583600E+00
        14    0.2480000000E+03    0.2371617091E+03   -0.1920088400E+00
        15    0.2396000000E+03    0.2343543288E+03   -0.2039474400E+00
        16    0.2401500000E+03    0.2222228440E+03   -0.2555375100E+00
        17    0.2530000000E+03    0.2673819939E+03   -0.6349476000E-01
        18    0.2886400000E+03    0.3061159310E+03    0.1012242800E+00
        19    0.2744000000E+03    0.2391419626E+03   -0.1835876600E+00
        20    0.2720000000E+03    0.2701949848E+03   -0.5153230000E-01
        21    0.3334000000E+03    0.4206494622E+03    0.5882869100E+00
        22    0.4097000000E+03    0.4171409658E+03    0.5733667600E+00
        23    0.4920000000E+03    0.4557307927E+03    0.7374729600E+00
        24    0.4460000000E+03    0.3782149005E+03    0.4078306800E+00
        25    0.3380000000E+03    0.3550031547E+03    0.3091209500E+00
        26    0.4380000000E+03    0.4525292514E+03    0.7238581600E+00
        27    0.3990000000E+03    0.4013587250E+03    0.5062515700E+00
        28    0.4150000000E+03    0.4454395734E+03    0.6937087600E+00
        29    0.2680300000E+03    0.3144382735E+03    0.1366156800E+00
        30    0.1693000000E+03    0.2248294213E+03   -0.2444528400E+00
        31    0.4680000000E+03    0.4452105405E+03    0.6927347800E+00
        32    0.3602000000E+03    0.3363617627E+03    0.2298470000E+00
        33    0.4240000000E+03    0.3769373456E+03    0.4023977800E+00
        34    0.2561000000E+03    0.3083149648E+03    0.1105758400E+00
        35    0.4010000000E+03    0.3895118583E+03    0.4558718600E+00
        36    0.2516000000E+03    0.2928964729E+03    0.4500752000E-01
