        Rank        RMSE       MaxAE  Feature_ID
           1    7.863284   14.997944  (       1)
           2    8.201576   15.544550  (       2)
           3    8.229538   16.499386  (       3)
           4    8.952421   15.665605  (       4)
           5    9.250559   16.098321  (       5)
           6    9.573287   22.570090  (       6)
           7    9.713838   18.814542  (       7)
           8    9.787310   24.365380  (       8)
           9    9.932753   27.294920  (       9)
          10    9.935033   19.910277  (      10)
          11   10.029401   17.367222  (      11)
          12   10.122525   29.407628  (      12)
          13   10.208830   24.168465  (      13)
          14   10.263902   21.727648  (      14)
          15   10.340888   21.725352  (      15)
          16   10.381520   18.532899  (      16)
          17   10.446676   24.615998  (      17)
          18   10.525660   26.274060  (      18)
          19   10.593039   24.048261  (      19)
          20   10.610049   20.268638  (      20)
          21   10.610873   22.055349  (      21)
          22   10.616437   20.337553  (      22)
          23   10.623516   20.262434  (      23)
          24   10.644509   18.047719  (      24)
          25   10.652314   29.746950  (      25)
          26   10.658470   21.567599  (      26)
          27   10.673316   30.519727  (      27)
          28   10.681903   20.032246  (      28)
          29   10.696862   30.771442  (      29)
          30   10.709574   21.586130  (      30)
          31   10.716366   25.635967  (      31)
          32   10.725282   21.605470  (      32)
          33   10.726214   21.606611  (      33)
          34   10.727147   21.607752  (      34)
          35   10.734241   19.321547  (      35)
          36   10.743138   21.627201  (      36)
          37   10.780849   31.005484  (      37)
          38   10.818335   22.999293  (      38)
          39   10.828991   22.897210  (      39)
          40   10.853324   23.467901  (      40)
          41   10.883747   21.588616  (      41)
          42   10.910127   31.190935  (      42)
          43   10.963568   25.584645  (      43)
          44   10.980193   23.507803  (      44)
          45   10.981267   30.835499  (      45)
          46   11.105844   31.288313  (      46)
          47   11.122161   23.631854  (      47)
          48   11.126728   27.004128  (      48)
          49   11.132014   29.060937  (      49)
          50   11.194356   25.224642  (      50)
          51   11.194751   21.661706  (      51)
          52   11.202770   26.102538  (      52)
          53   11.240977   22.032325  (      53)
          54   11.245799   21.538851  (      54)
          55   11.275146   26.476974  (      55)
          56   11.289730   21.713261  (      56)
          57   11.292136   24.242461  (      57)
          58   11.292142   24.242213  (      58)
          59   11.292252   24.238001  (      59)
          60   11.301971   24.145982  (      60)
          61   11.320780   24.458727  (      61)
          62   11.344479   19.942034  (      62)
          63   11.345772   29.723140  (      63)
          64   11.350011   24.548638  (      64)
          65   11.352844   27.938857  (      65)
          66   11.356503   31.313712  (      66)
          67   11.370817   21.694972  (      67)
          68   11.378875   27.286816  (      68)
          69   11.387085   21.496147  (      69)
          70   11.395291   29.338931  (      70)
          71   11.400403   22.944758  (      71)
          72   11.400628   20.225737  (      72)
          73   11.411129   31.620066  (      73)
          74   11.411188   20.301792  (      74)
          75   11.412645   23.898264  (      75)
          76   11.412849   23.897992  (      76)
          77   11.416349   23.893385  (      77)
          78   11.425012   24.712391  (      78)
          79   11.433317   26.075146  (      79)
          80   11.434148   21.857163  (      80)
          81   11.435169   29.354388  (      81)
          82   11.438666   28.725336  (      82)
          83   11.439362   23.038869  (      83)
          84   11.441546   27.276456  (      84)
          85   11.442196   29.564153  (      85)
          86   11.442585   29.563523  (      86)
          87   11.445507   28.586875  (      87)
          88   11.446244   21.581321  (      88)
          89   11.446539   28.483418  (      89)
          90   11.448828   27.739915  (      90)
          91   11.462939   26.866128  (      91)
          92   11.463376   24.406099  (      92)
          93   11.469763   24.821631  (      93)
          94   11.472798   27.782010  (      94)
          95   11.473770   29.808871  (      95)
          96   11.475095   24.602779  (      96)
          97   11.480187   30.283040  (      97)
          98   11.480719   24.933981  (      98)
          99   11.486071   19.585331  (      99)
         100   11.495320   30.119325  (     100)
