Model_ID, [(c_i,i=0,n)_j,j=1,ntask]
           1    0.4720502327E+02   -0.7296383686E+02
           2    0.5434581876E+02   -0.6348387605E+02
           3    0.4715200954E+02   -0.6766574087E+02
           4    0.2871293214E+02    0.3829722753E+03
           5    0.2549715659E+02    0.1937883665E+03
           6    0.2927767847E+02    0.3887218750E+03
           7    0.2963944814E+02    0.3549986243E+03
           8    0.5586138556E+02   -0.8460802338E+02
           9    0.2989603962E+02    0.2285660567E+03
          10    0.3024544675E+02    0.3478419776E+03
          11    0.2722943224E+02   -0.1638508462E+03
          12    0.5007762846E+02   -0.6952871759E+02
          13    0.2961148174E+02    0.3944718090E+03
          14    0.2981400375E+02    0.2995725970E+03
          15    0.5852073733E+02   -0.1453464927E+03
          16    0.3557324490E+02   -0.1501214494E+03
          17    0.4938600315E+02   -0.7004003236E+02
          18    0.4694405992E+02   -0.6594850341E+02
          19    0.2859691854E+02    0.2892572772E+03
          20    0.3705251651E+02   -0.1340815672E+03
          21    0.2899986641E+02    0.4056573347E+03
          22    0.3720221861E+02    0.1391341128E+03
          23    0.3704453896E+02   -0.1339706804E+03
          24    0.2908648160E+02    0.4292713016E+03
          25    0.5041694975E+02   -0.6524146858E+02
          26    0.5836307354E+02   -0.1448194646E+03
          27    0.5118972674E+02   -0.6547784258E+02
          28    0.3010673243E+02   -0.3534494370E+03
          29    0.5144144158E+02    0.6589313658E+02
          30    0.3839860829E+02    0.1358702327E+03
          31    0.4727060030E+02   -0.6941694371E+02
          32    0.3841667662E+02    0.1357907015E+03
          33    0.3841774160E+02   -0.1357859650E+03
          34    0.3841880681E+02    0.1357812220E+03
          35    0.3999154736E+02   -0.1602965059E+03
          36    0.3843695131E+02   -0.1356996038E+03
          37    0.5167548415E+02   -0.6611806146E+02
          38    0.3075094396E+02    0.3153080932E+03
          39    0.2875405833E+02   -0.2942747057E+03
          40    0.5822969041E+02   -0.8504146493E+02
          41    0.5838617932E+02   -0.1324802536E+03
          42    0.2830865732E+02   -0.2253258160E+03
          43    0.2817092260E+02   -0.3854183370E+03
          44    0.3201686036E+02    0.2616818208E+03
          45    0.3310457291E+02    0.1267134034E+03
          46    0.5195831305E+02   -0.6213192643E+02
          47    0.3109029936E+02   -0.3377687819E+03
          48    0.4793484236E+02   -0.1020503849E+03
          49    0.2918878397E+02    0.1965278082E+03
          50    0.3578769618E+02   -0.1490526706E+03
          51    0.3013404684E+02    0.3962090953E+03
          52    0.5729599121E+02   -0.8488673449E+02
          53    0.2989972580E+02    0.1032323594E+03
          54    0.3017689283E+02    0.3972299081E+03
          55    0.3433904665E+02   -0.1084426817E+03
          56    0.3294276899E+02   -0.2957092198E+03
          57    0.3281325563E+02   -0.1838514410E+03
          58    0.3281303067E+02   -0.1838507426E+03
          59    0.3280921589E+02   -0.1838387267E+03
          60    0.3272841158E+02   -0.1834989959E+03
          61    0.3302107767E+02   -0.1841072503E+03
          62    0.3197531869E+02    0.2814145835E+03
          63    0.3849901486E+02   -0.1202291364E+03
          64    0.3311353298E+02    0.1840301626E+03
          65    0.3299349766E+02   -0.7367993381E+02
          66    0.3871925238E+02    0.1067050166E+03
          67    0.2964082393E+02    0.4932618924E+03
          68    0.3610773043E+02    0.1106149201E+03
          69    0.3028912873E+02   -0.3963427787E+03
          70    0.3821439905E+02   -0.1181872104E+03
          71    0.3403198838E+02   -0.2610549547E+03
          72    0.6073203831E+02   -0.8573775824E+02
          73    0.4112006736E+02   -0.1053827387E+03
          74    0.5602044253E+02   -0.8076558691E+02
          75    0.3254047752E+02   -0.1816879798E+03
          76    0.3254030087E+02    0.1816851043E+03
          77    0.3253731607E+02   -0.1816359729E+03
          78    0.3328963409E+02   -0.1836561001E+03
          79    0.3368276264E+02   -0.1315153659E+03
          80    0.5654943213E+02    0.8791391611E+02
          81    0.3592462314E+02    0.1190253917E+03
          82    0.3534998050E+02   -0.8238655488E+02
          83    0.3973301573E+02   -0.1284695741E+03
          84    0.3313336258E+02   -0.1489117818E+03
          85    0.3962059222E+02    0.1027164870E+03
          86    0.3962009772E+02    0.1027134563E+03
          87    0.3433094540E+02    0.1940659779E+03
          88    0.5715942445E+02   -0.8484005403E+02
          89    0.3937937914E+02    0.6962667347E+02
          90    0.3311064133E+02    0.1287757588E+03
          91    0.2948096049E+02   -0.3809693507E+03
          92    0.3070351122E+02   -0.1847379710E+03
          93    0.3629604438E+02    0.1864033976E+03
          94    0.3336915156E+02    0.6288457323E+02
          95    0.5047887147E+02   -0.6587791718E+02
          96    0.3224552607E+02    0.3029278483E+03
          97    0.3343269125E+02    0.1111014305E+03
          98    0.3567095207E+02    0.1865016398E+03
          99    0.2944782787E+02    0.4911308544E+03
         100    0.3885627907E+02    0.1210270939E+03
