The coordinates (x,y) of 2D-vertices arranged in clockwise direction
Task :    1
Hull    1
   -0.3323376000E+00   -0.4020000000E+00
    0.2170000000E-01    0.2170000000E-01
    0.6858377000E-01   -0.3518000000E+00
   -0.1420320000E-02   -0.1077300000E+01
   -0.3888526000E-01   -0.1402400000E+01
   -0.5832837000E-01   -0.1508000000E+01
   -0.2000199600E+00   -0.9553000000E+00
Hull    2
   -0.3466022000E-01   -0.1107300000E+01
   -0.2820246000E-01   -0.8913000000E+00
   -0.5940000000E-02   -0.6929000000E+00
    0.5289420000E-01   -0.3574000000E+00
    0.1292862900E+00   -0.1560000000E+00
    0.1632845500E+00   -0.2384000000E+00
    0.2548051800E+00   -0.8184000000E+00
   -0.1179468000E-01   -0.1671900000E+01
