     Index              y_true              y_pred        descriptor_1        descriptor_2
         1    0.2566500000E+03    0.2284269760E+03    0.2447225000E+00    0.0000000000E+00
         2    0.8950000000E+02    0.1092400932E+03    0.9220185300E+00    0.1877069550E-02
         3    0.2490000000E+03    0.2601846596E+03    0.1096146200E+00    0.1273344854E-02
         4    0.3632000000E+03    0.3429091463E+03   -0.3118452700E+00    0.1872021704E-02
         5    0.9034100000E+02    0.8516980582E+02    0.1330542000E+01    0.1288083077E-01
         6    0.1588000000E+03    0.1586090165E+03    0.6133500000E+00    0.0000000000E+00
         7    0.3387000000E+03    0.3338004826E+03   -0.3379896800E+00   -0.1030527787E-02
         8    0.1743000000E+03    0.1761307083E+03    0.9518406000E-01   -0.1664248159E-01
         9    0.3281500000E+03    0.3201275795E+03   -0.2987093700E+00   -0.2317278068E-02
        10    0.4711500000E+03    0.4789512501E+03   -0.1018030160E+01    0.2344932828E-02
        11    0.3091000000E+03    0.3295678111E+03   -0.4625136200E+00   -0.6773006671E-02
        12    0.3010000000E+03    0.3383733371E+03   -0.3570994300E+00   -0.8336984367E-03
        13    0.2990000000E+03    0.2680212447E+03    0.6662760000E-01    0.1210352259E-02
        14    0.3260000000E+03    0.3160283743E+03   -0.2173335200E+00    0.1818679762E-04
        15    0.3275000000E+03    0.3227352184E+03   -0.2721955100E+00   -0.7423176011E-03
        16    0.2480000000E+03    0.2643058179E+03    0.1970235000E+00    0.5541657030E-02
        17    0.2396000000E+03    0.2534594378E+03    0.2971843700E+00    0.7218741950E-02
        18    0.2401500000E+03    0.2546161785E+03    0.3458845800E+00    0.9361642417E-02
        19    0.2530000000E+03    0.2562053701E+03   -0.9942610000E-02   -0.4222635961E-02
        20    0.2744000000E+03    0.2520668956E+03    0.1961932100E+00    0.2982661481E-02
        21    0.2720000000E+03    0.2739245117E+03    0.6520359000E-01    0.2373311791E-02
        22    0.4780000000E+03    0.4481914318E+03   -0.5907494100E+00    0.1270112918E-01
        23    0.4920000000E+03    0.5307701170E+03   -0.9294644800E+00    0.1650491354E-01
        24    0.4460000000E+03    0.4197295603E+03   -0.3413794000E+00    0.1657564106E-01
        25    0.3380000000E+03    0.3228171450E+03   -0.2414790600E+00    0.4755647811E-03
        26    0.3860000000E+03    0.3694224621E+03   -0.4853786600E+00    0.5603662696E-03
        27    0.4380000000E+03    0.4397084401E+03   -0.7383154400E+00    0.5180325501E-02
        28    0.3450000000E+03    0.3591088582E+03   -0.4453025200E+00   -0.1793887758E-05
        29    0.3990000000E+03    0.4059221409E+03   -0.6732436800E+00    0.7498913343E-03
        30    0.4150000000E+03    0.3845576997E+03   -0.5699576000E+00    0.3778798196E-03
        31    0.1693000000E+03    0.1858094980E+03    0.2982138600E+00   -0.6706268986E-02
        32    0.2634000000E+03    0.2458961210E+03   -0.2997269900E+00   -0.1768097881E-01
        33    0.3891500000E+03    0.3959207961E+03   -0.3936033600E+00    0.9618814135E-02
        34    0.3602000000E+03    0.3443886426E+03   -0.3672813300E+00    0.9968511696E-05
        35    0.2561000000E+03    0.2983164293E+03   -0.1679184000E+00   -0.1706103152E-02
        36    0.4010000000E+03    0.4122777432E+03   -0.7442516100E+00   -0.7144049067E-03
