Model_ID, [(c_i,i=0,n)_j,j=1,ntask]
           1    0.1473662799E+02    0.5887151210E+02
           2    0.1856294005E+02    0.4852902806E+02
           3    0.1847455272E+02    0.4851250288E+02
           4    0.1469045820E+02    0.5871328131E+02
           5    0.2286471941E+02    0.1112078129E+03
           6    0.1513406945E+02   -0.5427474313E+02
           7    0.2007453897E+02   -0.4953847865E+02
           8    0.2332662102E+02    0.6711857203E+02
           9    0.3808155928E+02    0.2620354662E+02
          10    0.1980189250E+02    0.4450096014E+02
          11    0.2064336747E+02    0.4224277254E+02
          12    0.1987103080E+02   -0.1359935541E+03
          13    0.2535894688E+02    0.5745053496E+02
          14    0.1870012407E+02    0.5309806778E+02
          15    0.1388633429E+02    0.3097361880E+02
          16    0.2077211227E+02    0.4214748034E+02
          17    0.2302269239E+02    0.1016529391E+03
          18    0.1820899730E+02    0.5075018507E+02
          19    0.2141676615E+02   -0.1225297134E+03
          20    0.1307174109E+02   -0.6775252094E+02
          21    0.2482615780E+02    0.4952246115E+02
          22    0.1812607702E+02    0.5071108862E+02
          23    0.1577392890E+02    0.2974275636E+02
          24    0.2129077771E+02    0.4026193518E+02
          25    0.1782027718E+02   -0.5017648205E+02
          26    0.2013925250E+02   -0.1314777064E+03
          27    0.2265151297E+02   -0.2893203009E+02
          28    0.2108872083E+02    0.4033018060E+02
          29    0.1834178919E+02    0.4382813313E+02
          30    0.2273849148E+02   -0.5627732395E+02
          31    0.2555162957E+02    0.6239185623E+02
          32    0.2033607539E+02   -0.4355655764E+02
          33    0.2648789983E+02    0.3990088475E+02
          34    0.1987660896E+02    0.4849064058E+02
          35    0.2354746929E+02    0.1008033765E+03
          36    0.2319808270E+02   -0.1016836394E+03
          37    0.2246929787E+02    0.8419719672E+02
          38    0.1368316833E+02    0.6713288579E+02
          39    0.2824134119E+02    0.7277181546E+02
          40    0.1559559718E+02    0.5305181972E+02
          41    0.2565981504E+02    0.4754283090E+02
          42    0.2383334662E+02    0.9996502370E+02
          43    0.2189006886E+02    0.7775003806E+02
          44    0.3200017455E+02    0.2693393522E+02
          45    0.2383744502E+02   -0.2499109682E+03
          46    0.1874044547E+02    0.4980788794E+02
          47    0.2417413711E+02   -0.6064374845E+02
          48    0.2404502806E+02    0.9892893880E+02
          49    0.2333698729E+02    0.1011900236E+03
          50    0.1925608425E+02    0.5246359561E+02
          51    0.3040447594E+02    0.2719481249E+02
          52    0.1864693375E+02    0.4979663621E+02
          53    0.2608286530E+02    0.5421265001E+02
          54    0.2184252400E+02    0.4503418845E+02
          55    0.2303041661E+02    0.1022287582E+03
          56    0.1602963412E+02    0.2271214626E+02
          57    0.1278014540E+02    0.6720161040E+02
          58    0.1796147509E+02   -0.6459420664E+02
          59    0.2634746445E+02    0.4713042267E+02
          60    0.1769652561E+02    0.4505630070E+02
          61    0.1904282255E+02    0.4368873182E+02
          62    0.2530922335E+02   -0.4807124304E+02
          63    0.2141227085E+02    0.4364731823E+02
          64    0.2190758021E+02   -0.1270197005E+03
          65    0.2311772091E+02    0.1018899300E+03
          66    0.1779750987E+02    0.4499313008E+02
          67    0.2334229320E+02    0.6292668387E+02
          68    0.2433346387E+02   -0.3860290194E+02
          69    0.2110521995E+02    0.4373134503E+02
          70    0.2367310935E+02    0.4793804819E+02
          71    0.1866227951E+02    0.2583894867E+02
          72    0.2373299399E+02    0.9798519618E+02
          73    0.2050345986E+02    0.4389818194E+02
          74    0.2334724062E+02    0.5340738970E+02
          75    0.1536241465E+02    0.6321119724E+02
          76    0.1862615723E+02   -0.5176762683E+02
          77    0.1620323937E+02    0.5397412642E+02
          78    0.2417438941E+02    0.9851495276E+02
          79    0.2423347292E+02    0.9832758707E+02
          80    0.2047318984E+02   -0.1424985426E+03
          81    0.1842878631E+02    0.4996808778E+02
          82    0.1628396589E+02    0.6826274935E+02
          83    0.2403203932E+02    0.9910197482E+02
          84    0.2016159807E+02    0.3991755370E+02
          85    0.2369857745E+02    0.4742975616E+02
          86    0.1877161482E+02    0.4986256572E+02
          87    0.2333076497E+02    0.5499945732E+02
          88    0.1899812882E+02    0.5377173784E+02
          89    0.1912095421E+02    0.4880773463E+02
          90    0.1853665533E+02    0.7073084989E+02
          91    0.2026320970E+02    0.3987347165E+02
          92    0.2173007776E+02   -0.1168237841E+03
          93    0.1754985339E+02    0.4454902909E+02
          94    0.1834535886E+02    0.4993378913E+02
          95    0.1828994636E+02    0.5005029296E+02
          96    0.2042896284E+02    0.4271289543E+02
          97    0.2663566957E+02   -0.1028900304E+03
          98    0.2324426772E+02    0.1015126497E+03
          99    0.1926709677E+02   -0.4291049202E+02
         100    0.2033578279E+02    0.4273110184E+02
