Model_ID, [(c_i,i=0,n)_j,j=1,ntask]
           1    0.3787446058E+03   -0.2758399605E+03
           2    0.1253467198E+03    0.1017659246E+03
           3    0.1206413410E+03    0.1224120378E+03
           4    0.2788819551E+03   -0.1726249614E+03
           5    0.3833857267E+03   -0.2714088218E+03
           6    0.3681443055E+03   -0.2382469212E+03
           7    0.3770301261E+03   -0.2556959022E+03
           8    0.2924028119E+03   -0.1701710900E+03
           9    0.9607340936E+02    0.1128407748E+03
          10    0.3753822073E+03   -0.2970629914E+03
          11    0.3672260117E+03   -0.2491341668E+03
          12    0.1523153403E+03    0.1322733380E+03
          13    0.2680868978E+03   -0.2050270608E+03
          14    0.3097193188E+03    0.1738897888E+03
          15    0.3742451786E+03   -0.2879154810E+03
          16    0.2889081955E+03   -0.1815822316E+03
          17    0.3783010110E+03   -0.2986455033E+03
          18    0.3101530225E+03   -0.1760299159E+03
          19    0.3104309144E+03   -0.1766309656E+03
          20    0.3100264773E+03   -0.1756358983E+03
          21    0.3513270605E+03   -0.1481578562E+03
          22    0.2964625962E+03   -0.1730453468E+03
          23    0.3105993200E+03   -0.1768611642E+03
          24    0.3107119280E+03   -0.1769703755E+03
          25    0.2877491015E+03   -0.1831704995E+03
          26    0.2921019552E+03   -0.1754684917E+03
          27    0.3566317880E+03    0.2758721477E+03
          28    0.2948484620E+03   -0.1695890542E+03
          29    0.2782068400E+03   -0.1903787232E+03
          30    0.3108110921E+03   -0.1770406336E+03
          31    0.2870050243E+03   -0.1601162348E+03
          32    0.2905983084E+03   -0.1706032884E+03
          33    0.3097170933E+03   -0.1741701578E+03
          34    0.3097109789E+03   -0.1741309283E+03
          35    0.1500785177E+03    0.1365595779E+03
          36    0.2216378951E+03    0.1382618432E+03
          37    0.2577235704E+03   -0.1120642607E+03
          38    0.2739322187E+03   -0.1652132681E+03
          39    0.2739957190E+03    0.1630966968E+03
          40    0.3760384416E+03   -0.2928712839E+03
          41    0.2794829133E+03   -0.1664870170E+03
          42    0.3609950952E+03   -0.2417492345E+03
          43    0.3104314309E+03    0.1768386088E+03
          44    0.2796504587E+03    0.1611811002E+03
          45    0.2795145142E+03    0.1642283863E+03
          46    0.2810317463E+03   -0.1518135889E+03
          47    0.3492145951E+03   -0.2380607299E+03
          48    0.3504179041E+03   -0.2707888235E+03
          49    0.3529050899E+03   -0.2057068802E+03
          50    0.2261924856E+03    0.1388407432E+03
          51    0.3112568017E+03   -0.1771101879E+03
          52    0.3040789199E+03   -0.1675588854E+03
          53    0.2993289522E+03   -0.1464558094E+03
          54    0.9160415054E+02    0.1004904216E+03
          55    0.3107108071E+03    0.2345776929E+03
          56    0.2846463432E+03    0.1778123668E+03
          57    0.3763438947E+03   -0.2951973672E+03
          58    0.1098032538E+03    0.1075495768E+03
          59    0.3705572979E+03   -0.1560839176E+03
          60    0.3110082475E+03    0.2439841932E+03
          61    0.3357331458E+03   -0.2125459864E+03
          62    0.2941561675E+03    0.2201143757E+03
          63    0.2741316833E+03   -0.1641611188E+03
          64    0.3345914551E+03   -0.2384918110E+03
          65    0.3360042100E+03    0.2324926275E+03
          66    0.2796645007E+03    0.1653729846E+03
          67    0.3030486220E+03    0.1680490967E+03
          68    0.4080016885E+03    0.3285747540E+03
          69    0.3489364057E+03    0.2039990293E+03
          70    0.2275116369E+03    0.1330660897E+03
          71    0.3245809609E+03    0.1953673922E+03
          72    0.3100525515E+03   -0.1682908035E+03
          73    0.3715441310E+03   -0.2734491097E+03
          74    0.3115747854E+03   -0.1769630546E+03
          75    0.2317435926E+03    0.1401327540E+03
          76    0.3100395086E+03   -0.1683071710E+03
          77    0.2846887095E+03   -0.1797343291E+03
          78    0.3099097036E+03   -0.2417470611E+03
          79    0.3729589552E+03    0.3110000952E+03
          80    0.2742535603E+03   -0.1961587363E+03
          81    0.3478040405E+03    0.1405783253E+03
          82    0.3728985730E+03   -0.3143951566E+03
          83    0.1072546949E+03    0.1252380692E+03
          84    0.3896178202E+03   -0.3114194009E+03
          85    0.3753675983E+03   -0.2877003194E+03
          86    0.2757541751E+03    0.1924512642E+03
          87    0.2888850123E+03   -0.1627912175E+03
          88    0.1883721954E+03    0.1158052025E+03
          89    0.3118295418E+03    0.2431327418E+03
          90    0.3033206347E+03   -0.1694861794E+03
          91    0.2909372291E+03    0.2355762606E+03
          92    0.3045848076E+03   -0.1467346173E+03
          93    0.1803597150E+03   -0.9567486470E+02
          94    0.2925257573E+03    0.2138146548E+03
          95    0.3339451682E+03    0.2405843501E+03
          96    0.3472648133E+03   -0.2348758492E+03
          97    0.1561436776E+03    0.1228727160E+03
          98    0.2448924562E+03   -0.1190346058E+03
          99    0.1174657999E+03    0.9908463986E+02
         100    0.2535991156E+03   -0.1260533631E+03
