        Rank        RMSE       MaxAE  Feature_ID
           1   33.612483   95.737894  (       1)
           2   33.895018  109.768005  (       2)
           3   33.904455   88.720786  (       3)
           4   33.951154   91.952016  (       4)
           5   34.335505   96.415146  (       5)
           6   34.524779  131.126088  (       6)
           7   34.584379  112.459760  (       7)
           8   34.700974  110.265281  (       8)
           9   34.727590  103.000481  (       9)
          10   34.748612  107.106802  (      10)
          11   34.754015  106.372866  (      11)
          12   34.758978   94.944129  (      12)
          13   34.887697   97.054151  (      13)
          14   34.997050   92.114200  (      14)
          15   35.025934  111.048716  (      15)
          16   35.048390  112.503374  (      16)
          17   35.048473  101.260907  (      17)
          18   35.055980   98.676895  (      18)
          19   35.066255   97.166109  (      19)
          20   35.085452  107.113466  (      20)
          21   35.090795  117.946706  (      21)
          22   35.152803  111.738536  (      22)
          23   35.180170  115.262266  (      23)
          24   35.187035  116.194689  (      24)
          25   35.207287  109.002253  (      25)
          26   35.244095  118.144089  (      26)
          27   35.298556  105.449996  (      27)
          28   35.342951  112.305308  (      28)
          29   35.360445   99.154525  (      29)
          30   35.367984  115.496160  (      30)
          31   35.468646   98.984680  (      31)
          32   35.487077   98.753909  (      32)
          33   35.538094   94.932086  (      33)
          34   35.563191  103.774707  (      34)
          35   35.567973   86.670485  (      35)
          36   35.569166   99.953640  (      36)
          37   35.582724  100.078234  (      37)
          38   35.595710   96.275535  (      38)
          39   35.604033   93.193543  (      39)
          40   35.615820  108.122335  (      40)
          41   35.623739  111.711634  (      41)
          42   35.652557  106.758004  (      42)
          43   35.654849  113.250639  (      43)
          44   35.664301  109.733763  (      44)
          45   35.680660   93.351666  (      45)
          46   35.685905  117.227029  (      46)
          47   35.693930  123.013029  (      47)
          48   35.708446  113.212954  (      48)
          49   35.716704  110.900034  (      49)
          50   35.737713  119.904889  (      50)
          51   35.739294  113.413682  (      51)
          52   35.787718  123.781284  (      52)
          53   35.791376  117.176562  (      53)
          54   35.791958  119.838410  (      54)
          55   35.803040  124.815693  (      55)
          56   35.860136   93.430236  (      56)
          57   35.860337  121.232778  (      57)
          58   35.868784  110.922291  (      58)
          59   35.874531  111.166554  (      59)
          60   35.888634   99.287092  (      60)
          61   35.914352  113.576001  (      61)
          62   35.917795  114.583334  (      62)
          63   35.932796   99.605721  (      63)
          64   35.939459   99.640971  (      64)
          65   35.944290  101.294893  (      65)
          66   35.950045   92.992534  (      66)
          67   36.009159   93.861488  (      67)
          68   36.016966  111.118546  (      68)
          69   36.031858   93.722934  (      69)
          70   36.032377  101.070425  (      70)
          71   36.046742  121.804745  (      71)
          72   36.048043  119.337838  (      72)
          73   36.058963  116.001632  (      73)
          74   36.060232   96.413107  (      74)
          75   36.060305  123.647100  (      75)
          76   36.087245  116.431858  (      76)
          77   36.087846  113.276755  (      77)
          78   36.098333   93.693487  (      78)
          79   36.101569   93.673824  (      79)
          80   36.112518   83.618400  (      80)
          81   36.114668  101.775919  (      81)
          82   36.153407  114.083786  (      82)
          83   36.169536  100.674221  (      83)
          84   36.177576  107.071140  (      84)
          85   36.186768   93.744007  (      85)
          86   36.248130  109.722261  (      86)
          87   36.254781  117.445040  (      87)
          88   36.260560  117.489221  (      88)
          89   36.265231  116.133889  (      89)
          90   36.302413  103.343718  (      90)
          91   36.319155  117.596640  (      91)
          92   36.327335  100.001296  (      92)
          93   36.332056   96.596590  (      93)
          94   36.351143   99.739543  (      94)
          95   36.357089   85.593321  (      95)
          96   36.374082  106.105939  (      96)
          97   36.380307  122.577468  (      97)
          98   36.408765  101.742896  (      98)
          99   36.411573  117.548829  (      99)
         100   36.411573  115.915802  (     100)
