        Rank        RMSE       MaxAE  Feature_ID
           1    9.156664   31.241842  (      66   10158)
           2    9.245308   32.240825  (    1481   10158)
           3    9.315593   34.593439  (     124   10158)
           4    9.353091   32.767822  (    5273   10158)
           5    9.437041   19.162168  (    6580   10060)
           6    9.565620   27.314252  (      19   10664)
           7    9.609474   26.378564  (    2128   10158)
           8    9.641359   22.448946  (    9106   11204)
           9    9.643370   20.690133  (     633   13267)
          10    9.668082   32.155637  (      19   13240)
          11    9.669047   30.876654  (    2664   15240)
          12    9.713618   21.600726  (     740   13267)
          13    9.733321   22.685794  (    1256   10148)
          14    9.734780   24.875498  (    4694   19717)
          15    9.752059   27.211746  (    3258   11204)
          16    9.757555   24.779259  (    5767   19717)
          17    9.758018   32.121934  (    5807   10158)
          18    9.764418   23.921563  (    3004   15240)
          19    9.764919   27.665253  (    7489   11204)
          20    9.767685   28.506933  (    5216   15240)
          21    9.767976   24.687002  (    1649   10158)
          22    9.774049   33.613099  (    3716   10158)
          23    9.778886   27.888835  (    1542   10664)
          24    9.780819   22.874401  (    6697   11204)
          25    9.782086   29.440028  (      52   10664)
          26    9.797010   33.080151  (    9644   10158)
          27    9.797981   27.394206  (    3955   10148)
          28    9.807276   27.170700  (    2419   10148)
          29    9.811269   25.641226  (     633   11204)
          30    9.811584   21.654152  (     135   10664)
          31    9.824225   20.028285  (     814   10060)
          32    9.832511   21.427278  (      97   10060)
          33    9.838774   25.790096  (     123   19717)
          34    9.839157   23.106252  (    2885   10148)
          35    9.842659   25.050651  (     139   14157)
          36    9.845527   24.707276  (    6351   19717)
          37    9.847424   32.303301  (    1133   10158)
          38    9.849769   25.997331  (    9122   10148)
          39    9.852057   26.896764  (    6590   10158)
          40    9.852100   25.739639  (    5911   10148)
          41    9.852746   26.348148  (    9801   12274)
          42    9.855458   28.094746  (    4919   10664)
          43    9.858355   22.258888  (    1309   13267)
          44    9.859023   27.122670  (    2253   15240)
          45    9.860295   22.560809  (    9734   11204)
          46    9.862338   25.358807  (     123   10689)
          47    9.862705   25.773504  (      12   10060)
          48    9.863945   30.221035  (    6938   15240)
          49    9.866413   28.899569  (    1790   10664)
          50    9.868667   25.013254  (    4324   10158)
          51    9.869636   26.887897  (    2709   11204)
          52    9.874884   31.928752  (     216   11204)
          53    9.875087   22.037227  (    7924   11204)
          54    9.881198   21.071650  (     379   10060)
          55    9.882722   27.141260  (    5273   10534)
          56    9.883095   28.197403  (    8509   15240)
          57    9.883503   18.019065  (    2885   10664)
          58    9.888135   28.397071  (    4162   10664)
          59    9.897051   24.115437  (     399   15240)
          60    9.897409   24.873056  (     139   17736)
          61    9.899782   26.771764  (    1481   10534)
          62    9.900278   27.625734  (      66   12116)
          63    9.906329   35.026028  (    5026   10158)
          64    9.914001   26.739066  (    9334   10121)
          65    9.916557   23.102100  (    9334   10148)
          66    9.921674   24.145819  (     773   15240)
          67    9.921695   32.511933  (    1222   10158)
          68    9.923915   27.199137  (    3757   11204)
          69    9.925901   21.336955  (     633   16356)
          70    9.930253   24.349746  (    2567   10158)
          71    9.931433   29.189896  (    2312   11204)
          72    9.935071   32.198292  (    5263   16692)
          73    9.935480   33.037683  (    4994   10158)
          74    9.938226   36.006400  (    4823   10158)
          75    9.942048   28.399204  (    4968   10664)
          76    9.943101   30.957729  (     585   15240)
          77    9.944350   27.341853  (      15   19717)
          78    9.946945   23.036069  (      81   10060)
          79    9.948891   32.055739  (     759   16692)
          80    9.949897   25.134721  (     704   10060)
          81    9.950985   26.258891  (    5353   10150)
          82    9.951186   29.106853  (    2615   15240)
          83    9.952443   26.857232  (     249   17736)
          84    9.953047   31.287855  (    3865   11204)
          85    9.954129   27.665787  (     135   10148)
          86    9.954356   25.641332  (     139   10689)
          87    9.955442   24.885814  (    8194   10664)
          88    9.955566   24.482698  (     139   19717)
          89    9.958557   21.996601  (    5353   10024)
          90    9.959928   27.304861  (    4410   11204)
          91    9.960105   24.132423  (      12   12231)
          92    9.962450   27.658044  (    8761   10158)
          93    9.962513   23.685179  (    5014   10158)
          94    9.965382   27.516550  (    6955   10664)
          95    9.965427   21.051946  (     372   10664)
          96    9.969602   20.511106  (     160   10060)
          97    9.970524   31.810594  (     353   10158)
          98    9.972892   27.764075  (      15   14157)
          99    9.973037   30.002070  (    3513   10158)
         100    9.974898   28.449051  (     481   10664)
