Model_ID, [(c_i,i=0,n)_j,j=1,ntask]
           1    0.2363418794E+03   -0.1019126336E+03    0.3602669865E+03
           2    0.3155653509E+03    0.3081838919E+03   -0.7294568589E+02
           3    0.2908262971E+03    0.2755861442E+03   -0.1483788580E+03
           4    0.3055678659E+03    0.2846914794E+03   -0.7885711448E+02
           5    0.3171130168E+03    0.3119012876E+03   -0.6606891398E+02
           6    0.3171468686E+03    0.3115414224E+03   -0.6565525541E+02
           7    0.3029220227E+03    0.2788047598E+03   -0.8953070266E+02
           8    0.3184664645E+03    0.3143869223E+03   -0.6246320069E+02
           9    0.3114981053E+03    0.3005946051E+03   -0.1294740849E+03
          10    0.2880908699E+03    0.2641625806E+03   -0.1639368284E+03
          11    0.3174810752E+03    0.3123640955E+03   -0.6749765752E+02
          12    0.2920581409E+03    0.2751293812E+03   -0.1426546443E+03
          13    0.3171786297E+03    0.3111688195E+03   -0.6524111204E+02
          14    0.2370934632E+03   -0.1021889373E+03   -0.3480975605E+03
          15    0.2918291560E+03    0.2706458853E+03   -0.1480035482E+03
          16    0.3133098996E+03    0.3059515460E+03   -0.9530677309E+02
          17    0.3031329465E+03    0.2791835779E+03   -0.8675644644E+02
          18    0.3340932278E+03    0.1599999233E+03   -0.1611045233E+03
          19    0.2936068406E+03    0.2743597227E+03   -0.1441213094E+03
          20    0.3351576256E+03    0.1642967765E+03    0.1395764089E+03
          21    0.2918002977E+03    0.2709210325E+03   -0.1500922831E+03
          22    0.2919260993E+03    0.2708208940E+03   -0.1495669424E+03
          23    0.2916715682E+03    0.2710076265E+03   -0.1506237392E+03
          24    0.2929174293E+03    0.2778134505E+03   -0.1417422465E+03
          25    0.2919125986E+03    0.2673989381E+03   -0.1516735570E+03
          26    0.3381752744E+03    0.1622361163E+03    0.3029539126E+03
          27    0.3114429762E+03    0.3001890405E+03   -0.1247870250E+03
          28    0.2952876736E+03    0.2837236264E+03   -0.1323632801E+03
          29    0.2940878705E+03    0.2751333679E+03   -0.1433054906E+03
          30    0.2930223185E+03    0.2702120287E+03   -0.1425621224E+03
          31    0.1955592737E+03    0.1795465821E+03   -0.1084770934E+04
          32    0.3339092032E+03    0.1605608897E+03   -0.1634343331E+03
          33    0.3333487549E+03    0.1599842586E+03    0.1672225953E+03
          34    0.2928659334E+03    0.2705687764E+03   -0.1452355360E+03
          35    0.3326060248E+03    0.1595730667E+03    0.4458150648E+03
          36    0.3321938081E+03    0.1591534197E+03    0.4528755029E+03
          37    0.3367850771E+03    0.1605654453E+03   -0.3277667737E+03
          38    0.3329238415E+03    0.1587939978E+03   -0.4292498711E+03
          39    0.2917447366E+03    0.2698874758E+03   -0.1464410320E+03
          40    0.2930149806E+03    0.2704734156E+03   -0.1445280042E+03
          41    0.2894531176E+03    0.2636215504E+03   -0.1575483005E+03
          42    0.2931255128E+03    0.2669555577E+03   -0.1461585471E+03
          43    0.3335778012E+03    0.1594718472E+03   -0.4155929936E+03
          44    0.3136385557E+03    0.3066572875E+03   -0.9502362162E+02
          45    0.3344589231E+03    0.1590035087E+03   -0.1503811179E+03
          46    0.2952264932E+03    0.2747195627E+03   -0.1381573830E+03
          47    0.3348802675E+03    0.1594831082E+03   -0.1468887945E+03
          48    0.3208043784E+03    0.2917126874E+03   -0.7824243927E+02
          49    0.2931612783E+03    0.2703653485E+03   -0.1438263289E+03
          50    0.3167136875E+03    0.3100396597E+03   -0.6375310041E+02
          51    0.3337099127E+03    0.1603256214E+03   -0.1642427573E+03
          52    0.3377585249E+03    0.1617534599E+03    0.3029915479E+03
          53    0.3339460645E+03    0.1584265653E+03    0.1532097319E+03
          54    0.3428599405E+03    0.3096727172E+03   -0.5617219259E+02
          55    0.3143203919E+03    0.3115478563E+03   -0.2209868867E+03
          56    0.2939019104E+03    0.2728449110E+03   -0.1415607262E+03
          57    0.2966981410E+03    0.2849472186E+03   -0.1267603614E+03
          58    0.2999004742E+03    0.1409775114E+03   -0.1250357742E+03
          59    0.3344052112E+03    0.1589477388E+03   -0.1492452234E+03
          60    0.3364728236E+03    0.1602034643E+03   -0.3283514209E+03
          61    0.2951597198E+03    0.2755739167E+03   -0.1377913147E+03
          62    0.3176857441E+03    0.3125142724E+03   -0.6902422803E+02
          63    0.3366835265E+03    0.1618553143E+03    0.3380819540E+03
          64    0.3033605581E+03    0.2789832288E+03   -0.8345583214E+02
          65    0.3347439546E+03    0.1613748451E+03   -0.1554167102E+03
          66    0.3138990843E+03    0.3118979927E+03   -0.2252785560E+03
          67    0.3324825593E+03    0.1600074314E+03    0.4480516609E+03
          68    0.3320647072E+03    0.1595924680E+03    0.4553667565E+03
          69    0.2929204228E+03    0.2694639003E+03   -0.1411019271E+03
          70    0.2991694595E+03    0.2954533323E+03   -0.8028365682E+02
          71    0.3448441817E+03    0.3025985059E+03   -0.6718956765E+02
          72    0.2960776407E+03    0.2773337358E+03   -0.1373354153E+03
          73    0.3316080914E+03    0.1581483967E+03   -0.1790819992E+03
          74    0.2940185346E+03    0.2730402488E+03   -0.1430873698E+03
          75    0.3138440141E+03    0.3117609610E+03   -0.2255130863E+03
          76    0.2974363222E+03    0.2841164337E+03   -0.1234368133E+03
          77    0.2939009616E+03    0.2731455676E+03   -0.1435760239E+03
          78    0.2946572046E+03    0.2795271771E+03   -0.1345018446E+03
          79    0.3211363161E+03    0.2925170876E+03   -0.7838439288E+02
          80    0.3378538905E+03    0.1631600634E+03   -0.3108170487E+03
          81    0.2937805628E+03    0.2732373027E+03   -0.1440702353E+03
          82    0.3032862171E+03    0.2790893421E+03   -0.8361442865E+02
          83    0.2959652463E+03    0.2746901369E+03   -0.1341444513E+03
          84    0.3366527540E+03    0.1619777740E+03    0.3378577710E+03
          85    0.3379529875E+03    0.1634184778E+03    0.3102129451E+03
          86    0.3175201706E+03    0.3074348990E+03   -0.6555621013E+02
          87    0.2940303328E+03    0.2696149770E+03   -0.1451446844E+03
          88    0.2980741850E+03    0.2863200297E+03   -0.1233076839E+03
          89    0.2994890881E+03    0.2948261064E+03   -0.7759746550E+02
          90    0.3358976847E+03    0.1611031922E+03   -0.1381705483E+03
          91    0.2963179632E+03    0.2786282025E+03   -0.1319585360E+03
          92    0.3357588794E+03    0.1616964406E+03   -0.1417830892E+03
          93    0.2984162392E+03    0.1397593377E+03    0.1277665610E+03
          94    0.3120771210E+03    0.3101345411E+03   -0.2400557490E+03
          95    0.3132570781E+03    0.3035847542E+03   -0.1106810734E+03
          96    0.3155707621E+03    0.3152246034E+03   -0.6308748206E+02
          97    0.3362315600E+03    0.1639383203E+03    0.9420363518E+03
          98    0.3016839627E+03    0.2710379481E+03   -0.1040347550E+03
          99    0.2946150913E+03    0.2849107038E+03    0.1029159357E+03
         100    0.2916340567E+03    0.2705377180E+03   -0.1524584087E+03
