Model_ID, [(c_i,i=0,n)_j,j=1,ntask]
           1    0.4632356702E+01    0.2766887383E+02
           2    0.4744721623E+01    0.2749838496E+02
           3    0.3274174077E+01    0.2447067535E+02
           4    0.4049570090E+01    0.1831767703E+02
           5    0.4649720486E+01    0.2759553109E+02
           6    0.5228687736E+01    0.2681966475E+02
           7    0.4979629880E+01    0.2700144220E+02
           8    0.5226024650E+01   -0.1153615680E+02
           9    0.5016722317E+01    0.2706418890E+02
          10    0.2348386579E+00    0.3262952990E+02
          11    0.3511376614E+01    0.2327390136E+02
          12    0.6127576003E+01    0.1880519359E+02
          13    0.3525558511E+01   -0.2331746716E+02
          14    0.4359874002E+01    0.2785985103E+02
          15    0.4904704633E+01    0.1661262324E+03
          16    0.4002715961E+01    0.2031169001E+02
          17    0.4580497453E+01    0.2760899244E+02
          18    0.3299185385E+01    0.1198749310E+02
          19    0.6730720071E+01    0.2785108216E+02
          20    0.3267475058E+01   -0.2371008731E+02
          21    0.3255744342E+01    0.2376405140E+02
          22    0.3428754388E+01    0.1188883411E+02
          23    0.3061993955E+01    0.1419192354E+02
          24    0.5107141658E+01    0.1055806872E+03
          25    0.3257058030E+01    0.1200632843E+02
          26    0.3370380824E+01    0.2328411179E+02
          27    0.2762856472E+01    0.1076700820E+02
          28    0.3355169772E+01    0.2070803046E+02
          29    0.4341351454E+01    0.1737074525E+02
          30    0.2767587171E+01    0.1705819198E+02
          31    0.3856440180E+01    0.2234231749E+02
          32    0.3197682451E+01    0.1203713484E+02
          33    0.3609737772E+01    0.1180971805E+02
          34    0.3738144659E+01    0.2247390770E+02
          35    0.4427443171E+01    0.2234339431E+02
          36    0.4191204422E+01    0.2186933238E+02
          37    0.4401331259E+01   -0.1301223779E+02
          38    0.3182021115E+01    0.2419321866E+02
          39    0.4443774651E+01    0.2777781289E+02
          40    0.3393379869E+01   -0.1234951909E+02
          41    0.3269303605E+01    0.2295307286E+02
          42    0.3158196585E+01    0.1204396477E+02
          43    0.3497751666E+01    0.2278413358E+02
          44    0.2947871289E+01    0.1213407477E+02
          45    0.1430650372E+01    0.1898899172E+02
          46    0.1121709987E+02    0.3024571454E+02
          47    0.1398586162E+01    0.9538182486E+01
          48    0.4045359488E+01    0.5199723691E+02
          49    0.3657808455E+01    0.2254618674E+02
          50    0.3571017359E+01    0.2263946058E+02
          51    0.1370083291E+01   -0.1915831741E+02
          52    0.3366422531E+00   -0.2367984879E+02
          53    0.3393030210E+01    0.2405071147E+02
          54    0.4118649890E+01    0.2192767758E+02
          55    0.3981178011E+01    0.2269248162E+02
          56    0.4020144538E+01    0.2206846005E+02
          57    0.3227702911E+01    0.2697936936E+02
          58    0.3534291524E+01    0.2268710653E+02
          59    0.1031172593E+01    0.3293337917E+02
          60    0.3465965429E+01    0.2267017355E+02
          61    0.3122147665E+01    0.1205523078E+02
          62    0.4214579888E+01    0.1956627932E+02
          63    0.3541588537E+01    0.2266179953E+02
          64    0.3867323191E+01    0.2198938371E+02
          65    0.5199062844E+01    0.2690649749E+02
          66    0.5122636941E+01   -0.2048408114E+02
          67    0.5290867275E+01   -0.3298906964E+02
          68    0.3548941857E+01    0.2263637934E+02
          69    0.2813407665E+01    0.2407757456E+02
          70    0.4383671601E+01    0.2234735105E+02
          71    0.3173247794E+01   -0.2432570925E+02
          72    0.4007103219E+01    0.2204718798E+02
          73    0.3173185063E+01    0.2433501173E+02
          74    0.2300693888E+01    0.2782412950E+02
          75    0.4264114271E+01    0.2249332775E+02
          76    0.3555639870E+01    0.1180502175E+02
          77    0.3514913444E+01    0.2267762308E+02
          78    0.3039105161E+01    0.1614521466E+02
          79    0.3890232264E+01    0.2290672927E+02
          80    0.3173320796E+01    0.2435087751E+02
          81    0.4653333232E+01    0.8576837247E+02
          82    0.3944402140E+01    0.2247683968E+02
          83    0.5599362625E+01    0.2577574913E+02
          84    0.3317629127E+01    0.1506099728E+02
          85    0.3932249346E+01    0.1150385219E+02
          86    0.4601432817E+01    0.2126740434E+02
          87    0.4297658162E+01    0.2168300902E+02
          88    0.1144672010E+01    0.2265274011E+02
          89    0.5070947821E+01   -0.2262050568E+02
          90    0.4782525879E+01    0.2715150213E+02
          91    0.3174354108E+01    0.2437738075E+02
          92    0.3685537527E+01    0.2244935671E+02
          93    0.4976744633E+01    0.2321062185E+02
          94    0.1291509281E+01    0.1657305740E+02
          95    0.4150073443E+01    0.9423960951E+02
          96    0.6566511494E+01    0.6902576486E+02
          97    0.4073405447E+01    0.9549014331E+02
          98    0.3653949606E+01    0.2256677924E+02
          99    0.2575129237E+01    0.2767110728E+02
         100    0.2665539472E+01    0.2753731590E+02
