        Rank        RMSE       MaxAE  Feature_ID
           1   26.562062  106.732896  (     265   10229)
           2   26.730681  107.986528  (     265   10375)
           3   26.913491  100.457789  (    1125   10375)
           4   26.967505   99.186231  (    1125   10229)
           5   26.972636  110.452425  (     265   10170)
           6   27.005962  109.334207  (     265   10908)
           7   27.075327  100.315742  (       2   10257)
           8   27.123172   96.891132  (       8   13020)
           9   27.124653  113.308593  (       1   10002)
          10   27.136593  107.277306  (       1   10490)
          11   27.139633  108.472026  (       1   10112)
          12   27.142132  102.166620  (     805   10375)
          13   27.152494  108.165681  (       1   10105)
          14   27.155792   95.604884  (      12   13020)
          15   27.160158  108.298310  (       1   10173)
          16   27.160512  114.372416  (       1   10001)
          17   27.168389  107.208293  (       1   10347)
          18   27.169865  107.778975  (       1   10257)
          19   27.172125  107.985114  (       1   10166)
          20   27.184229   96.826191  (       8   13329)
          21   27.194755  108.966651  (     265   12702)
          22   27.195042  107.857081  (       6   11419)
          23   27.198255   99.274376  (       8   10257)
          24   27.200416  113.429791  (       1   10003)
          25   27.202785  113.361294  (       1   10004)
          26   27.203792  100.962994  (     805   10229)
          27   27.204684   97.063753  (      17   17237)
          28   27.213317  112.811895  (     450   13011)
          29   27.215147   95.544161  (      12   13329)
          30   27.215342  108.155083  (       6   11353)
          31   27.217114  109.131858  (     265   12580)
          32   27.227960  114.975625  (       1   10006)
          33   27.236319  115.224414  (       1   10005)
          34   27.237469   96.762928  (       6   10424)
          35   27.248531  100.769322  (       2   10286)
          36   27.251055  108.869539  (     265   14091)
          37   27.283891  110.081384  (       6   10154)
          38   27.288542  109.789132  (       6   10005)
          39   27.293752  109.772638  (     265   10990)
          40   27.293901   98.059855  (      12   10257)
          41   27.302864  116.551331  (      13   10934)
          42   27.303328   96.099163  (      18   13020)
          43   27.305068  102.583239  (      45   11419)
          44   27.307055  108.234923  (       1   10286)
          45   27.316197  108.815687  (      13   10257)
          46   27.318185  106.425293  (       1   10106)
          47   27.318903  111.250709  (     579   13011)
          48   27.318914   91.874745  (      45   10424)
          49   27.324077  113.776713  (       1   10007)
          50   27.328160  113.852424  (       1   10010)
          51   27.329734  114.303075  (       1   10008)
          52   27.330763  108.800951  (       6   10001)
          53   27.338207   98.150364  (       2   13329)
          54   27.338316   91.592158  (      63   10424)
          55   27.338739  114.840612  (       1   10018)
          56   27.345923  115.568104  (       1   10009)
          57   27.346714  102.577032  (       6   13525)
          58   27.347867  114.867652  (       1   10012)
          59   27.349526  102.297025  (       6   10257)
          60   27.351384  114.402241  (       1   10011)
          61   27.353842   96.026229  (      18   13329)
          62   27.358939  101.415140  (    2189   10229)
          63   27.360485  114.156458  (     625   13011)
          64   27.361451  108.165238  (       6   10007)
          65   27.362650   98.303403  (       2   13020)
          66   27.363975   97.212105  (       7   13020)
          67   27.368317  108.042942  (    1125   13443)
          68   27.370421  113.362322  (       1   10015)
          69   27.370480  109.594238  (       6   10017)
          70   27.371701  115.037265  (       1   10017)
          71   27.377686  115.447997  (       1   10157)
          72   27.380156   99.731149  (       8   10286)
          73   27.380636  114.515820  (       1   10013)
          74   27.380752   97.115241  (       5   13020)
          75   27.381646  109.105188  (     265   13852)
          76   27.385028   97.831674  (      11   13020)
          77   27.385229  101.551479  (       6   12941)
          78   27.386156  106.769191  (       6   10819)
          79   27.387106  109.728198  (       6   10934)
          80   27.389515  117.120522  (      13   10154)
          81   27.390352  100.264220  (       6   10832)
          82   27.397017  110.233885  (       6   10157)
          83   27.400251   99.084621  (       2   12448)
          84   27.400807  107.865783  (       6   10004)
          85   27.405471  109.145447  (     265   13824)
          86   27.409846  111.173573  (     265   10225)
          87   27.413140  101.777004  (    1296   10375)
          88   27.414647  101.409869  (       2   10301)
          89   27.418476  102.217244  (       6   16078)
          90   27.418752  107.836913  (       6   10002)
          91   27.422830  114.781998  (       1   10014)
          92   27.423131  109.331056  (       6   10006)
          93   27.423707  114.098069  (       1   10016)
          94   27.427411  100.184695  (      11   10257)
          95   27.428382   99.534771  (       7   10257)
          96   27.429093  111.909415  (       6   10377)
          97   27.429874  105.420821  (      53   13482)
          98   27.430017  109.186259  (     265   13806)
          99   27.431006  108.867465  (       1   10301)
         100   27.431194  109.650213  (       6   10026)
