Model_ID, [(c_i,i=0,n)_j,j=1,ntask]
           1    0.6410808778E+02   -0.6634953733E+02    0.2883885800E+03
           2    0.7209733203E+02   -0.2809017562E+02   -0.1885949253E+03
           3    0.7380304213E+02   -0.6738321069E+02    0.5699922183E+03
           4    0.6256495670E+02   -0.5737045517E+02    0.4306414933E+02
           5    0.6666488130E+02   -0.7057258713E+02    0.2503747598E+03
           6    0.6221084714E+02   -0.5918079414E+02    0.4837506913E+03
           7    0.6812736362E+02   -0.6037550871E+02   -0.2458231076E+03
           8    0.6225600387E+02   -0.5654447615E+02   -0.4120249582E+02
           9    0.7047527032E+02   -0.2722450311E+02   -0.4653622749E+03
          10    0.6250419146E+02   -0.5645813283E+02    0.4540762380E+02
          11    0.6525620931E+02   -0.4309184013E+02    0.2519481740E+03
          12    0.7256781843E+02   -0.2732665690E+02    0.1357643915E+03
          13    0.6052006418E+02   -0.5317891516E+02    0.4950532764E+02
          14    0.5354159349E+02    0.4123567910E+02   -0.1219873696E+03
          15    0.6679108336E+02   -0.4894509987E+02    0.2708203192E+03
          16    0.6620960733E+02   -0.6410736711E+02   -0.5037026334E+02
          17    0.6791480663E+02   -0.4687581535E+02   -0.1845275619E+03
          18    0.6516564134E+02   -0.6350616430E+02    0.1731317446E+03
          19    0.7408845583E+02   -0.6580807551E+02    0.2316670683E+03
          20    0.7050387729E+02   -0.4551614513E+02    0.3647538532E+03
          21    0.6215874241E+02   -0.5559636350E+02   -0.4372189979E+02
          22    0.5340787773E+02   -0.3732601360E+02    0.1815144637E+03
          23    0.5317118621E+02    0.4016595039E+02   -0.1139800397E+03
          24    0.5988488801E+02   -0.5326647842E+02   -0.4061703574E+03
          25    0.5433959185E+02    0.4206806782E+02    0.2087937042E+03
          26    0.7115980379E+02   -0.4698309351E+02   -0.3432257250E+03
          27    0.6158728933E+02   -0.5592437214E+02    0.4081196861E+02
          28    0.5084170032E+02    0.3688518550E+02   -0.2178589749E+03
          29    0.7344454638E+02   -0.6382739497E+02    0.2495907576E+03
          30    0.6380532935E+02   -0.5880068724E+02   -0.7900604091E+03
          31    0.6132358182E+02   -0.5493508180E+02   -0.4697415603E+02
          32    0.5108062899E+02    0.3579661807E+02    0.1842458220E+03
          33    0.5248250568E+02    0.3668573463E+02    0.3082167605E+03
          34    0.5299480127E+02    0.3397248999E+02   -0.2174768415E+03
          35    0.6832826506E+02    0.6080783101E+02   -0.2364008045E+03
          36    0.6332807233E+02   -0.6093637762E+02   -0.1346143750E+04
          37    0.6096106435E+02   -0.5963606962E+02   -0.1826943107E+03
          38    0.6417792456E+02   -0.4423090904E+02   -0.1478740055E+03
          39    0.6747993483E+02   -0.5943960775E+02   -0.1597121239E+03
          40    0.6903508972E+02   -0.6150316761E+02   -0.6056571859E+02
          41    0.5505138330E+02    0.3959000915E+02   -0.1769947433E+03
          42    0.5505148805E+02    0.4217935569E+02    0.9846619194E+02
          43    0.6868404507E+02    0.4932919208E+02   -0.1749869781E+03
          44    0.6557027937E+02   -0.5986330500E+02   -0.2927286391E+02
          45    0.6660738504E+02   -0.3095539275E+02   -0.1909465236E+03
          46    0.5138063495E+02    0.3630223589E+02    0.1619799286E+03
          47    0.5421798019E+02   -0.2978074146E+02   -0.1967173252E+03
          48    0.5290615754E+02    0.3464698848E+02   -0.2625349818E+03
          49    0.6627865819E+02   -0.5987041172E+02   -0.2939198735E+02
          50    0.6436294650E+02    0.5483795811E+02   -0.2047328761E+03
          51    0.6471873018E+02   -0.6213258422E+02    0.3706964043E+03
          52    0.5453251228E+02    0.4029922976E+02   -0.1067969298E+03
          53    0.6936379900E+02   -0.4527684597E+02   -0.2939723155E+03
          54    0.7326118837E+02   -0.6432883132E+02   -0.2615554351E+03
          55    0.6492822449E+02   -0.5963888313E+02    0.4253029752E+03
          56    0.6913850920E+02   -0.4557025113E+02   -0.2875958813E+03
          57    0.5350450941E+02   -0.5712847616E+02    0.2687821119E+02
          58    0.5367169085E+02   -0.5724248154E+02    0.2659955117E+02
          59    0.5387138290E+02    0.4197232758E+02   -0.1063368003E+03
          60    0.5341280059E+02    0.3089864300E+02   -0.2041650432E+03
          61    0.7239694458E+02    0.7112352288E+02    0.2835153590E+03
          62    0.6043636784E+02   -0.5610332972E+02   -0.9383413904E+03
          63    0.6113563037E+02   -0.5581346525E+02    0.3520862388E+02
          64    0.5287220523E+02    0.3923902567E+02   -0.1273540222E+03
          65    0.7278665573E+02   -0.6473400367E+02   -0.2386975798E+03
          66    0.7052052426E+02   -0.4541860755E+02   -0.3630972566E+03
          67    0.6942680556E+02   -0.4651017430E+02   -0.2988926140E+03
          68    0.6649186150E+02   -0.6797803466E+02   -0.1776653017E+03
          69    0.6338249356E+02   -0.5952731621E+02    0.6386223516E+02
          70    0.6625152438E+02   -0.6088178048E+02    0.1889487298E+03
          71    0.6753881799E+02   -0.6057455044E+02   -0.1745797333E+03
          72    0.6508909868E+02    0.4668304494E+02   -0.1406705997E+03
          73    0.5456660016E+02   -0.2955582056E+02   -0.3093410060E+03
          74    0.5502955303E+02    0.3521431790E+02   -0.1056950329E+03
          75    0.6219320503E+02   -0.6068459438E+02    0.2740263077E+02
          76    0.6595924053E+02   -0.6722875804E+02   -0.1749596046E+03
          77    0.6515918151E+02   -0.6067015275E+02   -0.3269320544E+02
          78    0.6592217918E+02   -0.6714730759E+02   -0.1745833486E+03
          79    0.6156755869E+02   -0.5475774313E+02   -0.2177867262E+03
          80    0.7335402726E+02   -0.6450038159E+02   -0.2676366662E+03
          81    0.6551600498E+02   -0.6271205818E+02    0.1904849864E+03
          82    0.6706276440E+02   -0.3060492501E+02   -0.1897906965E+03
          83    0.5997755861E+02   -0.5405763930E+02    0.4689137432E+02
          84    0.5075879998E+02    0.2829182838E+02   -0.2140227229E+03
          85    0.6029524477E+02   -0.5502588153E+02    0.4042701624E+03
          86    0.6676240346E+02   -0.5006136021E+02    0.2565873601E+03
          87    0.7023407952E+02   -0.4529466572E+02    0.3431224443E+03
          88    0.5028010643E+02    0.3788338178E+02   -0.2016643143E+03
          89    0.6093978540E+02   -0.5495900254E+02   -0.4588079458E+02
          90    0.6681035234E+02   -0.6883709990E+02   -0.1750332162E+03
          91    0.6597994283E+02    0.4533448919E+02    0.2349774716E+03
          92    0.5378351750E+02    0.3258023334E+02    0.5548298823E+03
          93    0.6100794201E+02   -0.5456113498E+02    0.2103614673E+03
          94    0.6553926227E+02   -0.6035738181E+02   -0.3310152765E+02
          95    0.6438635518E+02   -0.6111088364E+02   -0.4901106686E+03
          96    0.5454130751E+02    0.3969296279E+02    0.1908970547E+03
          97    0.4550294736E+02    0.3386850927E+02   -0.1835095122E+03
          98    0.5281370148E+02   -0.6023195025E+02    0.2464932016E+02
          99    0.7275511124E+02   -0.2713583729E+02    0.3479478374E+03
         100    0.5439901547E+02    0.4211053466E+02   -0.2051656089E+03
