      rank       #data_overlap        size_overlap          feature_ID
         1                  11             0.12181   (      46     740)
         2                  11             0.12181   (      46    1003)
         3                  11             0.12811   (     309    1670)
         4                  11             0.13219   (     115     793)
         5                  11             0.13219   (     115    1221)
         6                  11             0.13652   (     115     740)
         7                  11             0.13652   (     115    1003)
         8                  11             0.14811   (      49     793)
         9                  11             0.14811   (      49    1221)
        10                  12             0.07250   (     115    1648)
        11                  12             0.07523   (      31     740)
        12                  12             0.07523   (      31    1003)
        13                  12             0.07523   (      30     740)
        14                  12             0.07523   (      30    1003)
        15                  12             0.07557   (       9    1010)
        16                  12             0.07942   (      29     740)
        17                  12             0.07942   (      29    1003)
        18                  12             0.07955   (       9    1017)
        19                  12             0.07955   (       9     736)
        20                  12             0.08179   (       9     739)
        21                  12             0.08179   (       9    1020)
        22                  12             0.09093   (       9    1009)
        23                  12             0.09370   (      22    1668)
        24                  12             0.09370   (       9     726)
        25                  12             0.09370   (       9    1125)
        26                  12             0.13686   (      46     793)
        27                  12             0.13686   (      46    1221)
        28                  12             0.15625   (     305     793)
        29                  12             0.15625   (     305    1221)
        30                  13             0.05358   (       9    1001)
        31                  13             0.06492   (      30     793)
        32                  13             0.06492   (      30    1221)
        33                  13             0.07620   (      31    1221)
        34                  13             0.07935   (      30     836)
        35                  13             0.07935   (      30    1086)
        36                  13             0.08219   (       9     728)
        37                  13             0.08306   (       9     725)
        38                  13             0.08461   (      22    1063)
        39                  13             0.08461   (      22    1066)
        40                  13             0.08461   (      22    1070)
        41                  13             0.08461   (      22    1073)
        42                  13             0.09093   (      22    1065)
        43                  13             0.09093   (      22    1069)
        44                  13             0.09125   (       9    1124)
        45                  13             0.09287   (       9    1824)
        46                  13             0.09287   (       9    1813)
        47                  13             0.09287   (       9    1818)
        48                  13             0.09287   (       9     727)
        49                  13             0.09566   (      29    1221)
        50                  13             0.09566   (      29     793)
        51                  13             0.09621   (       9    1805)
        52                  13             0.09671   (       9     746)
        53                  13             0.10321   (     463    1648)
        54                  13             0.10341   (      71    1067)
        55                  13             0.10341   (      71     285)
        56                  13             0.10371   (      46    1123)
        57                  13             0.10602   (      73     740)
        58                  13             0.10602   (      73    1003)
        59                  13             0.10749   (      74     740)
        60                  13             0.10749   (      74    1003)
        61                  13             0.10749   (      72    1003)
        62                  13             0.10749   (      72     740)
        63                  13             0.11268   (      75     740)
        64                  13             0.11268   (      75    1003)
        65                  13             0.11274   (      71     740)
        66                  13             0.11274   (      71    1003)
        67                  13             0.11274   (      71    1007)
        68                  13             0.11450   (      46    1255)
        69                  13             0.11450   (      46    1243)
        70                  13             0.11812   (      46    1264)
        71                  13             0.11812   (      46    1245)
        72                  13             0.11852   (      46    1272)
        73                  13             0.11852   (      46    1247)
        74                  13             0.12157   (      46    1283)
        75                  13             0.12509   (      46    1240)
        76                  13             0.13277   (      46    1077)
        77                  13             0.13328   (     309    1120)
        78                  13             0.13652   (     115    1243)
        79                  13             0.13652   (     115    1245)
        80                  13             0.13652   (     115    1247)
        81                  13             0.13652   (     115    1283)
        82                  13             0.13652   (     113     115)
        83                  13             0.13652   (     115    1077)
        84                  13             0.13652   (     115    1123)
        85                  13             0.13652   (     115    1255)
        86                  13             0.13652   (     115    1264)
        87                  13             0.13652   (     115    1272)
        88                  13             0.14434   (      74     836)
        89                  13             0.14434   (      74    1086)
        90                  13             0.15254   (     309     487)
        91                  13             0.15254   (     309    1222)
        92                  13             0.15500   (     274     793)
        93                  13             0.15500   (     274    1221)
        94                  13             0.15584   (     188     793)
        95                  13             0.15584   (     188    1221)
        96                  13             0.15625   (     309     751)
        97                  13             0.15625   (     309    1131)
        98                  13             0.16297   (     463    1247)
        99                  13             0.16297   (     463    1272)
       100                  13             0.16327   (     463    1255)
