        Rank        RMSE       MaxAE  Feature_ID
           1    2.210142    5.052899  (     634   10300)
           2    2.210150    5.997439  (    5416   10540)
           3    2.234230    6.075797  (    9958   10540)
           4    2.244544    5.567109  (    5416   10008)
           5    2.264014    5.928426  (    6026   10540)
           6    2.266218    5.715652  (    5416   10140)
           7    2.266718    5.068964  (    6026   10661)
           8    2.268416    5.804558  (    9958   10140)
           9    2.272156    5.845636  (    3718   10540)
          10    2.283521    5.383000  (    9958   10008)
          11    2.286180    5.258531  (     338   10300)
          12    2.296315    6.710993  (    5416   13834)
          13    2.298162    6.376132  (    7681   11787)
          14    2.303762    6.593188  (    3718   13834)
          15    2.306473    5.721598  (    3718   10008)
          16    2.311672    5.986705  (    2240   18412)
          17    2.316187    4.907669  (    6212   10443)
          18    2.320144    6.739340  (     328   13834)
          19    2.325270    6.546827  (    3399   13834)
          20    2.326394    5.775190  (    3399   10540)
          21    2.331316    5.407740  (    3685   15155)
          22    2.331940    6.774733  (    1945   10206)
          23    2.332622    7.401489  (    5416   10242)
          24    2.334281    5.942992  (     634   10504)
          25    2.338173    5.631043  (    6026   10140)
          26    2.338349    5.589540  (    6026   10008)
          27    2.338818    6.972404  (    4709   10300)
          28    2.341535    5.777427  (    3399   10008)
          29    2.342387    5.446307  (    9603   16020)
          30    2.342853    5.011427  (    1337   11946)
          31    2.345898    5.622617  (     283   18385)
          32    2.346399    4.691911  (    2240   17197)
          33    2.347561    4.867225  (    5534   10443)
          34    2.350313    5.551498  (    3718   10140)
          35    2.351962    7.479173  (    3718   10242)
          36    2.352407    5.038628  (    2921   17197)
          37    2.355271    5.602538  (     332   18385)
          38    2.357039    7.207234  (     328   10242)
          39    2.357547    5.868319  (    6026   11581)
          40    2.361069    4.732722  (    1337   12283)
          41    2.362795    6.622168  (    6026   13834)
          42    2.364058    6.482537  (     338   10504)
          43    2.364577    6.269478  (    9574   11993)
          44    2.368242    5.370812  (    9603   17081)
          45    2.372164    5.255998  (     283   13088)
          46    2.373765    4.796553  (    1337   10858)
          47    2.375098    5.959151  (     173   10300)
          48    2.377541    4.790078  (    5385   10443)
          49    2.377547    6.480573  (    3446   13834)
          50    2.377917    6.095828  (    6026   11520)
          51    2.381925    6.741994  (    9958   13834)
          52    2.383307    7.514550  (    3399   10242)
          53    2.384009    5.235470  (     332   13088)
          54    2.385234    5.868264  (    7475   11787)
          55    2.388756    7.075813  (    5416   10356)
          56    2.389240    6.149305  (    6026   11532)
          57    2.390795    5.743285  (     283   19658)
          58    2.396257    7.384892  (    6026   10242)
          59    2.397706    4.723994  (    1337   16784)
          60    2.398854    5.723346  (     332   19658)
          61    2.401494    5.514350  (    6717   19658)
          62    2.402462    5.485233  (    3399   10140)
          63    2.403656    6.758853  (    7681   10206)
          64    2.405518    5.520751  (    4477   19658)
          65    2.406605    7.161739  (    3718   10356)
          66    2.406622    5.827424  (    3446   10008)
          67    2.407699    7.280755  (    9958   10242)
          68    2.409148    5.686541  (    3446   10540)
          69    2.409657    5.950956  (     328   10540)
          70    2.409807    6.633996  (    5416   10029)
          71    2.411126    5.329183  (    9603   19202)
          72    2.412140    5.600388  (     555   18385)
          73    2.412753    4.799972  (    7611   18412)
          74    2.413647    5.492862  (     173   18728)
          75    2.416655    4.705983  (    1337   19424)
          76    2.417854    4.719000  (    1337   18352)
          77    2.419393    6.324197  (    2588   15220)
          78    2.419939    6.843953  (    3718   15155)
          79    2.420079    4.644557  (    2891   10300)
          80    2.422771    5.029026  (    1909   11946)
          81    2.424845    5.284168  (    3718   10661)
          82    2.425615    7.014952  (     173   11993)
          83    2.430639    5.428168  (     173   17746)
          84    2.432649    5.020247  (    6212   11328)
          85    2.432823    4.714762  (    1337   19897)
          86    2.433640    5.974341  (    5416   11829)
          87    2.433847    5.869751  (    2240   14558)
          88    2.433925    5.135937  (    5710   10443)
          89    2.434231    4.716503  (    1337   19922)
          90    2.434805    5.754914  (    6026   12510)
          91    2.435352    5.305101  (    2282   15191)
          92    2.435935    4.920621  (       2   11698)
          93    2.435944    4.718340  (    1337   19966)
          94    2.436778    4.761935  (    1337   15474)
          95    2.436955    7.201034  (    3399   10356)
          96    2.438505    6.402547  (    2240   12583)
          97    2.438755    6.033184  (    2921   18412)
          98    2.439880    4.955809  (    5772   10443)
          99    2.440870    4.974147  (    5946   10443)
         100    2.441174    4.916804  (    5488   10443)
