        Rank        RMSE       MaxAE  Feature_ID
           1   32.405720   77.098335  (       1)
           2   32.453703   69.255201  (       2)
           3   32.459863   90.873574  (       3)
           4   32.475980   91.464815  (       4)
           5   32.649316   87.039558  (       5)
           6   32.666227   92.870690  (       6)
           7   32.692790   99.021158  (       7)
           8   32.779463  110.027368  (       8)
           9   32.837249  113.355491  (       9)
          10   32.920063  112.158207  (      10)
          11   32.963816   84.158294  (      11)
          12   32.966446   90.929166  (      12)
          13   32.969176  110.976889  (      13)
          14   32.999437   96.385218  (      14)
          15   33.008569   76.097732  (      15)
          16   33.012440  114.946976  (      16)
          17   33.132449   93.979867  (      17)
          18   33.151195   76.980530  (      18)
          19   33.197505  111.895933  (      19)
          20   33.216496   88.042296  (      20)
          21   33.219869  113.419879  (      21)
          22   33.220195  110.376993  (      22)
          23   33.324868   99.951943  (      23)
          24   33.326020  100.706190  (      24)
          25   33.351392   81.484761  (      25)
          26   33.367888   73.629795  (      26)
          27   33.371818   86.725208  (      27)
          28   33.382460  107.821827  (      28)
          29   33.407088  115.642143  (      29)
          30   33.417516  113.445470  (      30)
          31   33.431793   83.742342  (      31)
          32   33.452715  112.713912  (      32)
          33   33.456178   72.526549  (      33)
          34   33.467846   89.451016  (      34)
          35   33.472226  104.250119  (      35)
          36   33.483578  111.422428  (      36)
          37   33.495946  112.332716  (      37)
          38   33.504034  111.464047  (      38)
          39   33.504366   77.968346  (      39)
          40   33.510244  111.333320  (      40)
          41   33.512304  114.307913  (      41)
          42   33.515793  112.315698  (      42)
          43   33.530816   96.427723  (      43)
          44   33.534361  109.828685  (      44)
          45   33.538792  113.150322  (      45)
          46   33.546735   93.564396  (      46)
          47   33.547768  112.898481  (      47)
          48   33.585080  107.567496  (      48)
          49   33.596673  113.885215  (      49)
          50   33.616803  114.650392  (      50)
          51   33.619420  113.933545  (      51)
          52   33.621603   96.762308  (      52)
          53   33.633706  110.695844  (      53)
          54   33.635988  110.760751  (      54)
          55   33.651167  113.882902  (      55)
          56   33.653613  110.182009  (      56)
          57   33.672392   83.932131  (      57)
          58   33.689108   74.834879  (      58)
          59   33.690515   81.309051  (      59)
          60   33.694575  112.212072  (      60)
          61   33.726482  114.293033  (      61)
          62   33.731932  104.776006  (      62)
          63   33.737089   96.100148  (      63)
          64   33.738223   92.209604  (      64)
          65   33.743974   79.633179  (      65)
          66   33.749679  110.387387  (      66)
          67   33.755541  115.097468  (      67)
          68   33.758642  108.726932  (      68)
          69   33.797421  109.782741  (      69)
          70   33.811943  101.631722  (      70)
          71   33.813687   85.580103  (      71)
          72   33.833710   95.685392  (      72)
          73   33.855145  103.153382  (      73)
          74   33.875984   93.483493  (      74)
          75   33.879442  113.200383  (      75)
          76   33.884084  111.030931  (      76)
          77   33.890486   87.873551  (      77)
          78   33.902929  111.531770  (      78)
          79   33.904294   66.541442  (      79)
          80   33.904415  104.693875  (      80)
          81   33.910872  105.325511  (      81)
          82   33.912348  108.929030  (      82)
          83   33.918320  109.926141  (      83)
          84   33.924010   98.236681  (      84)
          85   33.926068  109.737662  (      85)
          86   33.927416  105.694370  (      86)
          87   33.952816  117.491070  (      87)
          88   33.953369  109.026468  (      88)
          89   33.964373  111.735193  (      89)
          90   33.967072  109.583436  (      90)
          91   33.968762  109.206125  (      91)
          92   33.984827   95.485614  (      92)
          93   33.985338  113.262103  (      93)
          94   34.001131   81.575268  (      94)
          95   34.003903   97.167575  (      95)
          96   34.004015   63.516825  (      96)
          97   34.005654  110.093367  (      97)
          98   34.010283  116.415680  (      98)
          99   34.020442  103.121969  (      99)
         100   34.022526  110.232298  (     100)
