Model_ID, [(c_i,i=0,n)_j,j=1,ntask]
           1    0.1310625876E+03    0.3470945422E+03
           2    0.1053703558E+03   -0.3875560708E+03
           3    0.1130439085E+03    0.3359973310E+03
           4    0.2096155297E+03    0.1287959560E+03
           5    0.1317712364E+03    0.2009942381E+03
           6    0.1402980870E+03    0.2486650058E+03
           7    0.2227118490E+03   -0.1481178855E+03
           8    0.2274904708E+03   -0.1558433624E+03
           9    0.1978469319E+03    0.1525173511E+03
          10    0.1356067503E+03    0.3433786106E+03
          11    0.1836582659E+03   -0.2449919467E+03
          12    0.1769361546E+03    0.1178540036E+03
          13    0.1090380514E+03   -0.2303137740E+03
          14    0.1162851852E+03    0.2142388527E+03
          15    0.1266057747E+03    0.4765409189E+03
          16    0.1968558870E+03    0.1067779542E+03
          17    0.1370851355E+03    0.3378249772E+03
          18    0.3844148052E+03    0.2668966037E+03
          19    0.3844238631E+03    0.2668195137E+03
          20    0.2172366287E+03    0.1366195305E+03
          21    0.1197833755E+03    0.1154891140E+03
          22    0.9506648739E+02   -0.2012561456E+03
          23    0.2188121712E+03   -0.1423540105E+03
          24    0.9367168652E+02   -0.2050704337E+03
          25    0.2117747637E+03    0.1371938176E+03
          26    0.1619547608E+03    0.1423689998E+03
          27    0.1629619754E+03    0.2580856486E+03
          28    0.9256960977E+02   -0.2054247891E+03
          29    0.9133791467E+02   -0.2057526048E+03
          30    0.1870136577E+03   -0.2337851847E+03
          31    0.1461240322E+03    0.3278105934E+03
          32    0.7072189534E+02    0.1076524728E+03
          33    0.1114403973E+03   -0.1928269856E+03
          34    0.2325862164E+03    0.1636049965E+03
          35    0.1452891570E+03    0.3285582443E+03
          36    0.1452833910E+03    0.3285623227E+03
          37    0.1452491500E+03    0.3285861050E+03
          38    0.2012891461E+03    0.1147292964E+03
          39    0.2748307390E+03    0.2081644625E+03
          40    0.3855965984E+03    0.2455899620E+03
          41    0.1639187063E+03    0.1268867708E+03
          42    0.1484636846E+03    0.1245569667E+03
          43    0.2290107872E+03    0.1141783527E+03
          44    0.8545720937E+02    0.3630236230E+03
          45    0.1728069978E+03   -0.2942669354E+03
          46    0.2387962168E+03    0.1520517366E+03
          47    0.2253058303E+03    0.1703085019E+03
          48    0.8675517125E+02    0.1578792027E+03
          49    0.2213424150E+03   -0.1775753212E+03
          50    0.1840751820E+03    0.1280521748E+03
          51    0.2241506862E+03   -0.1438158543E+03
          52    0.2367382029E+03   -0.1292611911E+03
          53    0.2277243666E+03    0.1636355290E+03
          54    0.1843431183E+03   -0.2348607165E+03
          55    0.2572568490E+03    0.1606622856E+03
          56    0.1555433714E+03    0.1447284154E+03
          57    0.1203054365E+03    0.2699420383E+03
          58    0.1054520355E+03   -0.1786485327E+03
          59    0.1791624770E+03    0.1300997694E+03
          60    0.1797861519E+03    0.9988750472E+02
          61    0.1781441281E+03    0.9316681193E+02
          62    0.2772507861E+03    0.2233860861E+03
          63    0.1437749051E+03    0.1080355950E+03
          64    0.1920971192E+03   -0.2466165565E+03
          65    0.1812602515E+03    0.1266335928E+03
          66    0.1094688952E+03    0.2090831643E+03
          67    0.1857162314E+03   -0.2348065174E+03
          68    0.1896795625E+03    0.2237932885E+03
          69    0.3972506893E+02    0.1179350979E+03
          70    0.2293064584E+03   -0.1454303832E+03
          71    0.1868761961E+03    0.2328878698E+03
          72    0.1763461100E+03    0.1310360325E+03
          73    0.1475279945E+03    0.2410005014E+03
          74    0.1443428499E+03    0.3283970937E+03
          75    0.3845743820E+03    0.2730106272E+03
          76    0.1436947826E+03    0.1921290753E+03
          77    0.2833086920E+03   -0.2378719345E+03
          78    0.8446384487E+02    0.9964833765E+02
          79    0.2373405061E+03    0.1592304018E+03
          80    0.1508219955E+03    0.1084381218E+03
          81    0.1253323227E+03    0.1104102004E+03
          82    0.1506355169E+03   -0.3219208632E+03
          83    0.1194112966E+03    0.1241838566E+03
          84    0.2103301491E+03    0.1387513488E+03
          85    0.9180737651E+02    0.4072785621E+03
          86    0.2125624949E+03    0.1434750146E+03
          87    0.2633199720E+03   -0.2265976154E+03
          88    0.2175493357E+03    0.1386533765E+03
          89    0.1055042927E+03   -0.1783973842E+03
          90    0.2286398554E+03    0.1652035423E+03
          91    0.1896359049E+03   -0.2512571082E+03
          92    0.1895031144E+03   -0.2307929516E+03
          93    0.1037026846E+02    0.1389552604E+03
          94    0.2250087823E+03    0.1653804154E+03
          95    0.2330557956E+03    0.1620452359E+03
          96    0.1229967876E+03    0.1198099333E+03
          97    0.1398299495E+03    0.2736532928E+03
          98    0.3690418381E+03    0.2149608789E+03
          99    0.8122738445E+02    0.4030706302E+03
         100    0.1969992679E+03    0.1009787172E+03
