     Index              y_true              y_pred        descriptor_1        descriptor_2
         1    0.1000000000E+00   -0.3774704553E+01   -0.2170000000E-01    0.0000000000E+00
         2    0.2600000000E+01    0.1329676371E+01    0.9995458000E-01    0.0000000000E+00
         3    0.4090000000E+02    0.4141284749E+02    0.6873006000E+00   -0.1366033213E+00
         4    0.1560000000E+01    0.9408627411E+00    0.1168126400E+00    0.9698414592E-02
         5    0.4660000000E+01    0.7077094869E+01    0.2369349100E+00    0.0000000000E+00
         6    0.6650000000E+01    0.4986192357E+01    0.2179122000E+00    0.1143792000E-01
         7    0.1316000000E+02    0.9609037509E+01    0.2836209000E+00   -0.5070584340E-02
         8    0.2280000000E+01    0.7267426513E+00    0.1257789500E+00    0.1492149679E-01
         9    0.4360000000E+01    0.1015628225E+02    0.3414914200E+00    0.1157103490E-01
        10    0.1337000000E+02    0.1410258929E+02    0.4138440400E+00    0.3514824885E-02
        11    0.2141000000E+02    0.2266666630E+02    0.6101625400E+00    0.6220637500E-03
        12    0.1012000000E+02    0.9045592083E+01    0.1041702800E+00   -0.6670353751E-01
        13    0.4660000000E+01    0.9866772277E+01    0.3055790000E+00    0.8006355280E-03
        14    0.1128000000E+02    0.1180948548E+02    0.3502494700E+00    0.1951804860E-03
        15    0.7530000000E+01    0.1190341308E+02    0.3836152100E+00    0.1175063088E-01
        16    0.6140000000E+01    0.5438203035E+01    0.1991164000E+00    0.4609982000E-03
        17    0.6970000000E+01    0.6293345675E+01    0.2215355500E+00    0.1217655720E-02
        18    0.3600000000E+01    0.3963784031E+01    0.1604511200E+00   -0.8475691380E-03
        19    0.4810000000E+01    0.1197416948E+02    0.3380861400E+00   -0.5777345844E-02
        20    0.1002000000E+02    0.1364687886E+02    0.4438875800E+00    0.1870002534E-01
        21    0.1925000000E+02    0.1892358096E+02    0.6958881600E+00    0.6556424371E-01
        22    0.2305000000E+02    0.2054906773E+02    0.7335275900E+00    0.6515536962E-01
        23    0.2977000000E+02    0.3130286746E+02    0.6367122900E+00   -0.6593277600E-01
        24    0.3366000000E+02    0.3098959663E+02    0.8068502400E+00   -0.3049800000E-07
        25    0.2638000000E+02    0.1697946825E+02    0.4076000000E+00   -0.2425710198E-01
        26    0.2218000000E+02    0.2310533149E+02    0.5800368000E+00   -0.1444284000E-01
        27    0.1799000000E+02    0.1993880712E+02    0.5467684600E+00    0.1223458040E-02
        28    0.1262000000E+02    0.1344415041E+02    0.3860413200E+00   -0.9807842880E-03
        29    0.5650000000E+01    0.9477112476E+01    0.1972405200E+00   -0.3597068250E-01
        30    0.1040000000E+01    0.1460989104E+01    0.9364338000E-01   -0.3504755550E-02
        31    0.7980000000E+01    0.3077009492E+01    0.1456462400E+00    0.1502321040E-02
        32    0.4200000000E+00    0.1908805782E+01    0.7774104000E-01   -0.1337041897E-01
        33    0.3850000000E+02    0.3786987541E+02    0.6538852200E+00   -0.1176608915E+00
        34    0.2613000000E+02    0.2162029156E+02    0.5620481100E+00   -0.7981581600E-02
        35    0.1546000000E+02    0.1653937112E+02    0.4111566200E+00   -0.1904289096E-01
        36    0.2213000000E+02    0.1802874372E+02    0.4824905800E+00   -0.5738902785E-02
