     Index              y_true              y_pred        descriptor_1        descriptor_2
         1    0.4090000000E+02    0.3375322061E+02    0.5455512200E+00    0.0000000000E+00
         2    0.1560000000E+01    0.1565156375E+01   -0.9641276100E+00    0.0000000000E+00
         3    0.4660000000E+01    0.3811027805E+01   -0.8587921500E+00    0.0000000000E+00
         4    0.1316000000E+02    0.1405549164E+02   -0.3783081400E+00    0.0000000000E+00
         5    0.2309000000E+02    0.2483344468E+02   -0.1691709400E+00   -0.1187969247E-01
         6    0.6070000000E+01    0.3692696792E+01   -0.8643420900E+00    0.0000000000E+00
         7    0.1337000000E+02    0.1687501487E+02   -0.1907942400E+00    0.2215579261E-02
         8    0.2141000000E+02    0.1726066573E+02   -0.1552560000E+00    0.2915069175E-02
         9    0.4660000000E+01    0.6611133994E+01   -0.7241585600E+00    0.1324185882E-03
        10    0.7530000000E+01    0.7457816208E+01   -0.6851942400E+00    0.1024910106E-03
        11    0.5980000000E+01    0.5534913440E+01   -0.7786297600E+00   -0.2769760867E-04
        12    0.6970000000E+01    0.3601392197E+01   -0.8704831300E+00   -0.7450403864E-04
        13    0.4390000000E+01    0.6351184144E+01   -0.7445394700E+00   -0.1958224873E-03
        14    0.3600000000E+01    0.6987299700E+01   -0.7651000900E+00   -0.2215889930E-02
        15    0.7350000000E+01    0.8374039032E+01   -0.7187762500E+00   -0.2966136362E-02
        16    0.4060000000E+01    0.5865085736E+01   -0.7265550100E+00    0.1438946066E-02
        17    0.4810000000E+01    0.6993513897E+01   -0.7527172100E+00   -0.1731214867E-02
        18    0.1002000000E+02    0.5547617536E+01   -0.4204723000E-01    0.2947374296E-01
        19    0.1925000000E+02    0.1919853437E+02   -0.1370900700E+00    0.0000000000E+00
        20    0.2305000000E+02    0.2626475232E+02    0.1943284200E+00    0.0000000000E+00
        21    0.2977000000E+02    0.3307461583E+02    0.5137234200E+00    0.0000000000E+00
        22    0.3366000000E+02    0.3457752771E+02    0.5634677200E+00   -0.8315469782E-03
        23    0.2492000000E+02    0.2878579229E+02    0.5702610000E+00    0.1032934725E-01
        24    0.2638000000E+02    0.2379661325E+02    0.3816622400E+00    0.1214928328E-01
        25    0.1799000000E+02    0.1553938454E+02   -0.3063338500E+00    0.9528058394E-04
        26    0.1262000000E+02    0.1585362388E+02   -0.1400306000E-01    0.1122235074E-01
        27    0.5650000000E+01    0.4568301336E+01   -0.8189388400E+00    0.1737971853E-03
        28    0.2455000000E+02    0.1866708463E+02   -0.1550437300E+00    0.2794791211E-03
        29    0.1040000000E+01    0.4183768990E+01    0.8899510000E-02    0.3407996800E-01
        30    0.7980000000E+01    0.6931376494E+01   -0.7072331400E+00    0.2087975799E-03
        31    0.4200000000E+00    0.4379946226E+01   -0.8321088400E+00    0.0000000000E+00
        32    0.2347000000E+02    0.2552482339E+02    0.1143035900E+00   -0.1816648830E-02
        33    0.1576000000E+02    0.1560907687E+02   -0.3537402500E+00   -0.1935990368E-02
        34    0.1546000000E+02    0.1244028324E+02   -0.5285290000E+00   -0.2984856012E-02
        35    0.2213000000E+02    0.2070074423E+02   -0.2807991400E+00   -0.8584651556E-02
        36    0.9540000000E+01    0.7963036038E+01   -0.6907462900E+00   -0.1069882978E-02
