     Index              y_true              y_pred        descriptor_1
         1    0.1000000000E+00   -0.2565283626E+01    0.1956600000E+01
         2    0.2600000000E+01    0.1195517037E+01    0.1579800000E+01
         3    0.4090000000E+02    0.2870784991E+02   -0.1176700000E+01
         4    0.4660000000E+01    0.5482310786E+01    0.1150300000E+01
         5    0.6650000000E+01    0.8598345729E+01    0.8381000000E+00
         6    0.1316000000E+02    0.1387524411E+02    0.3094000000E+00
         7    0.2280000000E+01    0.2952404450E+00    0.1670000000E+01
         8    0.3140000000E+01    0.6926546072E+01    0.1005600000E+01
         9    0.2309000000E+02    0.1897348450E+02   -0.2014000000E+00
        10    0.4360000000E+01    0.8846869977E+01    0.8132000000E+00
        11    0.2141000000E+02    0.1804326523E+02   -0.1082000000E+00
        12    0.1012000000E+02    0.2046263381E+02   -0.3506000000E+00
        13    0.1128000000E+02    0.9425761799E+01    0.7552000000E+00
        14    0.6140000000E+01    0.5612062401E+01    0.1137300000E+01
        15    0.6970000000E+01    0.4681843129E+01    0.1230500000E+01
        16    0.4390000000E+01    0.7437567818E+01    0.9544000000E+00
        17    0.3600000000E+01    0.1030408042E+02    0.6672000000E+00
        18    0.4060000000E+01    0.5385496119E+01    0.1160000000E+01
        19    0.1002000000E+02    0.2410466184E+02   -0.7155000000E+00
        20    0.1925000000E+02    0.1991168849E+02   -0.2954000000E+00
        21    0.2305000000E+02    0.2821878613E+02   -0.1127700000E+01
        22    0.2977000000E+02    0.2768081597E+02   -0.1073800000E+01
        23    0.3366000000E+02    0.3386597566E+02   -0.1693500000E+01
        24    0.2492000000E+02    0.2761394398E+02   -0.1067100000E+01
        25    0.2218000000E+02    0.2285405588E+02   -0.5902000000E+00
        26    0.1799000000E+02    0.1811313148E+02   -0.1152000000E+00
        27    0.1262000000E+02    0.1956135913E+02   -0.2603000000E+00
        28    0.2455000000E+02    0.2553791814E+02   -0.8591000000E+00
        29    0.7980000000E+01    0.6631111625E+01    0.1035200000E+01
        30    0.3850000000E+02    0.2617370105E+02   -0.9228000000E+00
        31    0.2347000000E+02    0.2529638052E+02   -0.8349000000E+00
        32    0.1576000000E+02    0.1527855773E+02    0.1688000000E+00
        33    0.2613000000E+02    0.1751028552E+02   -0.5480000000E-01
        34    0.1546000000E+02    0.9966726225E+01    0.7010000000E+00
        35    0.2213000000E+02    0.1575963680E+02    0.1206000000E+00
        36    0.9540000000E+01    0.1012242816E+02    0.6854000000E+00
