     Index              y_true              y_pred        descriptor_1        descriptor_2
         1    0.1000000000E+00    0.1285701621E+00   -0.9783000000E+00    0.0000000000E+00
         2    0.4660000000E+01    0.5770811519E+01   -0.6774104500E+00   -0.1110672991E-02
         3    0.6650000000E+01    0.3857465313E+01   -0.4342800000E+00    0.1667446397E-01
         4    0.2280000000E+01    0.2321601212E+01   -0.8527905600E+00    0.0000000000E+00
         5    0.3140000000E+01    0.3303481036E+01   -0.7965965600E+00    0.0000000000E+00
         6    0.2309000000E+02    0.2095493615E+02    0.1889410800E+00   -0.1244410079E-02
         7    0.1012000000E+02    0.9255706551E+01    0.2724200400E+00    0.3673523138E-01
         8    0.1470000000E+02    0.1253451290E+02   -0.5852548000E-01    0.1057977508E-01
         9    0.4660000000E+01    0.6075472411E+01   -0.5822717600E+00    0.2808276779E-02
        10    0.1128000000E+02    0.1124553194E+02   -0.3312032000E+00    0.5478049907E-03
        11    0.7530000000E+01    0.8959314296E+01   -0.1700119500E+00    0.1527659846E-01
        12    0.6140000000E+01    0.6436771685E+01   -0.6211092000E+00   -0.1933742765E-03
        13    0.5980000000E+01    0.7963947964E+01   -0.5601872000E+00   -0.1528893075E-02
        14    0.6970000000E+01    0.6585086160E+01   -0.6220516900E+00   -0.6690128112E-03
        15    0.3600000000E+01    0.8142540582E+01   -0.6744715700E+00   -0.7808351591E-02
        16    0.7350000000E+01    0.5295994005E+01   -0.6759663400E+00    0.3327029049E-03
        17    0.4060000000E+01    0.5656962418E+01   -0.6239466600E+00    0.1914406244E-02
        18    0.4810000000E+01    0.3974612867E+01   -0.5995893500E+00    0.7998907791E-02
        19    0.1002000000E+02    0.1105756601E+02    0.5487757500E+00    0.4547229834E-01
        20    0.1925000000E+02    0.2342766363E+02    0.5434401400E+00    0.9497400517E-02
        21    0.2305000000E+02    0.2282596787E+02    0.4654706400E+00    0.7301762058E-02
        22    0.2977000000E+02    0.2786969988E+02    0.3887175600E+00   -0.1112782887E-01
        23    0.3366000000E+02    0.3327377316E+02    0.9776131000E+00    0.2974608000E-02
        24    0.2492000000E+02    0.2857200906E+02    0.6345538300E+00   -0.7562085750E-03
        25    0.2638000000E+02    0.2703799580E+02    0.5617543200E+00    0.0000000000E+00
        26    0.2218000000E+02    0.2549188731E+02    0.4204391000E+00   -0.2664484351E-02
        27    0.1262000000E+02    0.1363170768E+02    0.2995795200E+00    0.2547387254E-01
        28    0.5650000000E+01    0.7489427845E+01   -0.6332212700E+00   -0.3842699434E-02
        29    0.4200000000E+00   -0.9031584878E+00   -0.1037346900E+01    0.0000000000E+00
        30    0.3850000000E+02    0.3446388588E+02    0.6949278000E+00   -0.1471790205E-01
        31    0.2347000000E+02    0.2462456876E+02    0.5964648800E+00    0.8716896160E-02
        32    0.1576000000E+02    0.1737711208E+02    0.2931500000E-02   -0.2985983124E-03
        33    0.2613000000E+02    0.1806624618E+02    0.1620943200E+00    0.5739656297E-02
        34    0.1546000000E+02    0.9841075953E+01   -0.4028740800E+00    0.9869743420E-03
        35    0.2213000000E+02    0.2268322222E+02    0.7301846000E-01   -0.1207962269E-01
        36    0.9540000000E+01    0.1073603000E+02   -0.4738104000E+00   -0.5173964280E-02
