        Rank        RMSE       MaxAE  Feature_ID
           1   31.077631   90.133618  (    9671   11582)
           2   31.488615   95.081928  (    3853   12289)
           3   31.612465  103.434575  (    6103   10343)
           4   31.651444   99.565986  (    5567   19254)
           5   31.667222   93.398842  (    3853   12106)
           6   31.668048   93.218910  (    5567   10659)
           7   31.670442   94.206329  (    5567   16720)
           8   31.704100   92.202986  (    9671   10075)
           9   31.710114   89.846825  (    9282   11582)
          10   31.738386   95.809839  (    3853   15765)
          11   31.786027   94.166832  (    5567   17401)
          12   31.833103  107.467209  (    6103   12629)
          13   31.859684   95.224823  (    4998   11897)
          14   31.861467   95.641974  (    5158   11897)
          15   31.864603   96.546234  (    3853   11897)
          16   31.865275   97.280589  (    5159   11897)
          17   31.898654  107.201395  (    6103   11790)
          18   31.902196   93.682831  (    5567   10688)
          19   31.903402   93.205074  (    5567   12942)
          20   31.933581   97.179643  (    4998   16720)
          21   31.940747   97.109853  (    3853   16613)
          22   31.951897  102.340127  (    3853   17396)
          23   31.966400  102.402445  (    4998   19254)
          24   31.972648   94.972521  (    4998   10659)
          25   31.986186   95.440783  (    5159   12289)
          26   32.015857   92.804482  (    3367   12289)
          27   32.037104   97.145946  (    4998   17401)
          28   32.055225   96.339846  (    6103   11330)
          29   32.076757   97.491047  (    5158   16720)
          30   32.078885   92.273917  (    9671   13850)
          31   32.084608   94.914316  (    7355   10659)
          32   32.090795   97.655396  (    7355   19254)
          33   32.114489  102.694842  (    5158   19254)
          34   32.114514   95.277396  (    5158   10659)
          35   32.122511   91.881934  (    9671   16568)
          36   32.126667   93.414479  (    5567   15362)
          37   32.132877  101.361422  (    5158   17396)
          38   32.135140   95.905514  (    3853   11431)
          39   32.141425   96.244445  (    5159   15765)
          40   32.145386   92.629469  (    7355   16720)
          41   32.145958  100.919295  (    4998   17396)
          42   32.147417   93.759449  (    5159   12106)
          43   32.157610   96.147253  (    4998   12942)
          44   32.163768   98.270205  (    5366   11897)
          45   32.165291   93.877114  (    3367   12106)
          46   32.178268   97.458195  (    5158   17401)
          47   32.206824   94.534116  (    4998   11431)
          48   32.207486   97.534917  (    6630   11897)
          49   32.211737   94.546997  (    4998   10688)
          50   32.212750   94.943524  (    5158   11431)
          51   32.243070   96.546701  (    5159   11431)
          52   32.248484   96.404927  (    3853   15013)
          53   32.260395   94.653685  (    3853   11832)
          54   32.264355   92.740077  (    7355   17401)
          55   32.289223   97.582113  (    7051   11897)
          56   32.291104   97.607443  (    7159   11897)
          57   32.293208   97.632626  (    7263   11897)
          58   32.294132   93.499942  (    5567   17967)
          59   32.295713   96.457648  (    5158   12942)
          60   32.302791   94.037166  (    4687   15981)
          61   32.304252  102.849769  (    5159   17396)
          62   32.304956  106.386722  (      36   11017)
          63   32.307125   95.698341  (    6630   12289)
          64   32.308932   95.369837  (    7355   10688)
          65   32.324259   96.407544  (    5366   12289)
          66   32.339175   96.049327  (    4893   11897)
          67   32.352935   94.851069  (    5158   10688)
          68   32.354779   93.793380  (    4687   14234)
          69   32.360555   93.867929  (    7355   12942)
          70   32.362919   96.378029  (    4998   15362)
          71   32.383858   97.674042  (    7704   11897)
          72   32.384736   95.875350  (    3853   10475)
          73   32.387864  103.201461  (    4893   19749)
          74   32.388161  103.374026  (    6630   17396)
          75   32.402283   95.571592  (    3652    8488)
          76   32.403875   93.389391  (    3367   15765)
          77   32.404002   95.102947  (    3853   11957)
          78   32.406175   93.998339  (    1504   11897)
          79   32.406572   94.277233  (    4893   12289)
          80   32.410083   97.498261  (    5159   16613)
          81   32.416887  100.081054  (       6   10088)
          82   32.419813   95.145443  (    3853   11375)
          83   32.428319  101.741651  (    5528    7188)
          84   32.437243   95.708186  (    7051   12289)
          85   32.440118   95.731384  (    7159   12289)
          86   32.442000   95.821327  (    5158   16613)
          87   32.443071   95.398156  (    4998   16613)
          88   32.443213   95.754437  (    7263   12289)
          89   32.456503  106.944381  (    6103   11897)
          90   32.467154   87.721547  (    9282   10075)
          91   32.472653   89.644081  (    9671   10049)
          92   32.475619  114.996814  (      56   11017)
          93   32.477814  103.421521  (    7051   17396)
          94   32.481667   94.104261  (     319   15630)
          95   32.481763  103.449557  (    7159   17396)
          96   32.483398   93.993815  (    6630   12106)
          97   32.485938  103.477438  (    7263   17396)
          98   32.486767   96.493313  (    6630   15765)
          99   32.492290   96.622038  (    3367   15529)
         100   32.499033   96.690239  (    5158   15362)
