      rank       #data_overlap        size_overlap          feature_ID
         1                  14             0.44421   (     150    1041)
         2                  14             0.44421   (     148    1041)
         3                  14             0.44421   (     150     805)
         4                  14             0.44421   (     148     805)
         5                  15             0.11536   (     444    1784)
         6                  15             0.25554   (     444    1096)
         7                  15             0.25554   (     444     902)
         8                  15             0.44421   (     317    1041)
         9                  15             0.44421   (     317     805)
        10                  15             0.44421   (     162    1041)
        11                  15             0.44421   (     161    1041)
        12                  15             0.44421   (     279    1041)
        13                  15             0.44421   (     282    1041)
        14                  15             0.44421   (     149    1041)
        15                  15             0.44421   (     284    1041)
        16                  15             0.44421   (     162     805)
        17                  15             0.44421   (     161     805)
        18                  15             0.44421   (     279     805)
        19                  15             0.44421   (     282     805)
        20                  15             0.44421   (     149     805)
        21                  15             0.44421   (     284     805)
        22                  15             0.44659   (     285    1041)
        23                  15             0.44659   (     285     805)
        24                  15             0.45173   (     151     805)
        25                  15             0.45173   (     151    1041)
        26                  15             0.45429   (     159    1041)
        27                  15             0.45429   (     159     805)
        28                  15             0.45648   (     152     805)
        29                  15             0.45648   (     152    1041)
        30                  15             0.47953   (     150    1136)
        31                  15             0.47953   (     148    1136)
        32                  15             0.61210   (     150     878)
        33                  15             0.61210   (     150    1646)
        34                  15             0.61210   (     148     878)
        35                  15             0.61210   (     148    1646)
        36                  15             0.62813   (     150    1652)
        37                  15             0.62813   (     148    1652)
        38                  15             0.65298   (     148    1650)
        39                  16             0.10708   (     831    1784)
        40                  16             0.20991   (     182    1784)
        41                  16             0.25139   (     444    1290)
        42                  16             0.25203   (     831     902)
        43                  16             0.25203   (     831    1096)
        44                  16             0.28452   (     453     805)
        45                  16             0.28452   (     453    1041)
        46                  16             0.30606   (     227     805)
        47                  16             0.30606   (     227    1041)
        48                  16             0.31302   (     162    1784)
        49                  16             0.32217   (     444    1015)
        50                  16             0.47953   (     317    1136)
        51                  16             0.47953   (     162    1136)
        52                  16             0.47953   (     161    1136)
        53                  16             0.47953   (     279    1136)
        54                  16             0.47953   (     282    1136)
        55                  16             0.47953   (     149    1136)
        56                  16             0.47953   (     284    1136)
        57                  16             0.48765   (     151    1136)
        58                  16             0.48972   (     182    1096)
        59                  16             0.48972   (     182     902)
        60                  16             0.49041   (     159    1136)
        61                  16             0.49278   (     152    1136)
        62                  16             0.57537   (     162     433)
        63                  16             0.57537   (     162    1640)
        64                  16             0.61165   (     162     902)
        65                  16             0.61165   (     162    1096)
        66                  16             0.61210   (     317     878)
        67                  16             0.61210   (     317    1646)
        68                  16             0.61210   (     162     878)
        69                  16             0.61210   (     162    1646)
        70                  16             0.61210   (     161     878)
        71                  16             0.61210   (     279     878)
        72                  16             0.61210   (     282     878)
        73                  16             0.61210   (     149     878)
        74                  16             0.61210   (     282    1646)
        75                  16             0.61210   (     284     878)
        76                  16             0.61210   (     149    1646)
        77                  16             0.61210   (     284    1646)
        78                  16             0.61539   (     285    1646)
        79                  16             0.62246   (     151    1646)
        80                  16             0.62246   (     151     878)
        81                  16             0.62599   (     159     878)
        82                  16             0.62599   (     159    1646)
        83                  16             0.62813   (     285    1652)
        84                  16             0.62813   (     161    1652)
        85                  16             0.62813   (     317    1652)
        86                  16             0.62813   (     162    1652)
        87                  16             0.62813   (     279    1652)
        88                  16             0.62813   (     282    1652)
        89                  16             0.62813   (     149    1652)
        90                  16             0.62902   (     152    1646)
        91                  16             0.62902   (     152     878)
        92                  16             0.65298   (     148    1647)
        93                  16             0.65298   (     148    1648)
        94                  16             0.65298   (     148    1649)
        95                  16             0.65298   (     148    1654)
        96                  16             0.65298   (     149     249)
        97                  16             0.65298   (     282    1647)
        98                  16             0.65298   (     282    1650)
        99                  16             0.65298   (     149    1647)
       100                  16             0.65298   (     149    1650)
