        Rank        RMSE       MaxAE  Feature_ID
           1    4.177873   12.457814  (       1   10001)
           2    4.182397   13.647659  (       1   10006)
           3    4.197616   13.661132  (       1   10002)
           4    4.198405   13.824556  (       1   10016)
           5    4.198508   13.709611  (       1   10004)
           6    4.199219   14.028193  (       1   10013)
           7    4.199435   13.312728  (       1   10003)
           8    4.201217   13.360316  (       1   10005)
           9    4.210712   14.207231  (       1   10031)
          10    4.219278   14.003028  (       1   10029)
          11    4.221333   13.247505  (       1   10010)
          12    4.223431   13.624993  (       1   10009)
          13    4.230592   12.957860  (       1   10007)
          14    4.231302   14.166880  (       1   10039)
          15    4.231973   13.744778  (       1   10018)
          16    4.232969   13.364629  (       1   10020)
          17    4.237500   12.333670  (       1   10008)
          18    4.243582   12.005545  (       1   10014)
          19    4.247459   12.473210  (       1   10011)
          20    4.247789   13.605250  (       1   10025)
          21    4.248347   14.903003  (    2032   10001)
          22    4.248405   12.701617  (       1   10012)
          23    4.249095   12.049323  (       1   10015)
          24    4.249629   13.968497  (       1   10036)
          25    4.250483   13.421504  (       1   10030)
          26    4.252415   13.305761  (       1   10027)
          27    4.254750   13.444917  (       1   10024)
          28    4.255648   12.519301  (       1   10017)
          29    4.256201   13.203545  (       1   10021)
          30    4.258534   12.645165  (       1   10019)
          31    4.265699   12.699641  (       1   10022)
          32    4.266932   12.529796  (       1   10023)
          33    4.268461   14.038251  (       1   10078)
          34    4.269879   13.159640  (       1   10028)
          35    4.270769   14.297595  (       1   10108)
          36    4.270780   12.199751  (       1   10026)
          37    4.272591   13.626646  (       1   10041)
          38    4.275764   13.071107  (       1   10032)
          39    4.276877   12.803583  (    8183   17804)
          40    4.277450   12.960205  (       1   10082)
          41    4.278173   12.236042  (    2663   17804)
          42    4.278329   13.048796  (       1   10034)
          43    4.281265   12.256211  (       1   10035)
          44    4.281410   13.735074  (       1   10052)
          45    4.281691   12.454325  (       1   10033)
          46    4.282914   13.508685  (       1   10046)
          47    4.284948   13.548583  (       1   10049)
          48    4.288990   13.285419  (       1   10044)
          49    4.294194   12.908978  (       1   10038)
          50    4.294473   12.102844  (       1   10047)
          51    4.294801   12.687946  (       1   10037)
          52    4.295792   13.753207  (       1   10085)
          53    4.295893   15.726722  (    2032   10010)
          54    4.296620   11.964504  (       1   10058)
          55    4.297270   13.933313  (       1   10125)
          56    4.297515   11.891793  (       1   10063)
          57    4.297657   12.895329  (       1   10040)
          58    4.298249   13.062600  (       1   10043)
          59    4.298637   13.699476  (       1   10098)
          60    4.299498   13.322975  (       1   10042)
          61    4.301760   11.830479  (       1   10066)
          62    4.302263   12.358498  (    3976   17804)
          63    4.302722   12.364698  (       1   10045)
          64    4.304878   13.538707  (       1   10054)
          65    4.305034   13.287630  (       1   10076)
          66    4.305452   14.782403  (    3298   10209)
          67    4.305687   15.733352  (    2032   10021)
          68    4.306348   12.772758  (       1   10048)
          69    4.309470   12.572351  (       1   10050)
          70    4.311272   12.206668  (       1   10053)
          71    4.311987   12.255361  (       1   10057)
          72    4.312345   12.517960  (       1   10051)
          73    4.312468   15.090925  (       1   10331)
          74    4.312890   11.699973  (    8183   18078)
          75    4.313273   13.650016  (       1   10056)
          76    4.313567   13.667544  (       1   10055)
          77    4.313691   14.953003  (       1   10243)
          78    4.313755   15.823689  (    2032   10003)
          79    4.313874   14.799202  (    2032   10008)
          80    4.314800   11.688655  (    8183   18502)
          81    4.315153   11.996355  (       1   10060)
          82    4.316869   14.234638  (       1   10149)
          83    4.318168   14.543016  (       1   10215)
          84    4.319189   14.684310  (       1   10269)
          85    4.319849   14.002413  (       1   10135)
          86    4.320350   12.112483  (       1   10067)
          87    4.320457   15.876598  (    2032   10005)
          88    4.320647   14.622947  (       1   10199)
          89    4.322514   13.617718  (       1   10061)
          90    4.322960   13.609114  (       1   10062)
          91    4.323233   16.005727  (    2032   10024)
          92    4.323532   15.861228  (    2032   10020)
          93    4.323783   16.168707  (    2032   10006)
          94    4.324316   13.968442  (       1   10059)
          95    4.324565   14.847754  (       1   10291)
          96    4.325029   13.745550  (       1   10079)
          97    4.325887   12.083362  (       1   10073)
          98    4.327430   14.778743  (    4092   10209)
          99    4.327491   13.205739  (       1   10070)
         100    4.327744   14.115503  (    2758   17210)
