Model_ID, [(c_i,i=0,n)_j,j=1,ntask]
           1    0.3570589333E+01   -0.2533583485E+02
           2    0.4428819563E+01   -0.3579549674E+02
           3    0.4468787463E+01   -0.2187104817E+02
           4    0.4844086953E+01   -0.1935717267E+02
           5    0.4661386590E+01   -0.1782818032E+02
           6    0.4606994449E+01    0.2047193373E+02
           7    0.4235672101E+01   -0.1736627692E+02
           8    0.4158015625E+01   -0.2037170953E+02
           9    0.2070412084E+01   -0.1626000092E+02
          10    0.4097414953E+01   -0.2131491751E+02
          11    0.4127449649E+01   -0.2073576489E+02
          12    0.1521188106E+02   -0.1566022350E+02
          13    0.5816942250E+01    0.2112355209E+02
          14    0.4496964005E+01   -0.1725863513E+02
          15    0.3756443051E+01   -0.2234802682E+02
          16    0.4553419704E+01    0.2132760295E+02
          17    0.1552653229E+02   -0.1473249308E+02
          18    0.3929798639E+01    0.1998359695E+02
          19    0.4029540353E+01   -0.1851398249E+02
          20    0.4244758546E+01   -0.1968295236E+02
          21    0.4046567531E+01    0.2171516724E+02
          22    0.1616112678E+02   -0.1639515646E+02
          23    0.4008974254E+01    0.2121543829E+02
          24    0.4326235610E+01    0.2085567416E+02
          25    0.4367040358E+01   -0.2080155221E+02
          26    0.4376804038E+01   -0.1039417922E+02
          27    0.3208100261E+01   -0.1800961940E+02
          28    0.5957748805E+01   -0.1849006410E+02
          29    0.3762849130E+01   -0.1992556221E+02
          30    0.4988274678E+01   -0.1730882358E+02
          31    0.3868735163E+01   -0.1833205004E+02
          32    0.3611242844E+01   -0.2071941232E+02
          33    0.7568387697E+01    0.1379641051E+02
          34    0.4048465748E+01    0.2116017232E+02
          35    0.4716665293E+01   -0.2090313037E+02
          36    0.3703457259E+01    0.2013924242E+02
          37    0.3769177995E+01   -0.2230918560E+02
          38    0.3731699617E+01   -0.2168894965E+02
          39    0.2916388009E+01   -0.1385307913E+02
          40    0.6121462133E+01   -0.1876732960E+02
          41    0.4078864564E+01    0.2112231223E+02
          42    0.4063279467E+01    0.2115110599E+02
          43    0.4077961174E+01    0.2113484581E+02
          44    0.4092997953E+01    0.2111777314E+02
          45    0.4248554108E+01    0.1966683235E+02
          46    0.3140378043E+01    0.2156169916E+02
          47    0.4044767002E+01    0.2116263232E+02
          48    0.4429553137E+01   -0.1750798749E+02
          49    0.4059501994E+01    0.2114628571E+02
          50    0.4763816008E+01    0.2004505658E+02
          51    0.4074593128E+01    0.2112912523E+02
          52    0.4081971192E+01    0.1056561380E+02
          53    0.3956294268E+01    0.2016076762E+02
          54    0.3152306215E+01    0.2155637388E+02
          55    0.4071435151E+01    0.1056992465E+02
          56    0.5342187778E+01    0.2166207535E+02
          57    0.2000528673E+01    0.2219193820E+02
          58    0.4141279890E+01    0.2104765150E+02
          59    0.5161518428E+01   -0.1874077719E+02
          60    0.2737481890E+01   -0.1988037361E+02
          61    0.4440250833E+01   -0.1946860919E+02
          62    0.4025483361E+01   -0.1818293158E+02
          63    0.3624548272E+01    0.1771199364E+02
          64    0.4059997498E+01    0.2115264858E+02
          65    0.4074297328E+01    0.2113724001E+02
          66    0.4081581752E+01    0.1056461436E+02
          67    0.4088955292E+01    0.2112101368E+02
          68    0.4503630380E+01    0.1934952005E+02
          69    0.4096417526E+01   -0.1055629780E+02
          70    0.4103968027E+01    0.2110397518E+02
          71    0.4666789692E+01   -0.1802963900E+02
          72    0.4119332101E+01    0.2108613024E+02
          73    0.3328299008E+01    0.1796532448E+02
          74    0.4052487265E+01    0.2112190103E+02
          75    0.3597677477E+01   -0.1852870827E+02
          76    0.4006749037E+01   -0.2202022708E+02
          77    0.3479082874E+01    0.9794334949E+01
          78    0.3942590032E+01    0.2127822635E+02
          79    0.4875101882E+01    0.2346000294E+02
          80    0.4711305913E+01    0.2073206519E+02
          81    0.3667129951E+01    0.2177287303E+02
          82    0.4218437553E+01   -0.2096056704E+02
          83    0.4118644424E+01   -0.1808374930E+02
          84    0.4098906222E+01   -0.1055210760E+02
          85    0.6612510659E+01   -0.1910294619E+02
          86    0.3595064403E+01    0.2160502827E+02
          87    0.3624954682E+01    0.1770743627E+02
          88    0.4060297147E+01   -0.1813337308E+02
          89    0.3638211520E+01    0.1769482913E+02
          90    0.4183896814E+01   -0.1802059423E+02
          91    0.4112015247E+01   -0.1054492415E+02
          92    0.5002092707E+01   -0.1760304141E+02
          93    0.3651726502E+01   -0.1768174833E+02
          94    0.3981798460E+01   -0.2123033238E+02
          95    0.3471850289E+01   -0.2123811263E+02
          96    0.4253584489E+01    0.2092049504E+02
          97    0.4205763633E+01   -0.2094894048E+02
          98    0.4082452937E+01    0.2110600571E+02
          99    0.4235328873E+01   -0.2092137311E+02
         100    0.4089082823E+01   -0.2185031784E+02
