        Rank        RMSE       MaxAE  Feature_ID
           1    5.097956   15.708658  (       1)
           2    5.117667   15.421359  (       2)
           3    5.118123   15.420014  (       3)
           4    5.129259   15.396558  (       4)
           5    5.131138   15.413010  (       5)
           6    5.131655   16.279086  (       6)
           7    5.136073   15.426468  (       7)
           8    5.139441   15.406950  (       8)
           9    5.140917   15.713770  (       9)
          10    5.141741   15.731481  (      10)
          11    5.142877   15.715297  (      11)
          12    5.144148   15.730147  (      12)
          13    5.144837   15.414951  (      13)
          14    5.148301   15.416842  (      14)
          15    5.148534   15.741713  (      15)
          16    5.152195   15.453178  (      16)
          17    5.152446   15.437394  (      17)
          18    5.154001   15.423563  (      18)
          19    5.160077   15.430866  (      19)
          20    5.161480   16.759161  (      20)
          21    5.165755   15.466680  (      21)
          22    5.171366   15.444522  (      22)
          23    5.172073   12.647223  (      23)
          24    5.178642   15.752548  (      24)
          25    5.179332   15.771825  (      25)
          26    5.183446   15.500712  (      26)
          27    5.187473   15.450306  (      27)
          28    5.187883   15.458600  (      28)
          29    5.188591   15.465828  (      29)
          30    5.195954   17.103398  (      30)
          31    5.196251   15.457461  (      31)
          32    5.198908   15.522888  (      32)
          33    5.201030   16.498697  (      33)
          34    5.207120   14.882363  (      34)
          35    5.210457   15.805505  (      35)
          36    5.214882   15.195076  (      36)
          37    5.221957   15.501226  (      37)
          38    5.231188   15.586488  (      38)
          39    5.234267   16.613463  (      39)
          40    5.237310   15.499638  (      40)
          41    5.241671   15.504280  (      41)
          42    5.243425   13.308969  (      42)
          43    5.253642   13.263898  (      43)
          44    5.255002   15.825242  (      44)
          45    5.256558   15.546946  (      45)
          46    5.261330   15.564798  (      46)
          47    5.261506   15.631068  (      47)
          48    5.276704   12.444797  (      48)
          49    5.282355   18.234848  (      49)
          50    5.292503   14.385890  (      50)
          51    5.293736   15.631645  (      51)
          52    5.294429   15.940549  (      52)
          53    5.297279   15.997269  (      53)
          54    5.303477   15.699208  (      54)
          55    5.307064   17.008679  (      55)
          56    5.315345   14.414275  (      56)
          57    5.316408   11.168407  (      57)
          58    5.317755   16.832827  (      58)
          59    5.318283   20.298637  (      59)
          60    5.319984   14.613098  (      60)
          61    5.320143   14.411549  (      61)
          62    5.324363   14.409322  (      62)
          63    5.325748   15.462335  (      63)
          64    5.331609   14.416514  (      64)
          65    5.335110   15.988278  (      65)
          66    5.336371   14.473957  (      66)
          67    5.336379   15.657443  (      67)
          68    5.339921   17.455568  (      68)
          69    5.343035   16.980533  (      69)
          70    5.344028   14.432668  (      70)
          71    5.350039   12.490679  (      71)
          72    5.352342   14.494744  (      72)
          73    5.354115   14.440520  (      73)
          74    5.355130   17.295688  (      74)
          75    5.362385   15.768456  (      75)
          76    5.364786   16.966050  (      76)
          77    5.365450   15.309186  (      77)
          78    5.366755   14.483546  (      78)
          79    5.366854   13.265600  (      79)
          80    5.371072   14.087389  (      80)
          81    5.371143   15.181854  (      81)
          82    5.372006   14.699571  (      82)
          83    5.374441   14.421628  (      83)
          84    5.375663   12.057730  (      84)
          85    5.379222   15.084312  (      85)
          86    5.380362   15.768267  (      86)
          87    5.381183   14.672444  (      87)
          88    5.385322   14.472958  (      88)
          89    5.400296   16.053278  (      89)
          90    5.401546   14.594879  (      90)
          91    5.402386   18.046134  (      91)
          92    5.402800   16.537070  (      92)
          93    5.407895   14.601275  (      93)
          94    5.416303   14.718680  (      94)
          95    5.418774   14.355249  (      95)
          96    5.424186   14.414510  (      96)
          97    5.424718   14.552250  (      97)
          98    5.426336   15.377694  (      98)
          99    5.427831   14.734587  (      99)
         100    5.429401   14.950510  (     100)
