Materials	Properties	feature1	feature2	feature3	feature4	feature5	feature6	feature7	feature8	feature9	feature10	feature11	feature12	feature13	feature14	feature15	feature16	feature17	feature18	feature19
sample1	0.1000	0.0000	0.0000	0.0000	0.0000	0.0000	0.0000	0.0000	0.0000	0.0000	0.0000	0.0000	0.0000	0.0000	0.0000	0.0000	1.0000	1.0000	0.9780	1.0000
sample2	2.6000	0.0000	0.0000	0.0000	0.0000	0.0000	0.0000	0.0000	0.0000	0.0000	0.3000	0.0000	0.0000	0.1777	0.0000	0.6204	0.9425	0.5065	0.9402	1.0000
sample3	1.5600	0.0000	1.0000	0.0000	0.0000	0.0000	0.0000	0.0000	0.0000	0.0000	0.1500	0.0141	0.4535	0.2280	0.0000	0.1197	0.9682	0.9077	0.9816	0.9998
sample4	4.6600	0.0000	0.0000	1.0000	0.0000	0.0000	0.0000	0.0000	0.0000	0.0000	0.4857	0.0131	0.3605	0.4366	0.0000	0.5598	0.9480	0.7797	1.0000	0.9998
sample5	6.6500	0.0000	0.0000	0.0000	1.0000	0.0000	0.0000	0.0000	0.0000	0.0000	0.6071	0.0046	0.3372	1.0000	0.0000	0.8096	0.9036	0.6083	0.9521	0.9999
sample6	13.1600	0.0000	0.0000	0.0000	0.0000	1.0000	0.0000	0.0000	0.0000	0.0000	0.9143	0.0022	0.4535	0.4058	0.0000	0.7129	0.6513	0.4811	0.8831	0.5369
sample7	2.2800	0.0000	0.0000	0.0000	0.0000	0.0000	0.0000	0.0000	0.0000	0.0000	0.0786	0.3947	0.0000	0.1330	0.2160	0.1609	0.9682	0.7522	0.9583	0.2284
sample8	3.1400	0.0000	0.0000	0.0000	0.0000	0.0000	0.0000	0.0000	0.0000	0.0000	0.2357	0.3083	0.7326	0.0949	0.4630	0.2222	0.7253	0.7006	0.7774	0.0944
sample9	6.0700	0.0000	0.0000	0.0000	0.0000	0.0000	0.0000	0.0000	0.0000	0.0000	0.5071	0.9796	0.0000	0.2217	0.2160	0.7720	0.9098	0.2418	0.9288	0.5620
sample10	4.3600	0.0000	0.0000	0.0000	0.0000	0.0000	0.0000	0.0000	0.0000	0.0000	0.4786	1.0000	0.7326	0.2280	0.2469	0.6977	0.7075	0.3845	0.7373	0.5742
sample11	10.1200	0.0000	0.0000	0.0000	0.0000	0.0000	0.0000	0.0000	0.0000	0.0000	0.4786	0.3357	0.7326	0.2724	0.4630	0.6947	0.1051	0.8119	0.1384	0.4244
sample12	14.7000	0.0000	0.0000	0.0000	0.0000	0.0000	0.0000	0.0000	0.0000	0.0000	0.6786	0.2697	1.0000	0.2724	0.2685	0.8224	0.5524	0.3089	0.7075	0.3801
sample13	4.6600	0.0000	0.0000	0.0000	0.0000	0.0000	0.0000	0.0000	0.0000	0.0000	0.4500	0.3291	0.6395	0.2762	0.4784	0.6582	0.7416	0.4390	0.8666	0.4564
sample14	11.2800	0.0000	0.0000	0.0000	0.0000	0.0000	0.0000	0.0000	0.0000	0.0000	0.6143	0.3081	0.6395	0.3738	0.5525	0.6952	0.7365	0.4352	0.8485	0.5356
sample15	7.5300	0.0000	0.0000	0.0000	0.0000	0.0000	0.0000	0.0000	0.0000	0.0000	0.7500	0.2549	0.6395	0.4727	0.4784	0.7449	0.7952	0.4313	0.8614	0.5005
sample16	6.1400	0.0000	0.0000	0.2500	0.0000	0.0000	0.0000	0.0000	0.0000	0.0000	0.3714	0.2325	0.3605	0.2420	0.3148	0.5952	0.8432	0.6031	0.8832	0.6486
sample17	5.9800	0.0000	0.0000	0.5000	0.0000	0.0000	0.0000	0.0000	0.0000	0.0000	0.4214	0.2190	0.3605	0.3066	0.3642	0.5939	0.8468	0.6194	0.8808	0.4424
sample18	4.3900	0.0000	0.0000	0.0000	0.0000	0.0000	0.3333	0.0000	0.0000	0.0000	0.5429	0.4680	0.3605	0.2863	0.5309	0.7315	0.8098	0.3943	0.8739	0.3630
sample19	3.6000	0.0000	0.0000	0.0000	0.0000	0.0000	0.6667	0.0000	0.0000	0.0000	0.7714	0.4911	0.3605	0.3966	0.6142	0.8847	0.8193	0.4111	0.8730	0.2019
sample20	7.3500	0.0000	0.0000	0.0000	0.0000	0.0000	1.0000	0.0000	0.0000	0.0000	1.0000	0.2705	0.3605	0.5056	0.5309	1.0000	0.8137	0.3591	0.8739	0.1923
sample21	4.0600	0.0000	0.0000	0.0000	0.0000	0.0000	0.0000	1.0000	0.0000	0.0000	0.3714	0.2178	0.4070	0.2344	0.2778	0.6643	0.8617	0.5726	0.8587	0.6407
sample22	4.8100	0.0000	0.0000	0.0000	0.0000	0.0000	0.0000	0.0000	1.0000	0.0000	0.4786	0.2146	0.6395	0.2217	0.2160	0.6201	0.8190	0.5404	0.8847	0.5900
sample23	19.2500	1.0000	0.0000	0.0000	0.0000	0.0000	0.0000	0.0000	0.0000	0.0000	0.9786	0.1450	0.7326	0.4372	0.2778	0.8694	0.1220	0.2264	0.3266	0.4803
sample24	29.7700	0.0000	0.0000	0.0000	0.0000	0.0000	0.0000	0.0000	0.0000	0.0000	0.9786	0.2464	0.7326	0.4245	0.2160	0.8665	0.0000	0.2414	0.4333	0.7536
sample25	22.1800	0.0000	0.0000	0.0000	0.0000	0.0000	0.0000	0.0000	0.0000	0.0000	0.9571	0.2027	0.7326	0.4283	0.2315	0.8208	0.5504	0.3351	0.6175	0.5640
sample26	17.9900	0.0000	0.0000	0.0000	0.0000	0.0000	0.0000	0.0000	0.0000	0.0000	0.8929	0.1339	0.7326	0.5234	0.2315	0.8024	0.8906	0.5378	0.9326	0.6671
sample27	12.6200	0.0000	0.0000	0.0000	0.0000	0.5000	0.0000	0.0000	0.0000	0.0000	0.9429	0.0227	0.7326	0.3928	0.0340	0.7809	0.3458	0.1375	0.6537	0.7343
sample28	5.6500	0.0000	0.0000	0.0000	0.2500	0.0000	0.0000	0.0000	0.0000	0.0000	0.3929	0.5163	0.3372	0.3840	1.0000	0.6596	0.8761	0.5529	0.9108	0.4304
sample29	24.5500	0.0000	0.0000	0.0000	0.0000	0.0000	0.0000	0.0000	0.0000	0.0000	0.9286	0.0945	0.7326	0.4752	0.2685	0.8121	0.7992	0.3772	0.8560	0.6862
sample30	1.0400	0.0000	0.0000	0.0000	0.0000	0.0000	0.0000	0.0000	0.0000	0.0000	0.4929	0.3589	0.7326	0.2280	0.5000	0.5399	0.4288	0.8540	0.1630	0.0000
sample31	38.5000	0.0000	0.0000	0.0000	0.0000	0.0000	0.0000	0.0000	0.0000	0.0000	0.8071	0.2540	0.7326	0.3738	0.3796	0.7918	0.1494	0.0000	0.0000	0.7114
sample32	23.4700	0.0000	0.0000	0.0000	0.0000	0.0000	0.0000	0.0000	0.0000	0.0000	0.6214	0.2758	1.0000	0.2825	0.2778	0.6924	0.3112	0.0210	0.1506	0.3572
sample33	15.7600	0.0000	0.0000	0.0000	0.0000	0.0000	0.0000	0.0000	0.0000	0.0000	0.6214	0.3252	0.7326	0.3269	0.4599	0.7200	0.4400	0.4626	0.6092	0.3650
sample34	26.1300	0.0000	0.0000	0.0000	0.0000	0.0000	0.0000	0.0000	0.0000	0.0000	0.7786	0.0913	0.7326	0.3776	0.3889	0.7715	0.4523	0.5619	0.6312	0.4341
sample35	15.4600	0.0000	0.0000	0.0000	0.0000	0.0000	0.0000	0.0000	0.0000	0.0000	0.4857	0.2256	1.0000	0.2280	0.2284	0.6697	0.6464	0.2260	0.7233	0.5488
sample36	22.1300	0.0000	0.0000	0.0000	0.2500	0.0000	0.0000	0.0000	0.0000	0.0000	0.8571	0.3127	0.7326	0.5830	0.7099	0.8116	0.3856	0.3724	0.7828	0.4998
