     Index              y_true              y_pred        descriptor_1        descriptor_2
         1    0.1000000000E+00    0.1424782123E+01    0.1000000000E+01    0.0000000000E+00
         2    0.4090000000E+02    0.3389440989E+02   -0.4016017100E+00   -0.1123253822E+00
         3    0.4660000000E+01    0.1163801876E+01    0.1014640800E+01    0.0000000000E+00
         4    0.6650000000E+01    0.7258087074E+01    0.8328808800E+00   -0.4283215560E-01
         5    0.1316000000E+02    0.1696353675E+02    0.2565780900E+00   -0.3431676222E-01
         6    0.2309000000E+02    0.2034178326E+02   -0.5742018000E-01   -0.1019057720E-02
         7    0.1337000000E+02    0.2223829907E+02   -0.1957801100E+00    0.7531801992E-02
         8    0.2141000000E+02    0.2213949986E+02   -0.1629950000E+00    0.2446388500E-03
         9    0.1012000000E+02    0.1046802027E+02    0.2728772500E+00    0.5879574079E-01
        10    0.1470000000E+02    0.1455758675E+02    0.1634576000E-01    0.6604740000E-01
        11    0.4660000000E+01    0.8529715527E+01    0.5845035600E+00    0.4524600298E-02
        12    0.1128000000E+02    0.1099210237E+02    0.4704245500E+00   -0.1911011455E-02
        13    0.7530000000E+01    0.7474458381E+01    0.4719564400E+00    0.5046535290E-01
        14    0.6140000000E+01    0.4884497578E+01    0.8112052400E+00   -0.1415763804E-02
        15    0.5980000000E+01    0.4695791614E+01    0.8046356900E+00    0.3173279620E-02
        16    0.6970000000E+01    0.3616424587E+01    0.8626488600E+00    0.3852315180E-02
        17    0.4390000000E+01    0.5459884003E+01    0.8975633800E+00   -0.3315018378E-01
        18    0.3600000000E+01    0.7070583573E+01    0.1112898750E+01   -0.1149209975E+00
        19    0.7350000000E+01    0.6976246842E+01    0.1272774090E+01   -0.1562707445E+00
        20    0.4060000000E+01    0.4121802492E+01    0.8446431900E+00    0.1084934215E-02
        21    0.1002000000E+02    0.1035665570E+02   -0.6455825900E+00    0.3061475451E+00
        22    0.1925000000E+02    0.1782277954E+02    0.1913680000E+00   -0.2976747206E-01
        23    0.2305000000E+02    0.2101718194E+02   -0.4071599300E+00    0.8239842310E-01
        24    0.2977000000E+02    0.3045550856E+02   -0.4737724200E+00   -0.4141578276E-01
        25    0.3366000000E+02    0.3095150327E+02   -0.6563339100E+00   -0.2499385600E-04
        26    0.2492000000E+02    0.3226098119E+02   -0.5797643900E+00   -0.4015688976E-01
        27    0.2638000000E+02    0.2863331865E+02   -0.8569647600E+00    0.8842907304E-01
        28    0.2218000000E+02    0.2293221133E+02   -0.9420230000E-01   -0.3005236890E-01
        29    0.1799000000E+02    0.2062960468E+02    0.5750000800E+00   -0.1745054937E+00
        30    0.5650000000E+01    0.3890744252E+01    0.8390376100E+00    0.6051666060E-02
        31    0.1040000000E+01    0.7414428795E+01    0.4627702600E+00    0.5382339275E-01
        32    0.7980000000E+01    0.5700051140E+01    0.7120123000E+00    0.1287927189E-01
        33    0.3850000000E+02    0.3676227697E+02   -0.4841260200E+00   -0.1332863024E+00
        34    0.2347000000E+02    0.2164038149E+02   -0.3913545600E+00    0.6881881568E-01
        35    0.2613000000E+02    0.1721410157E+02    0.8523475000E-01    0.7756207950E-02
        36    0.2213000000E+02    0.2028695702E+02   -0.1513856000E+00    0.2493866837E-01
