Model_ID, [(c_i,i=0,n)_j,j=1,ntask]
           1    0.2688991313E+03    0.2268688031E+03
           2    0.2713691121E+03    0.2312304297E+03
           3    0.1563756732E+03    0.1202498924E+03
           4    0.1504392106E+03    0.9611458500E+02
           5    0.2651822015E+03    0.2332603575E+03
           6    0.2777827473E+03    0.2303788478E+03
           7    0.2692384816E+03    0.2319122307E+03
           8    0.2678070675E+03    0.2234240893E+03
           9    0.2681068559E+03   -0.2215887895E+03
          10    0.2786819975E+03    0.2322682948E+03
          11    0.2699880750E+03    0.2183100554E+03
          12    0.1521684734E+03    0.1100594108E+03
          13    0.2122602848E+03    0.1605056774E+03
          14    0.2690348142E+03    0.2357571520E+03
          15    0.2810405037E+03    0.2140313654E+03
          16    0.2673739746E+03    0.2256513801E+03
          17    0.2689426854E+03    0.2222873121E+03
          18    0.2716161676E+03    0.2075053955E+03
          19    0.2785498859E+03    0.2316736558E+03
          20    0.2067840544E+03    0.1566335431E+03
          21    0.2777878342E+03    0.2301340134E+03
          22    0.3396464254E+03    0.2896328051E+03
          23    0.2780697434E+03   -0.2276460448E+03
          24    0.1233265997E+03    0.7768417123E+02
          25    0.2676080691E+03   -0.2324306513E+03
          26    0.2648186000E+03    0.2328076685E+03
          27    0.2695227276E+03    0.2357290261E+03
          28    0.1445210700E+03    0.9733616544E+02
          29    0.2746950545E+03    0.2411646403E+03
          30    0.2774421595E+03   -0.2324692294E+03
          31    0.2607621166E+03   -0.2642873647E+03
          32    0.2785566752E+03    0.2216742355E+03
          33    0.2701173545E+03    0.2370936008E+03
          34    0.2816890760E+03    0.2368842573E+03
          35    0.2689241708E+03    0.2152197024E+03
          36    0.2740876146E+03    0.2371730467E+03
          37    0.2714765331E+03    0.2319745373E+03
          38    0.1152546793E+03    0.9333754417E+02
          39    0.2725227941E+03    0.2151899048E+03
          40    0.2794220215E+03    0.2233511557E+03
          41    0.2482857792E+03    0.2198512254E+03
          42    0.2769809677E+03    0.2278063304E+03
          43    0.2700183283E+03    0.2143036295E+03
          44    0.2484492579E+03    0.2189131135E+03
          45    0.2322660279E+03    0.8597854188E+02
          46    0.2704901335E+03    0.2217857362E+03
          47    0.2713098065E+03    0.2358186790E+03
          48    0.1803002947E+03    0.1196251966E+03
          49    0.2674293047E+03    0.2271811196E+03
          50    0.2743254572E+03    0.2411587290E+03
          51    0.2785174504E+03    0.2221110436E+03
          52    0.2777641622E+03    0.2294836663E+03
          53    0.2706016086E+03    0.2309297510E+03
          54    0.2666710737E+03    0.2292361029E+03
          55    0.2794925958E+03   -0.2418049554E+03
          56    0.2670785257E+03    0.2305856759E+03
          57    0.2785601831E+03    0.2214398065E+03
          58    0.2792941905E+03    0.2228143179E+03
          59    0.2665923966E+03    0.2285035413E+03
          60    0.3173324698E+03    0.2705390763E+03
          61    0.2980158226E+03    0.2715838338E+03
          62    0.2665997241E+03    0.2289908639E+03
          63    0.2691778469E+03   -0.2127844307E+03
          64    0.2686181234E+03   -0.2219277200E+03
          65    0.1278908083E+03    0.8647211440E+02
          66    0.2729376917E+03    0.2260328263E+03
          67    0.2706951793E+03    0.2378592348E+03
          68    0.3156455199E+03    0.2634287770E+03
          69    0.2493944580E+03    0.2184890298E+03
          70    0.2665077841E+03    0.2287273693E+03
          71    0.2768402832E+03    0.2270065182E+03
          72    0.2667266877E+03    0.2191996823E+03
          73    0.2792513376E+03    0.2258468985E+03
          74    0.2786715261E+03   -0.2287223197E+03
          75    0.2344013675E+03   -0.1837012681E+03
          76    0.2663373062E+03   -0.2284161915E+03
          77    0.2670377304E+03    0.2297875641E+03
          78    0.2711084656E+03    0.2173630918E+03
          79    0.2766778449E+03   -0.2358890094E+03
          80    0.2728259070E+03    0.2220687991E+03
          81    0.2519484724E+03    0.2217924752E+03
          82    0.2508357244E+03    0.2182069917E+03
          83    0.2801462554E+03    0.2276831475E+03
          84    0.1288636586E+03    0.8264181421E+02
          85    0.2664158285E+03    0.2284538979E+03
          86    0.2576572273E+03    0.2251223633E+03
          87    0.2775929952E+03   -0.2379219842E+03
          88    0.2664226781E+03    0.2289363517E+03
          89    0.1231051800E+03    0.7292283621E+02
          90    0.2591915996E+03   -0.2608233345E+03
          91    0.2666692653E+03    0.2286196171E+03
          92    0.3401138958E+03    0.3174935982E+03
          93    0.2800502195E+03    0.2422324017E+03
          94    0.2685081190E+03    0.2262461690E+03
          95    0.2691705520E+03    0.2196478782E+03
          96    0.2659730218E+03    0.2271832994E+03
          97    0.2790697646E+03   -0.2267999023E+03
          98    0.2663442532E+03    0.2281753102E+03
          99    0.2781826425E+03    0.2375752584E+03
         100    0.2777813509E+03    0.2193562504E+03
