Model_ID, [(c_i,i=0,n)_j,j=1,ntask]
           1    0.2807031684E+03    0.2571278619E+03    0.2862034210E+03
           2    0.3161348446E+03    0.2481192574E+03    0.1112486648E+04
           3    0.3159154323E+03    0.2489041724E+03    0.1115126356E+04
           4    0.2819454590E+03    0.2555419361E+03    0.2723573255E+03
           5    0.3019716314E+03   -0.2202508580E+03   -0.3142360185E+03
           6    0.3018098755E+03    0.2228032384E+03   -0.3135810292E+03
           7    0.3163646568E+03    0.2397954063E+03    0.1854922720E+04
           8    0.3133949379E+03    0.2641784115E+03    0.8868725570E+03
           9    0.3152609155E+03    0.2508219340E+03    0.1075188291E+04
          10    0.3000159305E+03    0.2267246216E+03    0.2934283422E+03
          11    0.3032889026E+03    0.2188690245E+03   -0.2094285737E+03
          12    0.3139308240E+03    0.2632789950E+03    0.8801705666E+03
          13    0.2989285687E+03    0.2236218497E+03    0.1091205912E+04
          14    0.2978380774E+03    0.1910931801E+03   -0.3852488235E+03
          15    0.2994500587E+03    0.2270469063E+03    0.2999086570E+03
          16    0.2528766891E+03   -0.2000806044E+03    0.4415051557E+03
          17    0.3145596821E+03    0.2508986677E+03    0.9179732966E+03
          18    0.2976923620E+03    0.2315836055E+03    0.5455949233E+03
          19    0.2511166400E+03    0.1789589811E+03   -0.2482802717E+03
          20    0.3166315158E+03    0.2369368937E+03    0.1019973311E+04
          21    0.3143333770E+03    0.2703203861E+03    0.1776276204E+04
          22    0.2900256982E+03    0.2208297403E+03    0.3077215326E+03
          23    0.3141309891E+03    0.2530834527E+03    0.1651210975E+04
          24    0.2810227883E+03    0.2524793447E+03    0.2788647574E+03
          25    0.3178383925E+03    0.2327865923E+03    0.1204393481E+04
          26    0.3147753511E+03    0.2511633040E+03    0.1104726115E+04
          27    0.3153296506E+03    0.2515999464E+03   -0.1112261643E+04
          28    0.2534199329E+03    0.1974308764E+03   -0.2609404149E+03
          29    0.2873430135E+03    0.2256794379E+03    0.5715886801E+03
          30    0.3155955160E+03    0.2508285323E+03    0.1111709423E+04
          31    0.2893891963E+03    0.2209652284E+03    0.3130627602E+03
          32    0.3047217002E+03    0.2428264840E+03    0.8304608086E+03
          33    0.3139784897E+03    0.2535782723E+03    0.9305241057E+03
          34    0.3146159280E+03    0.2533168103E+03    0.9356096799E+03
          35    0.3149931483E+03    0.2517055811E+03    0.1108897894E+04
          36    0.3135813537E+03    0.2533568783E+03    0.9017960472E+03
          37    0.3160190318E+03    0.2501970750E+03   -0.1110157283E+04
          38    0.3152861132E+03    0.2511301292E+03    0.1109750228E+04
          39    0.3161535199E+03    0.2500355045E+03    0.2086486588E+04
          40    0.3155217448E+03    0.2455612054E+03    0.1214687595E+04
          41    0.3148887144E+03    0.2517130190E+03    0.1107248935E+04
          42    0.3100859490E+03    0.2339842557E+03    0.1024892583E+04
          43    0.3145917660E+03    0.2513823507E+03   -0.1101132815E+04
          44    0.3137162954E+03    0.2521617727E+03    0.8868210291E+03
          45    0.3176007191E+03    0.2335593153E+03    0.1207170946E+04
          46    0.3160105455E+03    0.2397160444E+03    0.1035045772E+04
          47    0.3136919031E+03    0.2516600070E+03    0.8789359256E+03
          48    0.3137020255E+03    0.2554674075E+03    0.9132462984E+03
          49    0.3135691870E+03    0.2496990399E+03   -0.1078251612E+04
          50    0.3148518894E+03    0.2485819915E+03    0.1003132663E+04
          51    0.3139324923E+03    0.2505627721E+03   -0.1088029719E+04
          52    0.3139339219E+03    0.2505662629E+03   -0.1088064102E+04
          53    0.3003834142E+03   -0.2234000279E+03   -0.3126199447E+03
          54    0.3150831834E+03    0.2611497996E+03    0.7677793052E+03
          55    0.3135342086E+03    0.2607936246E+03   -0.2287750111E+04
          56    0.2987381131E+03    0.2288853302E+03    0.2990784271E+03
          57    0.3139073396E+03    0.2507307831E+03    0.1099680235E+04
          58    0.3117614910E+03    0.2584837761E+03    0.4579881679E+03
          59    0.2842536218E+03    0.2166582622E+03    0.4530105965E+03
          60    0.3135835130E+03    0.2616290128E+03    0.8933749760E+03
          61    0.3127139403E+03   -0.2644023852E+03    0.8927960481E+03
          62    0.3127116579E+03   -0.2644091459E+03    0.8927928819E+03
          63    0.3127093754E+03   -0.2644159041E+03    0.8927897068E+03
          64    0.3130130442E+03    0.2473098716E+03    0.1191726413E+04
          65    0.2530568344E+03    0.1970588160E+03    0.2526568068E+03
          66    0.3113450076E+03    0.1396775935E+03    0.9387964158E+03
          67    0.2822231757E+03    0.2509961073E+03    0.2655803346E+03
          68    0.3151329224E+03    0.2463359690E+03    0.9372760964E+03
          69    0.2793973915E+03    0.2296048523E+03    0.6039104255E+03
          70    0.3143507471E+03    0.2516326082E+03    0.1095920712E+04
          71    0.2825910284E+03    0.2152345153E+03    0.4549630577E+03
          72    0.3137390966E+03    0.2504601532E+03    0.1093310499E+04
          73    0.3125277399E+03    0.2684980666E+03    0.8315843100E+03
          74    0.2844368716E+03    0.2137920914E+03    0.4554951651E+03
          75    0.3534888516E+03    0.1539505391E+03    0.8097406577E+03
          76    0.2804025795E+03    0.2192714346E+03    0.4537369803E+03
          77    0.3154831036E+03    0.2392162346E+03    0.9983612047E+03
          78    0.3123326543E+03   -0.2624154281E+03    0.7407617664E+03
          79    0.2824749792E+03    0.2153262232E+03    0.4537087575E+03
          80    0.2414446253E+03   -0.1651106591E+03    0.5494654246E+03
          81    0.3163056561E+03    0.2590285418E+03   -0.7616299030E+03
          82    0.3156273459E+03    0.2455319189E+03    0.9307914494E+03
          83    0.3125429335E+03   -0.2609453642E+03    0.7335833944E+03
          84    0.2973296478E+03    0.2312643542E+03    0.2952724620E+03
          85    0.3526071330E+03    0.1508434036E+03    0.7827761909E+03
          86    0.3123213286E+03    0.2631594603E+03    0.7492166727E+03
          87    0.2793733998E+03   -0.2569267061E+03    0.2834161356E+03
          88    0.3166013843E+03    0.2485895169E+03   -0.1093789920E+04
          89    0.3132291621E+03    0.2495023897E+03   -0.1087851915E+04
          90    0.3116590618E+03    0.2628312341E+03   -0.7313910977E+03
          91    0.3145519636E+03    0.2416481151E+03    0.5886416985E+03
          92    0.2528831990E+03    0.1974450403E+03    0.2625792183E+03
          93    0.3121391077E+03    0.2660181028E+03    0.8917223332E+03
          94    0.3118716171E+03    0.2613682365E+03    0.7241786291E+03
          95    0.3137046694E+03    0.2543801432E+03    0.5063087654E+03
          96    0.3137930052E+03    0.2378754151E+03    0.4478030816E+03
          97    0.2976152006E+03    0.2281932593E+03    0.5380728188E+03
          98    0.3136450702E+03    0.2535143777E+03    0.8670651104E+03
          99    0.3145000204E+03    0.2696287689E+03    0.4026210571E+03
         100    0.2964485297E+03    0.2573742694E+03    0.2626627638E+03
