Model_ID, [(c_i,i=0,n)_j,j=1,ntask]
           1    0.2878158821E+03    0.1910452306E+03
           2    0.2309092993E+03   -0.1484997030E+03
           3    0.2878597176E+03    0.1927019080E+03
           4    0.2894905546E+03    0.1915251796E+03
           5    0.2851603008E+03    0.1865667292E+03
           6    0.2880893603E+03    0.2134986128E+03
           7    0.2227453802E+03   -0.1481831811E+03
           8    0.2312082941E+03   -0.1356210778E+03
           9    0.3078270506E+03   -0.2625486155E+03
          10    0.1224089877E+03    0.1002649516E+03
          11    0.3036123704E+03    0.2502007398E+03
          12    0.2867996953E+03   -0.1925559048E+03
          13    0.2374111591E+03   -0.1584511495E+03
          14    0.2795667646E+03    0.2194704703E+03
          15    0.2433042477E+03   -0.1332375500E+03
          16    0.2900414490E+03    0.1982017904E+03
          17    0.1243971945E+03    0.9457411008E+02
          18    0.1379658355E+03   -0.2969701539E+03
          19    0.2812995367E+03    0.2177261618E+03
          20    0.2992876118E+03    0.1966885202E+03
          21    0.2946314241E+03    0.1624429763E+03
          22    0.3006430013E+03    0.1634287442E+03
          23    0.2890296135E+03    0.2081464956E+03
          24    0.1061824273E+03    0.1047262072E+03
          25    0.3003157860E+03   -0.2631533120E+03
          26    0.2911884018E+03    0.1881192112E+03
          27    0.2835982836E+03   -0.2054612344E+03
          28    0.2994574277E+03    0.1981445252E+03
          29    0.1821643130E+03   -0.1993578729E+03
          30    0.3491633982E+03    0.1601912498E+03
          31    0.3034382979E+03    0.2431665748E+03
          32    0.2964707091E+03    0.2503977225E+03
          33    0.2935143307E+03    0.2214592070E+03
          34    0.3010669047E+03    0.1968149962E+03
          35    0.1890695901E+03   -0.1901194989E+03
          36    0.2934685411E+03    0.2186353420E+03
          37    0.2944607108E+03    0.1722820572E+03
          38    0.2963286670E+03    0.1914083387E+03
          39    0.9731642366E+02    0.1795000954E+03
          40    0.2953710214E+03    0.2196272701E+03
          41    0.1116044429E+03    0.2846746081E+03
          42    0.2592530601E+03   -0.1969309713E+03
          43    0.3007153313E+03    0.2631018356E+03
          44    0.1432074218E+03    0.1216324896E+03
          45    0.2997637760E+03    0.2133793299E+03
          46    0.2983948987E+03    0.2062327355E+03
          47    0.3771032573E+03    0.1833274227E+03
          48    0.1315613032E+03    0.1585374856E+03
          49    0.2427308812E+03   -0.1713392206E+03
          50    0.2866476655E+03    0.2119746400E+03
          51    0.3075408215E+03   -0.2540279193E+03
          52    0.2905191758E+03   -0.1855202935E+03
          53    0.3720481101E+03    0.2871328389E+03
          54    0.3223632872E+03    0.2649266067E+03
          55    0.2332516296E+03   -0.1377085917E+03
          56    0.1113004451E+03    0.2832262954E+03
          57    0.2747708634E+03    0.1826245301E+03
          58    0.2944786729E+03    0.2495878995E+03
          59    0.3028176602E+03    0.2426131195E+03
          60    0.1045218251E+03    0.1108103289E+03
          61    0.3105562527E+03    0.2651425486E+03
          62    0.2800549216E+03   -0.1735738504E+03
          63    0.3087528330E+03    0.2522820797E+03
          64    0.2983359797E+03   -0.1982725063E+03
          65    0.2393083909E+03   -0.1502036370E+03
          66    0.2534979675E+03   -0.1482590373E+03
          67    0.2431511773E+03    0.9322048648E+02
          68    0.2739610805E+03    0.1922141759E+03
          69    0.2993458009E+03    0.2397798276E+03
          70    0.2915092217E+03    0.1993744397E+03
          71    0.2733383544E+03    0.1747458937E+03
          72    0.1403736696E+03    0.1007384299E+03
          73    0.1262774596E+03    0.2662422831E+03
          74    0.2617883538E+03   -0.1880342690E+03
          75    0.2590363606E+03   -0.1486731398E+03
          76    0.2862909351E+03    0.2101860712E+03
          77    0.2858802325E+03   -0.1933176003E+03
          78    0.3030336968E+03    0.2391445950E+03
          79    0.3038103405E+03   -0.2452270024E+03
          80    0.2922607032E+03   -0.2215769042E+03
          81    0.3004277646E+03    0.2068746098E+03
          82    0.3010152047E+03    0.2196968643E+03
          83    0.2903677531E+03    0.2120826092E+03
          84    0.2747156656E+03   -0.1987187150E+03
          85    0.2917811175E+03    0.1856940719E+03
          86    0.2990060239E+03    0.1844352371E+03
          87    0.3036840567E+03   -0.1984788191E+03
          88    0.3073442343E+03    0.2050460460E+03
          89    0.2952504333E+03    0.1896553560E+03
          90    0.3067645929E+03   -0.2411174573E+03
          91    0.3694102587E+03    0.2969723012E+03
          92    0.2741707383E+03    0.1916538859E+03
          93    0.2029968487E+03    0.8879720862E+02
          94    0.3018094597E+03    0.2046744637E+03
          95    0.2859520041E+03   -0.1909813137E+03
          96    0.1262465821E+03    0.8578893885E+02
          97    0.3068443219E+03    0.2068061594E+03
          98    0.3000950972E+03   -0.1896472411E+03
          99    0.2820391272E+03   -0.1829316975E+03
         100    0.1400008116E+03    0.1067759900E+03
