Model_ID, [(c_i,i=0,n)_j,j=1,ntask]
           1    0.3343628060E+03    0.1718934279E+03
           2    0.3376750749E+03    0.1909567515E+03
           3    0.3251832430E+03    0.1651643568E+03
           4    0.2279848825E+03    0.1716079257E+03
           5    0.3385942991E+03    0.1679238732E+03
           6    0.3217089578E+03   -0.2780340058E+03
           7    0.3156107943E+03   -0.2614428109E+03
           8    0.3146577178E+03    0.1550888019E+03
           9    0.3159137384E+03    0.1507628347E+03
          10    0.3264660273E+03    0.1668120760E+03
          11    0.3183397748E+03    0.1543947702E+03
          12    0.3159526690E+03    0.1503680733E+03
          13    0.3347592000E+03    0.1695323433E+03
          14    0.3156150933E+03    0.1513251091E+03
          15    0.3227468217E+03   -0.1585156066E+03
          16    0.3155465625E+03    0.1499973913E+03
          17    0.3180762695E+03   -0.1608634995E+03
          18    0.2243172333E+03    0.9385260771E+02
          19    0.3430225463E+03   -0.1742089964E+03
          20    0.3187292609E+03    0.1546328347E+03
          21    0.2486668830E+03    0.1929579244E+03
          22    0.3230596196E+03    0.1614074335E+03
          23    0.3162889893E+03    0.2619630810E+03
          24    0.3231622270E+03    0.2907663877E+03
          25    0.3228086949E+03    0.1661711654E+03
          26    0.3193891123E+03    0.1582872703E+03
          27    0.2971094389E+03    0.3045811824E+03
          28    0.3190783095E+03   -0.1547694548E+03
          29    0.3231848398E+03    0.1664466687E+03
          30    0.3224771416E+03    0.1633119293E+03
          31    0.3121299487E+03   -0.2554530981E+03
          32    0.2266733231E+03    0.1814209070E+03
          33    0.3163949017E+03   -0.2619963848E+03
          34    0.3188880896E+03   -0.1612746842E+03
          35    0.2175347449E+03    0.9328386289E+02
          36    0.3160685935E+03    0.1498539023E+03
          37    0.3235257769E+03   -0.1666331133E+03
          38    0.2263039946E+03    0.1004795424E+03
          39    0.3439934560E+03   -0.1747359882E+03
          40    0.3141440392E+03   -0.1484250802E+03
          41    0.3308541607E+03    0.1635770903E+03
          42    0.3182453207E+03    0.1540357570E+03
          43    0.3465160966E+03    0.3662331766E+03
          44    0.2337529418E+03    0.1007674140E+03
          45    0.3172930077E+03    0.1510898490E+03
          46    0.3182785629E+03   -0.1540534248E+03
          47    0.3177851794E+03    0.3410981579E+03
          48    0.3160017000E+03    0.1489756304E+03
          49    0.3448278757E+03   -0.3769422755E+03
          50    0.2869510461E+03   -0.1208582218E+03
          51    0.3183114870E+03   -0.1540702909E+03
          52    0.3132189542E+03    0.1529613324E+03
          53    0.3198644342E+03    0.1609964627E+03
          54    0.3189686427E+03    0.1547573166E+03
          55    0.3135636486E+03   -0.1510423979E+03
          56    0.3108728538E+03    0.1430065124E+03
          57    0.3094209864E+03    0.1560897260E+03
          58    0.3165098708E+03   -0.2616658235E+03
          59    0.3139747163E+03    0.1513356775E+03
          60    0.2855326022E+03   -0.1293515884E+03
          61    0.3226398481E+03    0.1599617796E+03
          62    0.2165250326E+03   -0.9573216142E+02
          63    0.3120162912E+03   -0.2493861161E+03
          64    0.3118017464E+03    0.2490530745E+03
          65    0.1825140100E+03    0.8264112745E+02
          66    0.3235883949E+03   -0.3000419629E+03
          67    0.2972445618E+03    0.3035641988E+03
          68    0.3166032262E+03    0.1538477243E+03
          69    0.3136749420E+03    0.1491898111E+03
          70    0.1778828024E+03    0.7764962474E+02
          71    0.3219052509E+03    0.1592506178E+03
          72    0.3189463908E+03    0.2838222771E+03
          73    0.3174873047E+03   -0.2631021023E+03
          74    0.3189142337E+03    0.2832019131E+03
          75    0.1870787202E+03    0.7750817040E+02
          76    0.3190126532E+03    0.2855158797E+03
          77    0.3107558063E+03    0.1417327380E+03
          78    0.3143091732E+03    0.1481878330E+03
          79    0.3231383898E+03    0.1628836038E+03
          80    0.3190228603E+03    0.2859184379E+03
          81    0.3215404911E+03   -0.2957238587E+03
          82    0.3235290320E+03    0.2957769484E+03
          83    0.3153220708E+03    0.1510662764E+03
          84    0.3143472003E+03    0.1515257329E+03
          85    0.3469490636E+03    0.3649781279E+03
          86    0.2191191926E+03   -0.1087597892E+03
          87    0.3118100959E+03   -0.2488311800E+03
          88    0.3127568232E+03   -0.2503149702E+03
          89    0.3189428323E+03   -0.2891224447E+03
          90    0.3221399970E+03   -0.2898193640E+03
          91    0.3136427548E+03   -0.1510210095E+03
          92    0.3088413103E+03   -0.2538471739E+03
          93    0.3131668636E+03   -0.2508847958E+03
          94    0.3187576269E+03    0.2807799215E+03
          95    0.3152724587E+03    0.1510093638E+03
          96    0.3151685778E+03    0.1494653652E+03
          97    0.3076942795E+03    0.2580497774E+03
          98    0.3112215793E+03    0.1468162023E+03
          99    0.3227827395E+03   -0.2955209284E+03
         100    0.3076852321E+03    0.1454702704E+03
