Model_ID, [(c_i,i=0,n)_j,j=1,ntask]
           1    0.3174669696E+03    0.2867541980E+03   -0.7481699225E+02
           2    0.3410963970E+03   -0.2935758862E+03    0.8502556602E+03
           3    0.3479912293E+03   -0.2982282018E+03    0.9520508148E+03
           4    0.3428824534E+03    0.1692412785E+03    0.6472293404E+03
           5    0.3445561102E+03   -0.3110822174E+03    0.7479803196E+03
           6    0.3737402218E+03    0.1833382678E+03   -0.4504959892E+02
           7    0.3431335845E+03    0.1730075978E+03   -0.2095653383E+03
           8    0.3429462024E+03    0.1729385679E+03    0.2085941857E+03
           9    0.3447838943E+03    0.1760993265E+03    0.1896379037E+03
          10    0.3774322007E+03    0.1447483464E+03   -0.7417264773E+02
          11    0.3455813797E+03    0.1777862598E+03   -0.2032680100E+03
          12    0.2364278315E+03   -0.9628542761E+02    0.8147602587E+03
          13    0.3754433617E+03    0.1530927003E+03   -0.5858590997E+02
          14    0.3691211848E+03    0.1466359102E+03   -0.6100199096E+02
          15    0.3510029795E+03    0.1806511936E+03   -0.2073751567E+03
          16    0.3777512705E+03    0.1551325414E+03   -0.6021196684E+02
          17    0.3855807920E+03    0.1852701958E+03   -0.5990615568E+02
          18    0.3424185279E+03    0.1722830577E+03    0.1882921825E+03
          19    0.3802730271E+03    0.1884905503E+03   -0.5249040287E+02
          20    0.3618906736E+03    0.1826794790E+03    0.6654687025E+02
          21    0.3284190108E+03    0.3039224759E+03   -0.6739868270E+02
          22    0.3627813111E+03    0.1820865919E+03    0.7177190561E+02
          23    0.3465187278E+03   -0.2937166898E+03    0.9386306964E+03
          24    0.3087153078E+03    0.2789283049E+03   -0.7016962251E+02
          25    0.3836450525E+03    0.1853689042E+03   -0.5703508526E+02
          26    0.3696467175E+03    0.1839794144E+03   -0.6154657095E+02
          27    0.3504980515E+03    0.1751794599E+03    0.5924161659E+03
          28    0.3633237472E+03    0.1848433232E+03   -0.6826504924E+02
          29    0.3506745646E+03    0.1789353873E+03    0.2349765564E+03
          30    0.3709485993E+03    0.1487447483E+03   -0.6211605655E+02
          31    0.3643888850E+03    0.1844227143E+03   -0.7385815452E+02
          32    0.3733558691E+03    0.1850846617E+03   -0.7031324770E+02
          33    0.3431099753E+03    0.1733621277E+03   -0.5182054954E+02
          34    0.3633172075E+03    0.1841518505E+03   -0.7100305199E+02
          35    0.3543916719E+03    0.1702624467E+03    0.7209487084E+02
          36    0.3543796962E+03    0.1703335806E+03   -0.7183618818E+02
          37    0.3431992121E+03    0.1744175483E+03    0.2135054384E+03
          38    0.3638733841E+03    0.1795796263E+03   -0.3853155737E+02
          39    0.3549721450E+03    0.1704094066E+03   -0.7053723975E+02
          40    0.3691153311E+03    0.1855045990E+03   -0.4229640922E+02
          41    0.3264671032E+03    0.1507913774E+03   -0.8747666889E+02
          42    0.3859644224E+03    0.1641825490E+03   -0.6147648334E+02
          43    0.3355988809E+03    0.1643933089E+03   -0.5182088917E+02
          44    0.3506776233E+03    0.1789335341E+03    0.2479552836E+03
          45    0.3589434038E+03    0.1847069203E+03   -0.4344111116E+02
          46    0.3820615320E+03    0.1514878308E+03   -0.6953752007E+02
          47    0.3902759200E+03    0.1882124128E+03   -0.6194759183E+02
          48    0.3712317644E+03    0.1806220438E+03   -0.4502371731E+02
          49    0.3637186050E+03    0.1760979290E+03   -0.4478006613E+02
          50    0.3710094510E+03    0.1853799918E+03   -0.6372135016E+02
          51    0.3698023138E+03    0.1849181215E+03   -0.6077431312E+02
          52    0.3738866354E+03    0.1848641457E+03   -0.7236196475E+02
          53    0.3190438289E+03    0.1536497215E+03   -0.7805101378E+02
          54    0.3192970916E+03    0.1539377490E+03    0.7744689536E+02
          55    0.3182797334E+03    0.1534297973E+03   -0.8197557135E+02
          56    0.3968482084E+03    0.1906334429E+03   -0.4080022833E+02
          57    0.3429972592E+03    0.1742528643E+03    0.2185828175E+03
          58    0.3534740643E+03    0.1682266921E+03    0.7336492339E+02
          59    0.3430260168E+03    0.1744316339E+03   -0.2183029226E+03
          60    0.3902937229E+03    0.1880366542E+03   -0.6220566482E+02
          61    0.3740842371E+03    0.1566664345E+03   -0.5984382420E+02
          62    0.3642004489E+03    0.1859557316E+03   -0.7126225612E+02
          63    0.3714897188E+03    0.1878330053E+03   -0.6151317721E+02
          64    0.3635939622E+03    0.1866978775E+03    0.6584577788E+02
          65    0.3908577135E+03    0.1878639046E+03   -0.6329857805E+02
          66    0.3742188172E+03    0.1800819277E+03   -0.5526262657E+02
          67    0.3710297487E+03    0.1852370381E+03   -0.6438944224E+02
          68    0.3694717767E+03    0.1844090237E+03   -0.6094882894E+02
          69    0.3394522832E+03    0.1676617414E+03    0.4502542998E+02
          70    0.3608691263E+03    0.1712014629E+03   -0.7775593623E+02
          71    0.3735539937E+03    0.1808239942E+03   -0.7153997013E+02
          72    0.3176473343E+03    0.2819750890E+03   -0.6848863870E+02
          73    0.3427178184E+03    0.1764129682E+03   -0.1545767447E+03
          74    0.3695280944E+03    0.1844821856E+03   -0.6104775537E+02
          75    0.3220854607E+03    0.1530093633E+03   -0.1734762440E+03
          76    0.3792530662E+03    0.1577139297E+03   -0.6378954281E+02
          77    0.3856849132E+03    0.1870116921E+03   -0.5578528649E+02
          78    0.3707260953E+03    0.1838490963E+03   -0.6428552242E+02
          79    0.3432832161E+03    0.1748192048E+03   -0.2324571255E+03
          80    0.3741433113E+03    0.1849412042E+03   -0.7249686696E+02
          81    0.3725210483E+03    0.1864715150E+03   -0.6708982850E+02
          82    0.3214572791E+03    0.1576261999E+03   -0.1216264782E+03
          83    0.3858680028E+03    0.1867689339E+03   -0.5638971606E+02
          84    0.3420592637E+03    0.1726271834E+03    0.1995967513E+03
          85    0.3420837531E+03    0.1727920103E+03   -0.1992892597E+03
          86    0.3298849384E+03    0.1910743520E+03   -0.6879074979E+02
          87    0.3428065797E+03    0.1741759603E+03    0.2176313429E+03
          88    0.3510163181E+03    0.1821823455E+03    0.1952253920E+03
          89    0.3428354257E+03    0.1743540421E+03   -0.2173531172E+03
          90    0.3754617937E+03    0.1894873597E+03   -0.7027457132E+02
          91    0.3643128537E+03    0.1862824736E+03    0.7026764481E+02
          92    0.3337958536E+03    0.1661716438E+03   -0.2077349492E+03
          93    0.3364985723E+03    0.1654832607E+03   -0.5630551573E+02
          94    0.3743248829E+03    0.1847757598E+03   -0.7356290635E+02
          95    0.3741072429E+03    0.1890427587E+03   -0.6775068753E+02
          96    0.3427358475E+03    0.1742034066E+03    0.2155186451E+03
          97    0.3780070379E+03    0.1852409704E+03   -0.4736390726E+02
          98    0.3217587125E+03    0.2871788463E+03   -0.7595619992E+02
          99    0.3718998876E+03    0.1888483461E+03   -0.6119458236E+02
         100    0.3732441722E+03    0.1895172888E+03   -0.6422637038E+02
