     Index              y_true              y_pred        descriptor_1        descriptor_2
         1    0.2050000000E+02    0.3745317026E+02   -0.1000000000E+01    0.0000000000E+00
         2    0.1399000000E+03    0.1312030771E+03   -0.5567553300E+00   -0.1561889700E+00
         3    0.4610000000E+03    0.4088106369E+03    0.2025281400E+00    0.4916280000E-02
         4    0.7620000000E+02    0.7469285764E+02   -0.7837456200E+00   -0.1073410400E+00
         5    0.3200000000E+03    0.3164770854E+03   -0.1140276000E-01   -0.9218976000E-01
         6    0.2482000000E+03    0.2554028740E+03   -0.9943928000E-01   -0.2166907000E+00
         7    0.8981300000E+02    0.1387023703E+03   -0.6615352500E+00   -0.1060800000E-01
         8    0.1114000000E+03    0.1177778422E+03   -0.4979665600E+00   -0.2716372800E+00
         9    0.3540000000E+03    0.3300467149E+03   -0.4152214000E-01   -0.8528760000E-02
        10    0.1338500000E+03    0.1277061196E+03   -0.4152245400E+00   -0.3285337500E+00
        11    0.3137600000E+03    0.3419615736E+03   -0.2212160000E-02   -0.9190880000E-02
        12    0.2800000000E+03    0.2649713885E+03   -0.2273540800E+00   -0.3745170000E-01
        13    0.2287000000E+03    0.2554969457E+03   -0.2031362200E+00   -0.9945838000E-01
        14    0.2606000000E+03    0.2283293350E+03   -0.3654404900E+00   -0.1603264000E-01
        15    0.2677000000E+03    0.2729159850E+03   -0.2333970200E+00   -0.1536240000E-02
        16    0.3116500000E+03    0.3048001284E+03   -0.1320622800E+00    0.1041480000E-02
        17    0.2195740000E+03    0.1874752228E+03   -0.5113880000E+00   -0.1182750000E-02
        18    0.1875850000E+03    0.2020308803E+03   -0.4578639700E+00   -0.8192850000E-02
        19    0.2234200000E+03    0.2014227241E+03   -0.4585367300E+00   -0.9662400000E-02
        20    0.1984000000E+03    0.2310503826E+03   -0.2315295200E+00   -0.1570096000E+00
        21    0.1516000000E+03    0.1458548005E+03   -0.5159576700E+00   -0.1485019200E+00
        22    0.1839000000E+03    0.1734808814E+03   -0.5410974900E+00   -0.1896022000E-01
        23    0.2720000000E+03    0.3591846150E+03    0.5881604000E-01   -0.1488816000E-01
        24    0.3958500000E+03    0.4042716544E+03    0.1920957900E+00    0.4780000000E-04
        25    0.4062400000E+03    0.3965888768E+03    0.2424667600E+00   -0.8487530000E-01
        26    0.3590000000E+03    0.4012779370E+03    0.1870176000E+00   -0.5195070000E-02
        27    0.3410000000E+03    0.2899825306E+03   -0.1792946400E+00    0.0000000000E+00
        28    0.3124500000E+03    0.3122112471E+03   -0.1144800000E+00    0.8372160000E-02
        29    0.3410000000E+03    0.3286741090E+03   -0.6131213000E-01    0.8750280000E-02
        30    0.2300000000E+03    0.2319605453E+03   -0.3082495500E+00   -0.6719616000E-01
        31    0.1591000000E+03    0.1541121532E+03   -0.3923619700E+00   -0.2575700400E+00
        32    0.1744500000E+03    0.1709375152E+03   -0.5661838400E+00    0.0000000000E+00
        33    0.3092000000E+03    0.3005497077E+03   -0.1322351800E+00   -0.1433440000E-01
        34    0.3520000000E+03    0.3223838913E+03   -0.7687734000E-01    0.3252200000E-02
        35    0.2375000000E+03    0.2109454343E+03   -0.2368799300E+00   -0.2246300300E+00
        36    0.2138000000E+03    0.2541987863E+03   -0.2838622600E+00   -0.1321920000E-01
