        Rank        RMSE       MaxAE  Feature_ID
           1   26.552731   61.391716  (       1)
           2   26.622178   78.646950  (       2)
           3   26.659618   57.639886  (       3)
           4   26.664594   68.653644  (       4)
           5   26.686842   63.454814  (       5)
           6   26.785784   50.194357  (       6)
           7   26.890380   62.493958  (       7)
           8   27.091362   65.334844  (       8)
           9   27.131932   58.293751  (       9)
          10   27.187380   58.526454  (      10)
          11   27.291222   62.708115  (      11)
          12   27.327646   54.859697  (      12)
          13   27.403692   49.105729  (      13)
          14   27.451829   71.045796  (      14)
          15   27.461367   50.666618  (      15)
          16   27.461997   62.672569  (      16)
          17   27.508451   66.046338  (      17)
          18   27.530575   71.923248  (      18)
          19   27.554282   77.656116  (      19)
          20   27.576501   57.488201  (      20)
          21   27.594561   71.842808  (      21)
          22   27.657002   68.183341  (      22)
          23   27.665644   63.222620  (      23)
          24   27.718577   71.602791  (      24)
          25   27.734861   61.494581  (      25)
          26   27.749379   61.330818  (      26)
          27   27.761451   59.548616  (      27)
          28   27.798101   61.949873  (      28)
          29   27.828149   65.903923  (      29)
          30   27.839905   65.085795  (      30)
          31   27.857764   61.115897  (      31)
          32   27.860758   54.894154  (      32)
          33   27.862988   65.324001  (      33)
          34   27.874660   70.274679  (      34)
          35   27.893165   61.157221  (      35)
          36   27.933435   63.251564  (      36)
          37   27.935360   61.599029  (      37)
          38   27.947115   67.833318  (      38)
          39   27.947721   61.383519  (      39)
          40   27.970672   51.043282  (      40)
          41   27.984872   49.756196  (      41)
          42   28.000696   51.018849  (      42)
          43   28.001356   65.363411  (      43)
          44   28.015517   51.081361  (      44)
          45   28.038272   54.987787  (      45)
          46   28.041202   77.203415  (      46)
          47   28.068463   51.123143  (      47)
          48   28.078094   76.109144  (      48)
          49   28.080065   63.572719  (      49)
          50   28.091286   73.188460  (      50)
          51   28.091456   51.062090  (      51)
          52   28.091610   83.794826  (      52)
          53   28.108970   55.438654  (      53)
          54   28.110381   65.973945  (      54)
          55   28.113714   67.090144  (      55)
          56   28.120719   59.209644  (      56)
          57   28.127049   65.237428  (      57)
          58   28.149626   62.129627  (      58)
          59   28.160504   70.829037  (      59)
          60   28.176364   61.548315  (      60)
          61   28.216542   69.544091  (      61)
          62   28.242547   61.512650  (      62)
          63   28.259644   52.249089  (      63)
          64   28.282609   62.582231  (      64)
          65   28.287846   62.593291  (      65)
          66   28.295543   66.311514  (      66)
          67   28.297600   55.261231  (      67)
          68   28.300251   65.411049  (      68)
          69   28.328263   74.410505  (      69)
          70   28.336841   65.572553  (      70)
          71   28.356108   72.493810  (      71)
          72   28.359429   61.342742  (      72)
          73   28.377195   60.230262  (      73)
          74   28.381733   77.787748  (      74)
          75   28.386484   92.085755  (      75)
          76   28.399917   57.123429  (      76)
          77   28.408307   82.411410  (      77)
          78   28.423627   67.916820  (      78)
          79   28.423687   59.858175  (      79)
          80   28.426572   63.267209  (      80)
          81   28.429436   64.498506  (      81)
          82   28.463372   66.283323  (      82)
          83   28.476999   57.886923  (      83)
          84   28.490650   71.547236  (      84)
          85   28.495165   65.768777  (      85)
          86   28.502346   65.799927  (      86)
          87   28.504100   62.938827  (      87)
          88   28.511070   68.016763  (      88)
          89   28.512080   68.372049  (      89)
          90   28.513310   67.582369  (      90)
          91   28.529838   68.509218  (      91)
          92   28.535910   63.895263  (      92)
          93   28.545305   76.660733  (      93)
          94   28.545364   54.263712  (      94)
          95   28.546300   67.108329  (      95)
          96   28.550175   66.632785  (      96)
          97   28.550883   72.362518  (      97)
          98   28.558023   54.106337  (      98)
          99   28.558865   67.109699  (      99)
         100   28.559476   60.283213  (     100)
