The coordinates (x,y) of 2D-vertices arranged in clockwise direction
Task :    1
Hull    1
   -0.1003300000E+01    0.6201577559E-01
   -0.1990000000E-01    0.2106700200E+00
    0.2545000000E+00    0.1488658651E-01
    0.2647000000E+00    0.0000000000E+00
    0.2170000000E-01    0.0000000000E+00
    0.1500000000E-02    0.0000000000E+00
   -0.1989000000E+00    0.0000000000E+00
   -0.2811000000E+00    0.1452797730E-02
   -0.9989000000E+00    0.4581907551E-01
Hull    2
   -0.7200000000E-01    0.4379322636E-01
   -0.6860000000E-01    0.7678554135E-01
    0.2799000000E+00    0.3202093848E+00
    0.9033000000E+00    0.2573711100E+00
    0.2667000000E+00    0.8666536386E-02
   -0.2030000000E-01    0.5824965510E-02
