        Rank        RMSE       MaxAE  Feature_ID
           1   35.641509   76.402398  (       1)
           2   35.676226   80.278756  (       2)
           3   35.893715   80.667825  (       3)
           4   35.941771   80.817882  (       4)
           5   35.950350   80.980930  (       5)
           6   35.950667  113.821585  (       6)
           7   36.115818   77.741332  (       7)
           8   36.119324   81.230016  (       8)
           9   36.178137   76.285968  (       9)
          10   36.215196   73.414884  (      10)
          11   36.362324   79.891057  (      11)
          12   36.378895   76.166211  (      12)
          13   36.487336   74.850111  (      13)
          14   36.557790   79.723367  (      14)
          15   36.592346   86.444813  (      15)
          16   36.619010   77.455073  (      16)
          17   36.652912   75.398899  (      17)
          18   36.711341   77.866479  (      18)
          19   36.740268   81.671213  (      19)
          20   36.852558  114.611178  (      20)
          21   37.019680   88.444696  (      21)
          22   37.027732   77.450047  (      22)
          23   37.056013   77.578582  (      23)
          24   37.087957   94.717704  (      24)
          25   37.090341   76.542844  (      25)
          26   37.194120  122.716230  (      26)
          27   37.206839   78.748195  (      27)
          28   37.218220   78.001378  (      28)
          29   37.219126   78.003146  (      29)
          30   37.220035   78.004915  (      30)
          31   37.247413   92.848674  (      31)
          32   37.291023   76.326291  (      32)
          33   37.314822   86.629015  (      33)
          34   37.328560   89.954140  (      34)
          35   37.341949   76.281451  (      35)
          36   37.352174  115.202436  (      36)
          37   37.366667   84.324839  (      37)
          38   37.400583  108.031145  (      38)
          39   37.416345  105.578263  (      39)
          40   37.431638   78.345626  (      40)
          41   37.457803   81.137624  (      41)
          42   37.502603  124.892156  (      42)
          43   37.566009   86.504607  (      43)
          44   37.634433   93.755706  (      44)
          45   37.702744   97.682207  (      45)
          46   37.721766   78.779664  (      46)
          47   37.742128   95.099963  (      47)
          48   37.748027   77.439850  (      48)
          49   37.767591   78.089351  (      49)
          50   37.775199   80.835201  (      50)
          51   37.782215   78.012089  (      51)
          52   37.791904   78.761643  (      52)
          53   37.811069   78.998427  (      53)
          54   37.815382   88.746862  (      54)
          55   37.855350   78.851577  (      55)
          56   37.858946   98.809374  (      56)
          57   37.861653  122.894075  (      57)
          58   37.863551   86.392992  (      58)
          59   37.870805   88.621936  (      59)
          60   37.880355   85.788209  (      60)
          61   37.882166   78.985477  (      61)
          62   37.889995   78.776275  (      62)
          63   37.908851   81.426309  (      63)
          64   37.910045   85.761910  (      64)
          65   37.917685   78.383359  (      65)
          66   37.921893   78.885747  (      66)
          67   37.926982   86.226662  (      67)
          68   37.933072   79.388382  (      68)
          69   37.960927   77.562780  (      69)
          70   37.968182   78.993525  (      70)
          71   37.982669   96.242487  (      71)
          72   37.987262   82.486208  (      72)
          73   37.987451   78.747077  (      73)
          74   37.989984   78.919689  (      74)
          75   38.026442   79.035864  (      75)
          76   38.040774   78.772530  (      76)
          77   38.061787   79.009220  (      77)
          78   38.074017   78.915003  (      78)
          79   38.095478   83.098415  (      79)
          80   38.098381   88.449163  (      80)
          81   38.115048  107.223015  (      81)
          82   38.120713   88.899283  (      82)
          83   38.129222   75.124804  (      83)
          84   38.132671   83.949466  (      84)
          85   38.136671   78.068568  (      85)
          86   38.136737   78.989670  (      86)
          87   38.148244   99.697491  (      87)
          88   38.156639   95.837491  (      88)
          89   38.174390   94.309272  (      89)
          90   38.197111   86.628847  (      90)
          91   38.223441  111.751765  (      91)
          92   38.224185   77.187977  (      92)
          93   38.228378   76.802417  (      93)
          94   38.245715   77.162375  (      94)
          95   38.265145   75.852916  (      95)
          96   38.276337   86.131320  (      96)
          97   38.286136   94.400855  (      97)
          98   38.290546   83.967717  (      98)
          99   38.294731   75.392925  (      99)
         100   38.299054   99.227073  (     100)
