Model_ID, [(c_i,i=0,n)_j,j=1,ntask]
           1    0.2842496233E+02    0.6132410596E+02   -0.1756091350E+02
           2    0.2842856272E+02    0.6115301761E+02   -0.1757807188E+02
           3    0.7538667990E+01    0.7971850242E+02    0.1661976689E+03
           4    0.2804619316E+02    0.2043904743E+02   -0.9528309884E+02
           5    0.2646633799E+02    0.6279427855E+02   -0.1625899411E+02
           6    0.8251685467E+01    0.6801109955E+02   -0.1256458806E+03
           7    0.1748604180E+02    0.2018765516E+02   -0.1283220211E+03
           8    0.2498183269E+02    0.5809386335E+02   -0.2055233371E+02
           9    0.2498417747E+02    0.5808525940E+02   -0.2055851764E+02
          10    0.2682365266E+02   -0.7208138613E+02   -0.1714629945E+02
          11    0.8257318925E+01    0.6789536178E+02   -0.1250355377E+03
          12    0.3399702545E+02    0.2887237187E+02   -0.1052826845E+03
          13    0.2647372044E+02    0.6258146615E+02   -0.1623025087E+02
          14    0.7636499582E+01    0.7934349228E+02    0.1649262151E+03
          15    0.2691889947E+02   -0.7206767985E+02   -0.1719309143E+02
          16    0.2668825256E+02    0.7197208622E+02   -0.1712691673E+02
          17    0.2665067976E+02    0.7186737199E+02   -0.1707821333E+02
          18    0.2307467531E+02   -0.5070570628E+02   -0.1781743553E+02
          19    0.2980487345E+02    0.5859727855E+02   -0.1781093657E+02
          20    0.4007434672E+02   -0.2824409128E+02   -0.1073384731E+03
          21    0.1044281831E+02    0.6553728941E+02   -0.8881862705E+02
          22    0.1040320603E+02    0.6548432099E+02   -0.8872933251E+02
          23    0.2981193952E+02    0.5842997886E+02   -0.1783415741E+02
          24    0.9396609078E+01    0.3025624142E+02   -0.1015731739E+03
          25    0.1725531692E+02    0.2061638671E+02   -0.1208760787E+03
          26    0.9423920803E+01    0.3035267016E+02   -0.1008143851E+03
          27    0.3307251208E+02    0.3008376226E+02   -0.1050014313E+03
          28    0.2411393683E+02   -0.4957115700E+02   -0.1884420916E+02
          29    0.2994779183E+02    0.3087409392E+02   -0.9202265753E+02
          30    0.2551487160E+02   -0.6261217663E+02   -0.1661632879E+02
          31    0.3707585579E+02   -0.2833370459E+02   -0.1254199000E+03
          32    0.2640521156E+02    0.7106670158E+02   -0.1677312413E+02
          33    0.6022217907E+01    0.7113104854E+02    0.5055574887E+02
          34    0.2801800833E+02    0.4250687974E+02   -0.2452121779E+02
          35    0.2568286673E+02   -0.6278851361E+02   -0.1653034010E+02
          36    0.1174242686E+02    0.6469010117E+02   -0.1127671474E+03
          37    0.1173355448E+02    0.6481108735E+02   -0.1118804110E+03
          38    0.2552755396E+02   -0.4951721452E+02    0.2067995483E+02
          39    0.1179369375E+02    0.6483327935E+02   -0.1117300830E+03
          40    0.1180304002E+02    0.6471150804E+02   -0.1126082097E+03
          41    0.2689456675E+02    0.7079408341E+02   -0.1732471715E+02
          42    0.2708674912E+02   -0.4015595986E+02    0.2012207524E+02
          43    0.2708231676E+02    0.7180861551E+02   -0.1726695377E+02
          44    0.8257824184E+01    0.3447585213E+02   -0.3642802626E+02
          45    0.8006262485E+01    0.3459140975E+02   -0.3593992175E+02
          46    0.2255011913E+02   -0.4985940777E+02   -0.1564461616E+02
          47    0.2549451764E+02    0.2305378365E+02   -0.1184987788E+03
          48    0.2561602349E+02    0.2253242659E+02   -0.1244688855E+03
          49    0.2010222498E+02   -0.5734677573E+02   -0.1029214603E+03
          50    0.9290684714E+01    0.7637368192E+02    0.1497119942E+03
          51    0.1585081070E+02    0.7004011357E+02   -0.6879127224E+02
          52    0.3212434286E+02   -0.2542985445E+02    0.3478068702E+02
          53    0.2732807543E+02    0.4306824619E+02   -0.2401366672E+02
          54    0.2702983899E+02   -0.4036882090E+02    0.1997045919E+02
          55    0.2774812230E+02    0.5794484220E+02   -0.2064023705E+02
          56    0.8298552527E+01    0.2440016704E+02   -0.1250816905E+03
          57    0.7552420255E+01    0.6847901849E+02   -0.9370707908E+02
          58    0.7458462649E+01    0.7897804275E+02   -0.1708623040E+03
          59    0.1023057008E+02    0.2360282825E+02   -0.1194258429E+03
          60    0.2246775170E+02   -0.5109256771E+02   -0.1793765308E+02
          61    0.2718380753E+02    0.6991284140E+02   -0.1726825509E+02
          62    0.1250937172E+02    0.8761847268E+02    0.3185460709E+02
          63    0.1262043376E+02    0.8771227234E+02    0.3210845698E+02
          64    0.4288126320E+02    0.2670589051E+02   -0.9561989727E+02
          65    0.3614675899E+02   -0.2968663056E+02   -0.1225544395E+03
          66    0.3538450711E+02    0.6670324100E+02   -0.3845681279E+02
          67    0.1583977526E+02    0.6984965051E+02   -0.6909875539E+02
          68    0.2638497853E+02    0.7083216222E+02   -0.1670585583E+02
          69    0.2796219095E+02    0.3637306800E+02   -0.2138195333E+02
          70    0.2728534700E+02    0.4320573400E+02   -0.2389051559E+02
          71    0.2639401586E+02    0.6038487725E+02    0.2259687047E+02
          72    0.3543243559E+02    0.6658074285E+02   -0.3860473864E+02
          73    0.8087999302E+01    0.7832927466E+02    0.1617183534E+03
          74    0.3172680783E+02   -0.5990477706E+02   -0.2286078358E+02
          75    0.3236782573E+02    0.3075090833E+02   -0.9408712620E+02
          76    0.3549224428E+02    0.6655359605E+02   -0.3861930271E+02
          77    0.6135223068E+01    0.7087145876E+02    0.4992735798E+02
          78    0.8129007418E+01   -0.7834787065E+02    0.1620840938E+03
          79    0.1251806263E+02    0.8742349121E+02    0.3177035865E+02
          80    0.3554151479E+02    0.6643146460E+02   -0.3877047638E+02
          81    0.3638533662E+02   -0.5701439836E+02   -0.3624800506E+02
          82    0.1245277467E+02    0.8749422155E+02    0.3164923940E+02
          83    0.9401213407E+01    0.6767488471E+02   -0.5291362089E+03
          84    0.2809910441E+02   -0.2188015227E+02    0.3540104362E+02
          85    0.2807146919E+02   -0.2187582909E+02    0.3538177012E+02
          86    0.3655580816E+02   -0.5695927018E+02   -0.3645360986E+02
          87    0.8416177277E+01   -0.3831195638E+02    0.1226059754E+03
          88    0.9394663699E+01    0.6772026014E+02   -0.5271976564E+03
          89    0.2359109283E+02   -0.5023907402E+02   -0.1842523575E+02
          90    0.2687537500E+02    0.7056392564E+02   -0.1725969700E+02
          91    0.2754298915E+02   -0.7091408683E+02   -0.1787652713E+02
          92    0.2332200734E+02    0.5033991732E+02   -0.1811180652E+02
          93    0.2775554619E+02    0.3732998192E+02   -0.2012383308E+02
          94    0.3060734939E+02   -0.2242526864E+02    0.3197383231E+02
          95    0.1157972809E+02    0.6332684747E+02   -0.1279314100E+03
          96    0.7573930153E+01    0.6834565252E+02   -0.9314078885E+02
          97    0.3396209339E+02    0.2869777354E+02   -0.1054725775E+03
          98    0.3190936322E+02   -0.4795260687E+02   -0.2140321688E+02
          99    0.3241149393E+02    0.3074591622E+02   -0.9389286312E+02
         100    0.2775438911E+02    0.5776778680E+02   -0.2065083456E+02
