     Index              y_true              y_pred        descriptor_1        descriptor_2
         1    0.3200000000E+01    0.7060872779E+01   -0.1000000000E+01    0.0000000000E+00
         2    0.1850000000E+02    0.2621449790E+02   -0.5285540000E+00    0.0000000000E+00
         3    0.8872000000E+02    0.7349041930E+02    0.6350922500E+00    0.0000000000E+00
         4    0.2045000000E+02    0.1432960985E+02   -0.8210878100E+00    0.0000000000E+00
         5    0.5301000000E+02    0.5017294845E+02    0.6115764000E-01    0.0000000000E+00
         6    0.2548000000E+02    0.1702629048E+02   -0.7547119000E+00    0.0000000000E+00
         7    0.6524000000E+02    0.5890130454E+02    0.2873439000E+00   -0.1820994448E-02
         8    0.4537000000E+02    0.3566427101E+02   -0.2959579400E+00    0.0000000000E+00
         9    0.1845000000E+02    0.3014967342E+02   -0.4206379800E+00   -0.1774258200E-02
        10    0.6056000000E+02    0.6539905029E+02    0.4001812000E+00    0.5737297904E-02
        11    0.3615000000E+02    0.3544785870E+02    0.1939498200E+00   -0.7947569074E-01
        12    0.5090000000E+02    0.4551340131E+02   -0.9127400000E-01    0.6056850000E-02
        13    0.1790000000E+02    0.2815605607E+02   -0.4964369200E+00    0.2515104808E-02
        14    0.4216000000E+02    0.3885594359E+02   -0.4472221500E+00    0.3688233754E-01
        15    0.1464000000E+02    0.3004087119E+02   -0.3569749100E+00   -0.1242074222E-01
        16    0.2796000000E+02    0.2320859203E+02   -0.5555217500E+00   -0.7545717900E-02
        17    0.3187000000E+02    0.2677880010E+02   -0.4740816900E+00   -0.6512735320E-02
        18    0.3120000000E+02    0.3316427292E+02   -0.3633409500E+00    0.9385293960E-03
        19    0.2551000000E+02    0.2869390385E+02   -0.4318278600E+00   -0.5728882194E-02
        20    0.1790000000E+02    0.1523025490E+02   -0.4091195200E+00   -0.6255544235E-01
        21    0.2681000000E+02    0.3225246277E+02   -0.3188431400E+00   -0.9804230550E-02
        22    0.3682000000E+02    0.4276911646E+02    0.6083490000E+00   -0.1170593992E+00
        23    0.6900000000E+02    0.7582993349E+02    0.6926768900E+00    0.0000000000E+00
        24    0.7520000000E+02    0.7660661846E+02    0.7117941600E+00    0.0000000000E+00
        25    0.8285000000E+02    0.7984158914E+02    0.6993604600E+00    0.1477372000E-01
        26    0.6942000000E+02    0.8156837978E+02    0.8920842400E+00   -0.9333832032E-02
        27    0.7737000000E+02    0.7539318868E+02    0.8988693200E+00   -0.3481512168E-01
        28    0.5774000000E+02    0.4863382882E+02    0.5337132000E-01   -0.4830068646E-02
        29    0.2720000000E+02    0.2875349831E+02   -0.6517792900E+00    0.2980452760E-01
        30    0.6276000000E+02    0.5103335532E+02    0.2449281600E+00   -0.2609299791E-01
        31    0.5060000000E+01    0.1296580902E+02   -0.2865951600E+00   -0.9116297549E-01
        32    0.5015000000E+02    0.4559481204E+02   -0.8361960000E-01    0.5150042625E-02
        33    0.9080000000E+02    0.1005719391E+03    0.4758773400E+00    0.1325247516E+00
        34    0.6660000000E+02    0.6441069405E+02    0.3452601600E+00    0.1064700432E-01
        35    0.5100000000E+02    0.4651563856E+02   -0.8082580000E-01    0.8339016752E-02
        36    0.4460000000E+02    0.4231024334E+02   -0.1912301500E+00    0.9445218750E-02
