        Rank        RMSE       MaxAE  Feature_ID
           1    8.258422   24.698881  (     262   10134)
           2    8.267599   25.343919  (     262   10150)
           3    8.269561   21.848599  (      42   10901)
           4    8.412663   25.849254  (     262   10340)
           5    8.418470   25.598141  (     262   11670)
           6    8.429731   25.155601  (     262   10316)
           7    8.432498   23.411481  (     368   10452)
           8    8.434729   23.603117  (      12   10178)
           9    8.435102   24.045379  (     368   10575)
          10    8.436403   24.737328  (     262   10452)
          11    8.439745   24.539557  (     368   10340)
          12    8.444164   27.496020  (     142   10134)
          13    8.444290   23.300426  (     368   10549)
          14    8.459551   23.914576  (     368   10674)
          15    8.461068   25.167225  (     262   10345)
          16    8.462264   22.685176  (     836   10295)
          17    8.463892   25.350571  (     262   10575)
          18    8.466099   24.627717  (     262   10549)
          19    8.470812   22.209233  (      42   10854)
          20    8.474994   23.658038  (      12   10175)
          21    8.479291   23.829052  (     368   10316)
          22    8.485415   28.090218  (     142   10150)
          23    8.488212   24.228604  (      12   10191)
          24    8.493282   25.066834  (     262   11963)
          25    8.493835   25.142601  (      37   10901)
          26    8.496899   23.846176  (     368   10345)
          27    8.501611   25.079384  (     262   12034)
          28    8.501788   25.147891  (      52   10901)
          29    8.506681   25.220082  (     262   10674)
          30    8.512553   22.350166  (      42   11031)
          31    8.516352   25.389654  (      12   12546)
          32    8.521016   22.372982  (      42   10984)
          33    8.522866   22.380820  (      42   11060)
          34    8.525132   22.388678  (      42   11170)
          35    8.527273   24.972030  (     262   11928)
          36    8.527903   22.357712  (      42   11094)
          37    8.527934   24.764249  (     262   13175)
          38    8.529743   25.112828  (     262   12269)
          39    8.531660   22.665610  (      12   10549)
          40    8.532642   25.251345  (      16   10901)
          41    8.533678   25.098287  (      46   10901)
          42    8.533685   18.283373  (     262   10462)
          43    8.534043   22.764368  (      12   10452)
          44    8.534385   24.753722  (    3590   10194)
          45    8.535756   22.411400  (      42   11106)
          46    8.536743   24.779710  (     821   10191)
          47    8.539820   24.255773  (      12   10194)
          48    8.540905   25.123471  (     262   12345)
          49    8.542038   24.730868  (    8376   10150)
          50    8.544904   25.996186  (      42   11242)
          51    8.549425   23.672676  (     836   10025)
          52    8.550324   24.021653  (    8376   10134)
          53    8.556025   25.364210  (      34   10901)
          54    8.559605   26.028779  (      42   11356)
          55    8.559963   21.820305  (      42   13005)
          56    8.560824   25.356043  (     262   11054)
          57    8.561724   24.588242  (     368   10602)
          58    8.562638   25.444324  (      49   10901)
          59    8.565940   23.299319  (     368   10134)
          60    8.566850   24.605807  (     368   10626)
          61    8.567197   24.599620  (     368   10618)
          62    8.567822   24.593220  (     368   10610)
          63    8.569891   23.936231  (     368   10150)
          64    8.569956   24.636491  (     368   10657)
          65    8.571514   24.053147  (     821   10178)
          66    8.572341   22.102592  (      42   11477)
          67    8.573909   22.961095  (      42   10779)
          68    8.574380   25.292032  (      31   10901)
          69    8.575335   20.262596  (      44   10724)
          70    8.575337   24.608971  (     368   10639)
          71    8.576503   24.553481  (     368   10581)
          72    8.577412   24.015178  (    3590   10175)
          73    8.581512   22.139207  (      42   11322)
          74    8.582428   25.363557  (      12   12337)
          75    8.586228   25.387872  (     368   11618)
          76    8.588602   25.235069  (     146   15442)
          77    8.590986   23.890472  (     368   10506)
          78    8.592476   21.755369  (     262   10802)
          79    8.593976   21.205355  (     262   10450)
          80    8.594126   24.560552  (     262   10798)
          81    8.594546   23.909439  (     368   10542)
          82    8.595028   23.903030  (     368   10533)
          83    8.595748   23.896471  (     368   10523)
          84    8.595851   25.313913  (    7902   10648)
          85    8.596180   23.942516  (     368   10582)
          86    8.596462   22.799066  (      42   10449)
          87    8.597587   25.483932  (     936   10901)
          88    8.597699   22.611672  (      42   11560)
          89    8.597980   21.686124  (     262   10713)
          90    8.598512   25.127237  (      12   13375)
          91    8.600187   20.795329  (    1709   10901)
          92    8.601151   24.451416  (     262   15479)
          93    8.601360   23.914172  (     368   10556)
          94    8.604207   23.857018  (     368   10492)
          95    8.608653   25.833682  (     262   10581)
          96    8.610577   25.886092  (     262   10639)
          97    8.610809   25.160329  (     262   10492)
          98    8.611083   25.214866  (     262   10556)
          99    8.611431   25.866597  (     262   10610)
         100    8.611854   25.436918  (     262   18793)
