     Index              y_true              y_pred        descriptor_1
         1    0.1850000000E+02    0.2154755802E+02    0.7025000000E+00
         2    0.8872000000E+02    0.8136709759E+02   -0.2694815800E+00
         3    0.2045000000E+02    0.9096057208E+01    0.9048190000E+00
         4    0.2067000000E+02    0.3023215965E+02    0.5613877000E+00
         5    0.5301000000E+02    0.3737754643E+02    0.4452854300E+00
         6    0.2548000000E+02    0.3291850299E+02    0.5177384800E+00
         7    0.2817000000E+02    0.2415027304E+02    0.6602096200E+00
         8    0.4537000000E+02    0.4091503517E+02    0.3878063200E+00
         9    0.1845000000E+02    0.4163396027E+02    0.3761248200E+00
        10    0.4263000000E+02    0.6037641293E+02    0.7158689000E-01
        11    0.6056000000E+02    0.5524668866E+02    0.1549375400E+00
        12    0.3615000000E+02    0.3003443386E+02    0.5646004600E+00
        13    0.1790000000E+02    0.2547125259E+02    0.6387456000E+00
        14    0.1464000000E+02    0.3467203278E+02    0.4892461400E+00
        15    0.2796000000E+02    0.1982174021E+02    0.7305420600E+00
        16    0.3187000000E+02    0.2451420921E+02    0.6542961800E+00
        17    0.3120000000E+02    0.2703586292E+02    0.6133229300E+00
        18    0.2551000000E+02    0.2967254156E+02    0.5704806900E+00
        19    0.1790000000E+02    0.3127493184E+02    0.5444441500E+00
        20    0.2681000000E+02    0.2449198017E+02    0.6546573700E+00
        21    0.2622000000E+02    0.3430136124E+02    0.4952690200E+00
        22    0.6900000000E+02    0.6127062799E+02    0.5705718000E-01
        23    0.7520000000E+02    0.8161528815E+02   -0.2735143200E+00
        24    0.8285000000E+02    0.7562855088E+02   -0.1762384400E+00
        25    0.6942000000E+02    0.7207377076E+02   -0.1184783700E+00
        26    0.7737000000E+02    0.7441490266E+02   -0.1565184000E+00
        27    0.6383000000E+02    0.6569354578E+02   -0.1480888000E-01
        28    0.5774000000E+02    0.4758053522E+02    0.2795015200E+00
        29    0.4307000000E+02    0.5368709847E+02    0.1802786400E+00
        30    0.6276000000E+02    0.5414442013E+02    0.1728478200E+00
        31    0.5060000000E+01    0.1728961912E+02    0.7716853900E+00
        32    0.5015000000E+02    0.3924609993E+02    0.4149241200E+00
        33    0.9080000000E+02    0.9397787156E+02   -0.4743885400E+00
        34    0.6660000000E+02    0.7016195313E+02   -0.8741408000E-01
        35    0.5100000000E+02    0.3791519273E+02    0.4365494500E+00
        36    0.6511000000E+02    0.4727888517E+02    0.2844029000E+00
