        Rank        RMSE       MaxAE  Feature_ID
           1   19.613851   40.950117  (       1   10002)
           2   19.619440   38.762418  (       1   10262)
           3   19.697272   49.472924  (       1   10143)
           4   19.845588   40.519487  (       1   10020)
           5   19.847847   36.387171  (       1   10694)
           6   20.031308   51.089873  (       1   10207)
           7   20.071938   48.397341  (     347   15343)
           8   20.213489   43.904785  (       1   10053)
           9   20.244170   45.112500  (       7   10120)
          10   20.268193   46.344378  (       1   18009)
          11   20.277817   50.996369  (       1   10042)
          12   20.318732   48.503785  (       1   10208)
          13   20.348420   38.686018  (       1   10191)
          14   20.354606   44.539935  (       1   18725)
          15   20.409615   40.825562  (       1   12627)
          16   20.416972   47.564808  (       1   10001)
          17   20.455487   45.882428  (       1   10006)
          18   20.481725   44.896571  (       1   10064)
          19   20.490575   41.850881  (       1   10078)
          20   20.498306   42.580183  (       1   11995)
          21   20.501696   42.197577  (       1   10034)
          22   20.561767   38.464471  (       1   15333)
          23   20.562563   44.920675  (       1   14207)
          24   20.568770   42.772842  (       1   10003)
          25   20.578082   38.688892  (       1   10140)
          26   20.587942   48.022002  (       1   10008)
          27   20.599817   37.207306  (       1   10233)
          28   20.608828   48.459926  (       1   10216)
          29   20.618036   46.152617  (       1   10392)
          30   20.628615   48.254569  (       1   10245)
          31   20.636647   44.425117  (       1   12493)
          32   20.636848   38.110271  (       1   10276)
          33   20.637228   39.898442  (       1   10044)
          34   20.649737   48.343871  (       1   10199)
          35   20.661600   38.037086  (       1   10419)
          36   20.666860   48.111781  (       1   10293)
          37   20.672399   48.388409  (       1   10451)
          38   20.672777   44.462812  (       1   14879)
          39   20.683565   42.711322  (       1   10364)
          40   20.688398   52.780224  (       2   19757)
          41   20.695433   48.521820  (       1   10176)
          42   20.704054   38.499085  (       1   13488)
          43   20.704381   40.643812  (       1   10162)
          44   20.714462   49.369667  (       1   10013)
          45   20.715784   36.479299  (       1   10348)
          46   20.716155   41.277429  (       1   10219)
          47   20.716197   50.977679  (       1   10802)
          48   20.718044   51.692207  (       1   10005)
          49   20.720826   50.148642  (       1   10018)
          50   20.731358   50.724539  (       1   12590)
          51   20.735523   48.904149  (       1   10827)
          52   20.736134   36.741507  (       1   11765)
          53   20.745054   48.799053  (       1   10004)
          54   20.745136   51.861705  (       2   18662)
          55   20.758992   45.134535  (       1   15850)
          56   20.763141   49.229012  (       1   10009)
          57   20.763604   47.285540  (       1   10359)
          58   20.780996   50.766987  (       1   10022)
          59   20.782309   45.138340  (       1   13407)
          60   20.787790   41.148741  (       1   15100)
          61   20.792611   52.553154  (       1   10025)
          62   20.799053   47.474788  (       1   10073)
          63   20.800818   44.778815  (       1   10142)
          64   20.807875   49.569488  (       1   10012)
          65   20.809524   48.866307  (       1   10915)
          66   20.811513   49.218774  (       1   10014)
          67   20.812983   44.536366  (       1   10167)
          68   20.813526   43.015266  (       1   14763)
          69   20.820086   48.276804  (       1   18749)
          70   20.825277   41.820250  (       1   10182)
          71   20.826131   53.394525  (       2   17057)
          72   20.838283   43.958617  (       1   10007)
          73   20.851490   50.614537  (       1   10011)
          74   20.853684   49.085166  (       1   10021)
          75   20.854196   48.964985  (       1   10032)
          76   20.855024   38.018951  (       1   10422)
          77   20.855959   50.245807  (       1   11723)
          78   20.856348   49.405714  (       2   17986)
          79   20.869416   49.370721  (       2   17804)
          80   20.869796   42.394037  (       1   10181)
          81   20.870906   51.430668  (       1   18448)
          82   20.871136   39.424826  (       1   16031)
          83   20.874447   46.679828  (       1   13998)
          84   20.877470   40.060765  (       1   14904)
          85   20.882516   52.001123  (       1   10912)
          86   20.885075   47.146356  (       1   10877)
          87   20.885597   48.390050  (       1   10048)
          88   20.887116   42.963487  (       1   13393)
          89   20.887275   48.458904  (       1   10040)
          90   20.891917   40.413353  (     347   12554)
          91   20.892852   49.373801  (       1   11021)
          92   20.896646   55.757245  (       1   12858)
          93   20.898152   48.078800  (       1   10019)
          94   20.906052   39.066975  (       1   10242)
          95   20.917982   48.825776  (       1   10086)
          96   20.921533   39.338363  (       1   10495)
          97   20.924064   50.748021  (       7   10031)
          98   20.925131   43.346509  (       1   14034)
          99   20.929579   46.557119  (       1   10067)
         100   20.932397   49.329615  (       1   10613)
