        Rank        RMSE       MaxAE  Feature_ID
           1   30.317247   91.670580  (       1)
           2   31.043297   93.851043  (       2)
           3   31.557764   82.130209  (       3)
           4   31.613878   76.884386  (       4)
           5   31.766424   60.876700  (       5)
           6   31.953589   80.423022  (       6)
           7   32.294850   91.541823  (       7)
           8   32.767396   64.193151  (       8)
           9   32.834526   83.361876  (       9)
          10   33.010091   72.578378  (      10)
          11   33.113266   83.784346  (      11)
          12   33.168887   78.607398  (      12)
          13   33.224586   67.911828  (      13)
          14   33.245455   85.174304  (      14)
          15   33.259324   67.849892  (      15)
          16   33.260123   77.129377  (      16)
          17   33.334944   76.151267  (      17)
          18   33.386922   80.935754  (      18)
          19   33.421921   70.897048  (      19)
          20   33.448520   84.838691  (      20)
          21   33.521448   81.447002  (      21)
          22   33.612283   67.054439  (      22)
          23   33.638731   99.696834  (      23)
          24   33.644662   92.584552  (      24)
          25   33.658845   74.240809  (      25)
          26   33.756499   74.687957  (      26)
          27   33.815786   68.746165  (      27)
          28   33.831441   70.977165  (      28)
          29   33.839396   67.823843  (      29)
          30   33.851694   72.074831  (      30)
          31   33.897414   76.660281  (      31)
          32   33.924929   82.960394  (      32)
          33   33.948769   76.053364  (      33)
          34   33.957756   76.299785  (      34)
          35   33.970195   77.615863  (      35)
          36   34.090590   76.280767  (      36)
          37   34.153182   91.305051  (      37)
          38   34.191991   74.283890  (      38)
          39   34.202980   71.516534  (      39)
          40   34.219969   78.709428  (      40)
          41   34.222427   88.503283  (      41)
          42   34.239658   96.487014  (      42)
          43   34.243864   74.712857  (      43)
          44   34.264957   90.419377  (      44)
          45   34.298324   86.403254  (      45)
          46   34.322049   75.278089  (      46)
          47   34.361137   76.655429  (      47)
          48   34.411018   79.388001  (      48)
          49   34.472758   82.856837  (      49)
          50   34.480157   97.878745  (      50)
          51   34.514312   80.703852  (      51)
          52   34.554254   75.237382  (      52)
          53   34.560827   77.046268  (      53)
          54   34.578462   81.547817  (      54)
          55   34.578710   74.456306  (      55)
          56   34.603360   87.787455  (      56)
          57   34.630355  103.172860  (      57)
          58   34.637814   70.503469  (      58)
          59   34.641122   68.839324  (      59)
          60   34.646069   89.557589  (      60)
          61   34.653389   66.688147  (      61)
          62   34.655328  107.414985  (      62)
          63   34.657383   76.939799  (      63)
          64   34.658534   66.404181  (      64)
          65   34.659238   78.309509  (      65)
          66   34.696688   84.086329  (      66)
          67   34.696738   83.792627  (      67)
          68   34.697766   79.567918  (      68)
          69   34.714426   96.242801  (      69)
          70   34.763557   83.680383  (      70)
          71   34.799106   68.970173  (      71)
          72   34.805460   73.412043  (      72)
          73   34.811801   83.755125  (      73)
          74   34.853413   75.267409  (      74)
          75   34.854106   76.366976  (      75)
          76   34.858615   75.408882  (      76)
          77   34.873456   83.747547  (      77)
          78   34.890662   80.300623  (      78)
          79   34.897522   68.417721  (      79)
          80   34.903778   80.047458  (      80)
          81   34.913634   90.033424  (      81)
          82   34.923115   89.955261  (      82)
          83   34.926665   74.429348  (      83)
          84   34.952435   83.744174  (      84)
          85   34.999335   76.608246  (      85)
          86   35.016517   85.979995  (      86)
          87   35.033737   77.105545  (      87)
          88   35.034062   88.014629  (      88)
          89   35.037170   81.206422  (      89)
          90   35.056651   65.940718  (      90)
          91   35.070496   81.045476  (      91)
          92   35.085712   76.902392  (      92)
          93   35.115963   85.436566  (      93)
          94   35.126289   72.947924  (      94)
          95   35.127050   76.182123  (      95)
          96   35.139712   91.251019  (      96)
          97   35.156045   83.795347  (      97)
          98   35.156588   78.760991  (      98)
          99   35.158985  113.508856  (      99)
         100   35.159884   89.306140  (     100)
