Materials	feature1	feature2	feature3	feature4	feature5	feature6	feature7	feature8	feature9	feature10	feature11	feature12	feature13	feature14	feature15	feature16	feature17	feature18	feature19	feature20	feature21	feature22	feature23	feature24	feature25	feature26	feature27	feature28
sample1_group1	0.0000	0.0000	0.0000	0.0000	0.0000	0.0000	0.0000	0.0000	0.0000	0.0000	0.0000	0.0000	0.0000	0.0000	0.0000	0.0000	0.0000	1.0000	0.0000	0.0000	0.0000	0.0000	0.0000	0.0000	1.0000	1.0000	0.9783	1.0000
sample2_group1	0.0000	0.0000	0.0000	0.0000	0.0000	0.0000	0.0000	0.0000	0.0000	0.0000	0.0000	0.0000	0.0000	0.0000	0.0000	0.0000	0.2414	1.0000	0.0000	0.0000	0.0000	0.1777	0.0000	0.4991	0.9397	0.5608	0.9410	1.0000
sample3_group1	0.0000	0.0000	0.0000	0.0000	0.0000	0.0000	0.0000	0.0000	0.0000	0.0000	0.0000	0.0000	0.0000	0.0000	0.0000	0.0000	0.7816	1.0000	0.4218	0.0000	0.7326	0.3805	0.0000	0.6772	0.1577	0.3635	0.3956	0.4762
sample4_group1	0.0000	0.0000	0.0000	0.0000	0.0000	1.0000	0.0000	0.0000	0.0000	0.0000	0.0000	0.0000	0.0000	0.0000	0.0000	0.0000	0.3908	1.0000	0.0000	0.0131	0.3605	0.4366	0.0000	0.4503	0.9454	0.8039	1.0000	0.9998
sample5_group1	0.0000	0.0000	0.0000	0.0000	0.0000	0.0000	1.0000	0.0000	0.0000	0.0000	0.0000	0.0000	0.0000	0.0000	0.0000	0.0000	0.4885	0.9997	0.1950	0.0046	0.3372	1.0000	0.0000	0.6513	0.8989	0.6514	0.9528	0.9999
sample6_group1	0.0000	0.0000	0.0000	0.0000	0.0000	0.0000	0.0000	1.0000	0.0000	0.0000	0.0000	0.0000	0.0000	0.0000	0.0000	0.0000	0.7356	0.9998	0.1406	0.0022	0.4535	0.4058	0.0000	0.5735	0.6343	0.5382	0.8847	0.5369
sample7_group1	0.0000	0.0000	0.0000	0.0000	0.0000	0.0000	0.0000	0.0000	0.0000	0.0000	0.0000	0.0000	0.0000	0.0000	0.0000	0.0000	0.5575	0.9991	0.6032	0.2167	0.7326	0.2851	0.3807	0.5157	0.1408	0.5650	0.4810	0.2820
sample8_group1	0.0000	0.0000	0.0000	0.0000	0.0000	0.0000	0.0000	0.0000	0.0000	0.0000	0.0000	0.0000	0.0000	0.0000	0.0000	0.0000	0.3851	0.9998	0.1451	1.0000	0.7326	0.2280	0.2030	0.5612	0.6933	0.4522	0.7409	0.5742
sample9_group1	0.0000	0.0000	0.0000	0.0000	0.0000	0.0000	0.0000	0.0000	0.0000	0.0000	0.0000	0.0000	0.0000	0.0000	0.0000	0.0000	0.5230	0.9998	0.3061	0.2888	0.7326	0.2787	0.2335	0.5969	0.2372	0.2768	0.4368	0.3796
sample10_group1	0.0000	0.0000	0.0000	0.0000	0.0000	0.0000	0.0000	0.0000	0.0000	0.0000	0.0000	0.0000	0.0000	0.0000	0.0000	0.0000	0.6552	0.9998	0.2494	0.9532	0.7326	0.3294	0.2030	0.6351	0.1216	0.5501	0.4810	0.2762
sample11_group1	0.0000	0.0000	0.0000	0.0000	0.0000	0.0000	0.0000	0.0000	0.0000	0.0000	0.0000	0.0000	0.0000	0.0000	0.0000	0.0000	0.3851	0.9997	0.1156	0.3357	0.7326	0.2724	0.3807	0.5588	0.0617	0.8326	0.1500	0.4244
sample12_group1	0.0000	0.0000	0.0000	1.0000	0.0000	0.0000	0.0000	0.0000	0.0000	0.0000	0.0000	0.0000	0.0000	0.0000	0.0000	0.0000	0.5460	0.9996	0.4195	0.2697	1.0000	0.2724	0.2208	0.6616	0.5307	0.3850	0.7115	0.3801
sample13_group1	0.0000	0.0000	0.0000	0.0000	1.0000	0.0000	0.0000	0.0000	0.0000	0.0000	0.0000	0.0000	0.0000	0.0000	0.0000	0.0000	0.6034	0.9985	1.0000	0.2549	0.6395	0.4727	0.3934	0.5993	0.7853	0.4939	0.8632	0.5005
sample14_group1	0.0000	0.0000	0.0000	0.0000	0.0000	0.2500	0.0000	0.0000	0.0000	0.0000	0.0000	0.0000	0.0000	0.0000	0.0000	0.0000	0.2989	0.9995	0.3447	0.2325	0.3605	0.2420	0.2589	0.4788	0.8356	0.6468	0.8848	0.6486
sample15_group1	0.0000	0.0000	0.0000	0.0000	0.0000	0.5000	0.0000	0.0000	0.0000	0.0000	0.0000	0.0000	0.0000	0.0000	0.0000	0.0000	0.3391	0.9997	0.2336	0.2190	0.3605	0.3066	0.2995	0.4778	0.8393	0.6613	0.8824	0.4424
sample16_group1	0.0000	0.0000	0.0000	0.0000	0.0000	0.0000	0.0000	0.0000	0.2500	0.0000	0.0000	0.0000	0.0000	0.0000	0.0000	0.0000	0.4368	0.9996	0.3311	0.4680	0.3605	0.2863	0.4365	0.5885	0.8005	0.4610	0.8756	0.3630
sample17_group1	0.0000	0.0000	0.0000	0.0000	0.0000	0.0000	0.0000	0.0000	0.5000	0.0000	0.0000	0.0000	0.0000	0.0000	0.0000	0.0000	0.6207	0.9995	0.5011	0.4911	0.3605	0.3966	0.5051	0.7117	0.8105	0.4759	0.8747	0.2019
sample18_group1	0.0000	0.0000	0.0000	0.0000	0.0000	0.0000	0.0000	0.0000	0.7500	0.0000	0.0000	0.0000	0.0000	0.0000	0.0000	0.0000	0.8046	0.9996	0.5374	0.2705	0.3605	0.5056	0.4365	0.8045	0.8047	0.4297	0.8756	0.1923
sample19_group1	0.0000	0.0000	0.0000	0.0000	0.0000	0.0000	0.0000	0.0000	0.0000	0.0000	1.0000	0.0000	0.0000	0.0000	0.0000	0.0000	0.2989	0.9996	0.2177	0.2178	0.4070	0.2344	0.2284	0.5344	0.8550	0.6197	0.8606	0.6407
sample20_group1	0.0000	0.0000	0.0000	0.0000	0.0000	0.0000	0.0000	0.0000	0.0000	0.0000	0.0000	0.0000	0.0000	1.0000	0.0000	0.0000	0.3851	0.9997	0.2766	0.2146	0.6395	0.2217	0.1777	0.4989	0.8102	0.5910	0.8863	0.5900
sample21_group1	0.0000	0.0000	0.0000	0.0000	0.0000	0.0000	0.0000	0.0000	0.0000	0.0000	0.0000	0.0000	0.0000	0.0000	0.0000	0.0000	0.7989	0.9998	0.5941	0.0180	0.7326	0.3738	0.0254	0.7533	0.1212	0.0688	0.3723	0.4913
sample22_group1	1.0000	0.0000	0.0000	0.0000	0.0000	0.0000	0.0000	0.0000	0.0000	0.0000	0.0000	0.0000	0.0000	0.0000	0.0000	0.0000	0.7874	0.9998	0.4082	0.1450	0.7326	0.4372	0.2284	0.6994	0.0794	0.3116	0.3357	0.4803
sample23_group1	0.0000	1.0000	0.0000	0.0000	0.0000	0.0000	0.0000	0.0000	0.0000	0.0000	0.0000	0.0000	0.0000	0.0000	0.0000	0.0000	0.7874	0.9998	0.2585	0.2489	0.7326	0.4892	0.4365	0.7987	0.0000	0.4129	0.3740	0.5573
sample24_group1	0.0000	0.0000	1.0000	0.0000	0.0000	0.0000	0.0000	0.0000	0.0000	0.0000	0.0000	0.0000	0.0000	0.0000	0.0000	0.0000	0.6264	0.9995	0.2313	0.1566	1.0000	0.3332	0.1904	0.5960	0.2290	0.0466	0.0000	0.2591
sample25_group1	0.0000	0.0000	0.0000	0.5000	0.0000	0.0000	0.0000	0.0000	0.0000	0.0000	0.0000	0.0000	0.0000	0.0000	0.0000	0.0000	0.7931	0.9997	0.2494	0.0087	1.0000	0.3776	0.0127	0.7197	0.1002	0.3788	0.4230	0.2326
sample26_group1	0.0000	0.0000	0.0000	1.0000	0.0000	0.0000	0.0000	0.0000	0.0000	0.0000	0.0000	0.0000	0.0000	0.0000	0.0000	0.0000	0.8103	0.9998	0.3764	0.0059	1.0000	0.3738	0.0152	0.7433	0.3480	0.0000	0.5924	0.3840
sample27_group1	0.0000	0.0000	0.0000	0.0000	1.0000	0.0000	0.0000	0.0000	0.0000	0.0000	0.0000	0.0000	0.0000	0.0000	0.0000	0.0000	0.7184	0.9993	0.7075	0.1339	0.7326	0.5234	0.1904	0.6455	0.8853	0.5887	0.9335	0.6671
sample28_group1	0.0000	0.0000	0.0000	0.0000	0.0000	0.0000	0.2500	0.0000	0.0000	0.0000	0.0000	0.0000	0.0000	0.0000	0.0000	0.0000	0.3161	0.9994	0.4195	0.5163	0.3372	0.3840	0.8223	0.5307	0.8701	0.6021	0.9120	0.4304
sample29_group1	0.0000	0.0000	0.0000	0.0000	0.0000	0.0000	0.0000	0.0000	0.0000	0.0000	0.0000	0.0000	0.0000	0.0000	0.0000	0.0000	0.3966	0.9996	0.3175	0.3589	0.7326	0.2280	0.4112	0.4343	0.4010	0.8701	0.1743	0.0000
sample30_group1	0.0000	0.0000	0.0000	0.0000	0.0000	0.0000	0.0000	0.0000	0.0000	0.0000	1.0000	0.0000	0.0000	0.0000	0.0000	0.0000	0.2989	0.9995	0.3855	0.2511	0.4070	0.2787	0.2386	0.6422	0.8385	0.3597	0.8493	0.4304
sample31_group1	0.0000	0.0000	0.0000	0.0000	0.0000	0.0000	0.0000	0.0000	0.0000	0.0000	0.0000	0.0000	0.0000	0.0000	0.0000	0.0000	0.6494	0.9997	0.0635	0.2540	0.7326	0.3738	0.3122	0.6369	0.1081	0.1101	0.0135	0.7114
sample32_group1	0.0000	0.0000	1.0000	0.0000	0.0000	0.0000	0.0000	0.0000	0.0000	0.0000	0.0000	0.0000	0.0000	0.0000	0.0000	0.0000	0.5000	0.9998	0.4558	0.2758	1.0000	0.2825	0.2284	0.5571	0.2777	0.1288	0.1621	0.3572
sample33_group1	0.0000	0.0000	0.0000	0.0000	0.3333	0.0000	0.0000	0.0000	0.0000	0.0000	0.0000	0.0000	0.0000	0.0000	0.0000	0.0000	0.5000	0.9992	0.6417	0.3252	0.7326	0.3269	0.3782	0.5793	0.4128	0.5218	0.6145	0.3650
sample34_group1	0.0000	0.0000	0.0000	0.0000	0.3333	0.0000	0.0000	0.0000	0.0000	0.0000	0.0000	0.0000	0.0000	0.0000	0.0000	0.0000	0.6264	0.9991	0.6939	0.0913	0.7326	0.3776	0.3198	0.6207	0.4257	0.6101	0.6362	0.4341
sample35_group1	0.0000	0.0000	0.0000	0.0000	0.3333	0.0000	0.2500	0.0000	0.0000	0.0000	0.0000	0.0000	0.0000	0.0000	0.0000	0.0000	0.6897	0.9997	0.2948	0.3127	0.7326	0.5830	0.5838	0.6529	0.3558	0.4415	0.7858	0.4998
sample36_group1	0.0000	0.0000	0.0000	0.0000	0.3333	0.2500	0.0000	0.0000	0.0000	0.0000	0.0000	0.0000	0.0000	0.0000	0.0000	0.0000	0.4080	0.9994	0.6803	0.2932	0.6395	0.3409	0.3909	0.5162	0.6891	0.4950	0.8563	0.5732
sample1_group2	0.0000	0.0000	0.0000	0.0000	0.0000	0.0000	0.0000	0.0000	0.0000	0.0000	0.0000	0.0000	0.0000	0.0000	0.0000	0.0000	0.8678	1.0000	0.0000	0.0052	0.0000	0.3556	0.0000	0.9755	0.8576	0.0268	0.9131	0.2412
sample2_group2	0.0000	0.0000	0.0000	0.0000	0.0000	0.0000	0.0000	0.0000	1.0000	0.0000	0.0000	0.0000	0.0000	0.0000	0.0000	0.0000	0.9885	0.9999	0.5828	0.0104	0.3605	0.6144	0.0000	0.9244	0.8392	0.5345	0.8670	0.7074
sample3_group2	0.0000	0.0000	0.0000	0.0000	0.0000	0.0000	0.0000	0.0000	0.0000	0.0000	0.0000	0.0000	0.0000	0.0000	0.0000	0.0000	0.0920	0.9995	0.3696	0.3028	0.0000	0.0886	0.2056	0.2628	0.9451	0.6119	0.9492	0.1139
sample4_group2	0.0000	0.0000	0.0000	0.0000	0.0000	0.0000	0.0000	0.0000	0.0000	0.0000	0.0000	0.0000	0.0000	0.0000	0.0000	0.0000	0.3908	0.9995	0.4739	0.1671	0.0000	0.1773	0.4112	0.5061	0.8762	0.1071	0.9178	0.0290
sample5_group2	0.0000	0.0000	0.0000	0.0000	0.0000	0.0000	0.0000	0.0000	0.0000	0.0000	0.0000	0.0000	0.0000	0.0000	0.0000	0.0000	0.3621	0.9995	0.5057	0.5273	0.7326	0.1900	0.4396	0.3476	0.3153	0.4317	0.4190	0.0825
sample6_group2	0.0000	0.0000	0.0000	0.0000	0.0000	0.0000	0.0000	0.0000	0.0000	0.0000	0.0000	0.0000	1.0000	0.0000	0.0000	0.0000	0.3908	0.9995	0.3741	0.3498	0.7326	0.2725	0.3815	0.6585	0.6893	0.5022	0.7723	0.4225
sample7_group2	0.0000	0.0000	0.0000	0.0000	0.0000	0.0000	0.0000	0.0000	0.0000	0.0000	0.0000	0.0000	0.0000	0.0000	0.0000	0.0000	0.7989	0.9997	0.5238	0.0209	0.7326	0.3681	0.0279	0.8219	0.4311	0.1036	0.4660	0.3847
sample8_group2	0.0000	0.0000	0.0000	0.0000	0.0000	0.0000	0.0000	0.0000	0.7500	0.0000	0.0000	0.0000	0.0000	0.0000	0.0000	0.0000	0.8908	0.9995	0.6395	0.1096	0.7326	0.6005	0.0571	0.8756	0.3635	0.7729	0.1262	0.2054
sample9_group2	0.0000	0.0000	0.0000	0.0000	0.0000	0.0000	0.0000	0.0000	0.0000	0.3333	0.0000	0.0000	0.0000	0.0000	0.0000	0.0000	0.4598	0.9995	0.4444	0.7987	0.3372	0.4283	1.0000	0.6601	0.8361	0.4040	0.8971	0.2339
sample10_group2	0.0000	0.0000	0.0000	0.0000	0.0000	0.7500	0.0000	0.0000	0.0000	0.0000	0.0000	0.0000	0.0000	0.0000	0.0000	0.0000	0.4943	0.9997	0.1995	0.0783	0.7326	0.4220	0.0558	0.5108	0.7288	0.6962	0.7529	0.6340
sample11_group2	0.0000	0.0000	0.0000	0.0000	0.0000	0.0000	0.0000	0.0000	0.0000	0.0000	0.0000	0.0000	0.0000	0.0000	0.0000	0.0000	0.5632	0.9995	0.4739	0.2662	0.0000	0.2661	0.2056	0.7381	0.8836	0.2026	0.9226	0.4001
sample12_group2	0.0000	0.0000	0.0000	0.0000	0.0000	0.0000	0.0000	0.0000	0.0000	0.0000	0.0000	0.0000	0.0000	0.0000	0.0000	0.0000	0.7126	0.9997	0.5079	0.1566	0.0000	0.3117	0.1777	0.8598	0.8713	0.1087	0.9144	0.2945
sample13_group2	0.0000	0.0000	0.0000	0.5000	0.0000	0.0000	0.0000	0.0000	0.0000	0.0000	0.0000	0.0000	0.0000	0.0000	0.0000	0.0000	0.2989	0.9996	0.2902	0.2297	1.0000	0.2255	0.4772	0.5755	0.8142	0.5668	0.8722	0.5709
sample14_group2	0.0000	0.0000	0.0000	0.0000	0.0000	0.0000	0.0000	0.0000	0.0000	0.0000	0.0000	0.0000	0.0000	0.0000	1.0000	0.0000	0.3851	0.9997	0.4671	0.3341	0.9651	0.2699	0.3680	0.5876	0.5040	0.8069	0.5335	0.4178
sample15_group2	0.0000	0.0000	0.0000	0.0000	0.0000	0.0000	0.0000	0.0000	0.0000	1.0000	0.0000	0.0000	0.0000	0.0000	0.0000	0.0000	1.0000	0.9997	0.5374	0.2871	0.7326	0.9785	0.7970	1.0000	0.7708	0.3244	0.8781	0.2201
sample16_group2	0.0000	0.0000	0.0000	0.0000	0.0000	0.0000	0.0000	0.0000	0.0000	0.6667	0.0000	0.0000	0.0000	0.0000	0.0000	0.0000	0.9310	0.9996	0.5442	0.5168	0.7326	0.7794	0.9213	0.8845	0.4997	0.0718	0.6536	0.1277
sample17_group2	0.0000	0.0000	0.0000	0.0000	0.0000	0.0000	0.0000	0.0000	0.0000	0.3333	0.0000	0.0000	0.0000	0.0000	0.0000	0.0000	0.8621	0.9997	0.5805	0.5012	0.7326	0.5792	0.7995	0.7820	0.5652	0.3177	0.4957	0.2332
sample18_group2	0.0000	0.0000	0.0000	0.0000	0.0000	0.0000	0.0000	0.0000	0.0000	0.0000	0.0000	0.0000	0.0000	0.0000	0.0000	0.0000	0.2586	0.9997	0.2971	0.5638	0.7326	0.1839	0.5266	0.3177	0.4007	0.8745	0.1731	0.0067
sample19_group2	0.0000	0.0000	1.0000	0.0000	0.0000	0.0000	0.0000	0.0000	0.0000	0.0000	0.0000	0.0000	0.0000	0.0000	0.0000	0.0000	0.4368	0.9997	0.2812	0.3915	1.0000	0.2375	0.2198	0.4279	0.4229	0.3178	0.3167	0.3980
sample20_group2	0.0000	0.0000	0.0000	0.0000	0.0000	0.0000	0.0000	0.0000	0.0000	0.0000	0.0000	0.0000	0.0000	0.0000	0.0000	0.0000	0.3161	0.9996	0.3379	0.3132	0.7326	0.1839	0.3112	0.4297	0.6970	0.4696	0.7602	0.0832
sample21_group2	0.0000	0.0000	0.0000	0.0000	0.0000	0.0000	0.0000	0.0000	0.0000	0.0000	0.0000	0.0000	0.0000	0.0000	0.0000	0.0000	0.3218	0.9996	0.3061	0.4333	0.7326	0.2283	0.4708	0.4358	0.3944	0.8543	0.1611	0.1164
sample22_group2	0.0000	0.0000	0.0000	0.5000	0.0000	0.0000	0.0000	0.0000	0.0000	0.0000	0.0000	0.0000	0.0000	0.0000	0.0000	0.0000	0.3276	0.9995	0.3900	0.3080	1.0000	0.1809	0.3010	0.4643	0.8069	0.6009	0.8642	0.0830
sample23_group2	0.0000	0.0000	0.0000	0.0000	0.0000	0.0000	0.0000	0.0000	0.0000	0.0000	0.0000	0.0000	0.0000	0.0000	1.0000	0.0000	0.2816	0.9994	0.4830	0.4281	0.9651	0.2255	0.4594	0.4710	0.5589	0.8324	0.5364	0.3168
sample24_group2	0.0000	0.0000	0.0000	0.0000	0.0000	0.0000	0.0000	0.0000	0.0000	0.0000	0.0000	0.0000	0.0000	0.0000	0.0000	0.0000	0.6724	0.9996	0.4444	0.1462	0.7326	0.3231	0.0279	0.7061	0.4103	0.0807	0.4199	0.5270
sample25_group2	0.0000	0.0000	0.0000	0.0000	0.0000	0.0000	0.0000	0.0000	0.0000	0.3333	0.0000	0.0000	0.0000	0.0000	0.0000	0.0000	0.5920	0.9996	0.3129	0.7308	0.7326	0.4778	0.9518	0.7096	0.5974	0.3147	0.6693	0.1626
sample26_group2	0.0000	0.0000	0.0000	0.0000	0.0000	0.0000	0.0000	0.0000	0.0000	0.0000	0.0000	1.0000	0.0000	0.0000	0.0000	0.0000	0.3678	0.9995	0.3923	0.2193	0.7326	0.2344	0.1954	0.4834	0.4084	0.2708	0.1931	0.5327
sample27_group2	0.0000	0.0000	1.0000	0.0000	0.0000	0.0000	0.0000	0.0000	0.0000	0.0000	0.0000	0.0000	0.0000	0.0000	0.0000	0.0000	0.3736	0.0000	0.4853	0.3132	1.0000	0.2306	0.4645	0.5210	0.3914	0.8378	0.1477	0.4271
sample28_group2	0.0000	0.0000	1.0000	0.0000	0.0000	0.0000	0.0000	0.0000	0.0000	0.0000	0.0000	0.0000	0.0000	0.0000	0.0000	0.0000	0.3103	0.9996	0.3152	0.3080	1.0000	0.1875	0.3122	0.3853	0.5950	0.3896	0.3245	0.0724
sample29_group2	0.0000	0.0000	0.0000	0.0000	0.0000	0.0000	0.0000	0.0000	0.0000	0.0000	0.0000	1.0000	0.0000	0.0000	0.0000	0.0000	0.2989	0.9995	0.3560	0.3080	0.7326	0.1900	0.3122	0.3520	0.4837	0.4474	0.3636	0.0696
sample30_group2	0.0000	0.0000	1.0000	0.5000	0.0000	0.0000	0.0000	0.0000	0.0000	0.0000	0.0000	0.0000	0.0000	0.0000	0.0000	0.0000	0.3218	0.9995	0.4127	0.3080	1.0000	0.1837	0.3020	0.4220	0.7045	0.3537	0.7671	0.0827
