Model_ID, [(c_i,i=0,n)_j,j=1,ntask]
           1    0.4227670949E+01   -0.1269439364E+02
           2    0.4386513831E+01    0.1270133422E+02
           3    0.3133249766E+01   -0.1435956609E+02
           4    0.4087592547E+01   -0.2652753556E+02
           5    0.4554543014E+01   -0.1280007425E+02
           6    0.4284272221E+01   -0.1440823038E+02
           7    0.3645648527E+01   -0.1453509428E+02
           8    0.2721347247E+01   -0.3435978026E+02
           9    0.4403669786E+01   -0.1380470129E+02
          10    0.4997401088E+01   -0.2484740164E+02
          11    0.4789888025E+01   -0.3239606202E+02
          12    0.4212913012E+01   -0.2643549607E+02
          13    0.4806211379E+01   -0.3236727190E+02
          14    0.4523860268E+01   -0.2504611211E+02
          15    0.4649577000E+01   -0.1411116663E+02
          16    0.4676170375E+01   -0.2595199206E+02
          17    0.3047799813E+01   -0.1588915458E+02
          18    0.3409657491E+01   -0.2974665924E+02
          19    0.4385699134E+01   -0.1437323823E+02
          20    0.3876858446E+01   -0.1543116402E+02
          21    0.4170267311E+01   -0.1468155576E+02
          22    0.3763143130E+01   -0.1307325512E+02
          23    0.3343962560E+01    0.1434885331E+02
          24    0.4358485743E+01   -0.1338008769E+02
          25    0.4650648735E+01   -0.1422050506E+02
          26    0.3169230437E+01   -0.1259564834E+02
          27    0.4382328861E+01   -0.3237491098E+02
          28    0.4690893072E+01    0.1277270402E+02
          29    0.3150854953E+01   -0.1332708078E+02
          30    0.2729784112E+01   -0.2413527587E+02
          31    0.3178937863E+01   -0.1259358584E+02
          32    0.4393013765E+01   -0.3139621617E+02
          33    0.4531084496E+01   -0.1378504151E+02
          34    0.4867562226E+01   -0.2492600661E+02
          35    0.4384367160E+01   -0.3227730667E+02
          36    0.4735035033E+01   -0.1407822919E+02
          37    0.4721243557E+01   -0.2510226168E+02
          38    0.4707415084E+01   -0.2511722143E+02
          39    0.4020209736E+01   -0.2867660668E+02
          40    0.3915959668E+01   -0.1155697163E+02
          41    0.3744193272E+01   -0.1339833893E+02
          42    0.4370409686E+01   -0.3293511915E+02
          43    0.4739908514E+01   -0.2508075464E+02
          44    0.4389010529E+01   -0.3218399353E+02
          45    0.5006792214E+01   -0.2468729744E+02
          46    0.3751454295E+01   -0.1339901169E+02
          47    0.4800938046E+01   -0.2499907539E+02
          48    0.3400124822E+01   -0.2925969416E+02
          49    0.4666574256E+01   -0.2460944122E+02
          50    0.3412470221E+01   -0.2652392995E+02
          51    0.4638552292E+01   -0.3249170187E+02
          52    0.4503147413E+01   -0.3083458361E+02
          53    0.4415298880E+01   -0.3286061826E+02
          54    0.4436064528E+01   -0.3282596182E+02
          55    0.3963106850E+01    0.1159579181E+02
          56    0.4371680921E+01   -0.3292147529E+02
          57    0.4149177183E+01   -0.3684180109E+02
          58    0.3959839746E+01   -0.3931049053E+02
          59    0.4605383984E+01   -0.3254641523E+02
          60    0.4299439911E+01   -0.2873360408E+02
          61    0.4724115701E+01   -0.2056494351E+02
          62    0.4447112156E+01   -0.3281557354E+02
          63    0.4458515159E+01   -0.3279759988E+02
          64    0.3641821055E+01   -0.2645800902E+02
          65    0.4885258282E+01   -0.2488115676E+02
          66    0.3407482522E+01   -0.2642015877E+02
          67    0.3948635567E+01   -0.3142165005E+02
          68    0.4310090860E+01    0.1810103454E+02
          69    0.4260843019E+01   -0.2636956673E+02
          70    0.4043394957E+01   -0.3536362466E+02
          71    0.4454713083E+01   -0.2373848378E+02
          72    0.4269007535E+01   -0.2635882502E+02
          73    0.3420717700E+01   -0.2675501229E+02
          74    0.4546567463E+01   -0.3263154287E+02
          75    0.3426478198E+01   -0.2674684026E+02
          76    0.3421792873E+01   -0.2675125216E+02
          77    0.3967099058E+01   -0.3108018315E+02
          78    0.4909305565E+01   -0.2483559443E+02
          79    0.3688904274E+01   -0.2641179718E+02
          80    0.3434961252E+01   -0.2673338695E+02
          81    0.4883278435E+01   -0.2485394953E+02
          82    0.2880229489E+01   -0.1543309724E+02
          83    0.4318614665E+01   -0.2628692417E+02
          84    0.4329091798E+01   -0.2627357559E+02
          85    0.2774111458E+01   -0.1655319675E+02
          86    0.4744031966E+01   -0.2504303823E+02
          87    0.4381275715E+01   -0.2619731773E+02
          88    0.2277773580E+01   -0.1448502954E+02
          89    0.4401812399E+01   -0.3201700030E+02
          90    0.4406614566E+01   -0.3113018600E+02
          91    0.4539411837E+01   -0.2597244868E+02
          92    0.4326728006E+01    0.2602006955E+02
          93    0.3411924730E+01   -0.2632321695E+02
          94    0.3846573587E+01   -0.3194454351E+02
          95    0.2524225109E+01   -0.1054676099E+02
          96    0.2504529226E+01   -0.2102738641E+02
          97    0.3281604734E+01    0.1335462672E+02
          98    0.3712915000E+01   -0.2997878234E+02
          99    0.3590694391E+01   -0.2651477242E+02
         100    0.3965144844E+01   -0.3099659727E+02
