        Rank        RMSE       MaxAE  Feature_ID
           1    4.167188   10.555192  (       1)
           2    4.475910   10.473341  (       2)
           3    4.567869   11.008040  (       3)
           4    4.618446   10.543936  (       4)
           5    4.638778   14.518761  (       5)
           6    4.642680   10.539466  (       6)
           7    4.645375   12.845887  (       7)
           8    4.650110   10.919115  (       8)
           9    4.655917   13.427630  (       9)
          10    4.665321   11.346006  (      10)
          11    4.668171   12.873218  (      11)
          12    4.673035   10.809725  (      12)
          13    4.676434   12.884952  (      13)
          14    4.681650   12.855657  (      14)
          15    4.683093   11.341980  (      15)
          16    4.683655   12.352922  (      16)
          17    4.690277   14.396657  (      17)
          18    4.691315   13.894930  (      18)
          19    4.694180   10.800903  (      19)
          20    4.697832   10.804559  (      20)
          21    4.698056   14.930714  (      21)
          22    4.700053   10.822161  (      22)
          23    4.701434   10.818804  (      23)
          24    4.709426   10.805040  (      24)
          25    4.714720   12.655334  (      25)
          26    4.724617   11.294157  (      26)
          27    4.727234   12.933179  (      27)
          28    4.727292    9.524361  (      28)
          29    4.727677   11.619997  (      29)
          30    4.727894   10.814789  (      30)
          31    4.733180   14.408776  (      31)
          32    4.733367   10.818687  (      32)
          33    4.733850   10.930343  (      33)
          34    4.734030   12.922727  (      34)
          35    4.740612   12.900149  (      35)
          36    4.740912   12.957194  (      36)
          37    4.743127   10.843960  (      37)
          38    4.744652   11.258347  (      38)
          39    4.746943   13.122693  (      39)
          40    4.749715   14.512736  (      40)
          41    4.751290   10.727645  (      41)
          42    4.751341   12.923754  (      42)
          43    4.752082   11.960823  (      43)
          44    4.757361   10.902952  (      44)
          45    4.758381   10.856267  (      45)
          46    4.760023   12.840114  (      46)
          47    4.764804   11.905528  (      47)
          48    4.775697   10.852483  (      48)
          49    4.778316   11.998304  (      49)
          50    4.782580   12.689241  (      50)
          51    4.789436   13.501057  (      51)
          52    4.790422   11.914575  (      52)
          53    4.792248   11.677413  (      53)
          54    4.796207   10.909174  (      54)
          55    4.803239   13.746133  (      55)
          56    4.803263   13.256175  (      56)
          57    4.805889   13.041006  (      57)
          58    4.806018   11.190468  (      58)
          59    4.808120   15.750773  (      59)
          60    4.809804   14.059371  (      60)
          61    4.810519   14.520673  (      61)
          62    4.810643   12.527472  (      62)
          63    4.814176   13.084932  (      63)
          64    4.815574   12.857367  (      64)
          65    4.819966   11.432244  (      65)
          66    4.820082   12.859988  (      66)
          67    4.823144   15.423863  (      67)
          68    4.823152   10.789291  (      68)
          69    4.823215   11.987897  (      69)
          70    4.823878   13.407957  (      70)
          71    4.824486   11.760050  (      71)
          72    4.824875   13.066083  (      72)
          73    4.826558   12.439956  (      73)
          74    4.827298   12.804157  (      74)
          75    4.827732   11.861295  (      75)
          76    4.827829   14.654835  (      76)
          77    4.829057   13.924630  (      77)
          78    4.829422   10.641213  (      78)
          79    4.829747   13.266727  (      79)
          80    4.831690   13.046882  (      80)
          81    4.832114   13.263932  (      81)
          82    4.832363   10.934820  (      82)
          83    4.832783   13.972422  (      83)
          84    4.833617   16.112051  (      84)
          85    4.833821   12.972390  (      85)
          86    4.835385   12.916231  (      86)
          87    4.835541   13.351631  (      87)
          88    4.835569   11.825839  (      88)
          89    4.837252   13.165139  (      89)
          90    4.837617   12.153456  (      90)
          91    4.837767   12.671310  (      91)
          92    4.838410   13.006041  (      92)
          93    4.839958   13.617029  (      93)
          94    4.839970   12.596678  (      94)
          95    4.840927   13.079514  (      95)
          96    4.841068   14.143198  (      96)
          97    4.841932   13.135191  (      97)
          98    4.842701   12.444231  (      98)
          99    4.844165   11.957973  (      99)
         100    4.844569   13.509531  (     100)
