Model_ID, [(c_i,i=0,n)_j,j=1,ntask]
           1    0.4323788233E+02    0.4110190928E+02    0.4553602113E+03
           2    0.3142440085E+02    0.2955994275E+02    0.3259400173E+03
           3    0.3343243968E+02   -0.2619597128E+02    0.2749966595E+03
           4    0.3155762871E+02    0.2879700624E+02    0.2664336048E+03
           5    0.4247550495E+02    0.3973110956E+02    0.4309985826E+03
           6    0.5324888855E+02   -0.2070782643E+02    0.6264339284E+03
           7    0.2389338552E+02   -0.2535945130E+02    0.6225066635E+03
           8    0.2892264282E+02    0.2517081724E+02    0.6253610771E+03
           9    0.3352904209E+02   -0.2555309686E+02    0.2228951426E+03
          10    0.4166129020E+02    0.4085266208E+02    0.4330217866E+03
          11    0.4199674101E+02    0.4024852584E+02    0.4259960093E+03
          12    0.5026578020E+02   -0.1983488128E+02    0.6318404169E+03
          13    0.2937414112E+02   -0.2460532786E+02    0.6080261010E+03
          14    0.4409836259E+02   -0.2144931494E+02    0.6285750200E+03
          15    0.4702991608E+02   -0.2235369501E+02    0.6216937440E+03
          16    0.4171199788E+02    0.4078077074E+02    0.4423667107E+03
          17    0.3432578018E+02   -0.2546899411E+02    0.2800439998E+03
          18    0.4226262726E+02    0.4011679931E+02    0.4314074022E+03
          19    0.4232263282E+02    0.4005466242E+02    0.4367225410E+03
          20    0.3086142227E+02   -0.2766950059E+02    0.2532287502E+03
          21    0.5084971600E+02    0.2618770870E+02    0.5802379582E+03
          22    0.2734459655E+02   -0.2476087665E+02    0.4094814459E+03
          23    0.3090906730E+02   -0.2770091196E+02    0.2452031040E+03
          24    0.3345207751E+02   -0.2612729880E+02    0.2793299124E+03
          25    0.3051539194E+02   -0.2799421614E+02    0.2470734618E+03
          26    0.5038920140E+02    0.2492565567E+02    0.6007567221E+03
          27    0.4725101474E+02    0.3311338572E+02    0.6144141960E+03
          28    0.2721038543E+02   -0.2592509675E+02    0.6104196607E+03
          29    0.2794508734E+02   -0.2268880172E+02    0.6106939429E+03
          30    0.4225177378E+02   -0.3999042109E+02    0.4266404588E+03
          31    0.3436289630E+02   -0.2542966498E+02    0.2770282007E+03
          32    0.3114118874E+02   -0.2776201378E+02    0.2587537320E+03
          33    0.3192888172E+02    0.2792298620E+02    0.5268639152E+03
          34    0.3498758908E+02    0.2596537618E+02    0.2988938161E+03
          35    0.2745233238E+02   -0.2469390254E+02   -0.4095902189E+03
          36    0.3037623745E+02   -0.2178866111E+02    0.2500309708E+03
          37    0.4195183994E+02   -0.2918065426E+02    0.5982627450E+03
          38    0.5025856645E+02    0.3863895516E+02    0.5871198285E+03
          39    0.2812092486E+02   -0.2506788406E+02   -0.4321797583E+03
          40    0.3040708262E+02   -0.2859103707E+02    0.2983142415E+03
          41    0.3571619030E+02   -0.1835868905E+02    0.2739186947E+03
          42    0.3418495913E+02   -0.2560512485E+02    0.2765773434E+03
          43    0.3081733074E+02   -0.2827024529E+02    0.2953873693E+03
          44    0.4100195424E+02   -0.3640399544E+02    0.7794961822E+03
          45    0.4831236143E+02   -0.4125002452E+02    0.7398810474E+03
          46    0.3066298859E+02   -0.2824578367E+02    0.2907340553E+03
          47    0.4107753148E+02   -0.3630310848E+02    0.7786611831E+03
          48    0.3103346320E+02   -0.2840151089E+02    0.3134947865E+03
          49    0.4700163402E+02    0.3276131658E+02    0.2985122350E+03
          50    0.4874232022E+02   -0.4189372977E+02    0.1047166146E+04
          51    0.4258431190E+02    0.3975996295E+02    0.4374024609E+03
          52    0.3104277436E+02   -0.2751824822E+02    0.2453908051E+03
          53    0.3484375406E+02    0.2614017600E+02    0.2837336728E+03
          54    0.3080131347E+02   -0.2759106244E+02    0.2384169173E+03
          55    0.4842737691E+02   -0.4063210422E+02    0.2480288168E+04
          56    0.4016766745E+02   -0.3972880687E+02    0.5087583947E+03
          57    0.3079419343E+02   -0.2819435823E+02    0.3031384976E+03
          58    0.2811658857E+02   -0.2445605927E+02    0.5826548223E+03
          59    0.3227574672E+02   -0.2002396089E+02    0.2445467245E+03
          60    0.3308247760E+02   -0.2196307147E+02    0.2996819682E+03
          61    0.5044193987E+02   -0.3821742170E+02    0.6160239487E+03
          62    0.3101934177E+02   -0.2757546955E+02    0.2442672371E+03
          63    0.2822744458E+02   -0.2499811795E+02   -0.4322289306E+03
          64    0.3026592648E+02   -0.2225488533E+02    0.3017645014E+03
          65    0.4687758754E+02    0.3326600007E+02    0.3082417708E+03
          66    0.5013647904E+02    0.3358313768E+02    0.3102000565E+03
          67    0.2828624865E+02   -0.2446124983E+02    0.9803212365E+03
          68    0.3628345893E+02    0.3414839709E+02    0.4086505967E+03
          69    0.4891002300E+02   -0.4155304720E+02    0.1053642175E+04
          70    0.4662730820E+02    0.3246206959E+02    0.2528437785E+03
          71    0.5128432070E+02   -0.2617139496E+02    0.5958100077E+03
          72    0.3094012457E+02   -0.2811440073E+02    0.2966308556E+03
          73    0.4989254731E+02   -0.3920937800E+02    0.1051136001E+04
          74    0.2957122396E+02   -0.2296176979E+02   -0.3160601466E+03
          75    0.8027593636E+02   -0.7289843165E+02    0.3713144831E+03
          76    0.3090663842E+02   -0.2819248157E+02    0.2960306181E+03
          77    0.4388100769E+02    0.2896399442E+02    0.6015255832E+03
          78    0.2839009739E+02   -0.2439877212E+02    0.9954456442E+03
          79    0.3703962161E+02   -0.1810451397E+02    0.4765925292E+03
          80    0.3141576888E+02   -0.2454208192E+02    0.2535171470E+03
          81    0.5316572762E+02   -0.2127526869E+02    0.1095289683E+04
          82    0.2765016847E+02   -0.2414172529E+02    0.1031004947E+04
          83    0.2833021082E+02   -0.2443551404E+02    0.9808986146E+03
          84    0.4963625150E+02   -0.2604303704E+02    0.5646076996E+03
          85    0.2890912431E+02   -0.2423086608E+02    0.9897917033E+03
          86    0.4875751402E+02   -0.3998548562E+02    0.5981117765E+03
          87    0.2859628993E+02   -0.2425542567E+02    0.9961761000E+03
          88    0.4891953552E+02   -0.3972608067E+02    0.6020099318E+03
          89    0.2806712773E+02    0.2439738798E+02    0.3857825332E+03
          90    0.5000501846E+02   -0.3777175971E+02    0.5780866843E+03
          91    0.4738649092E+02   -0.3908874886E+02    0.2594396912E+04
          92    0.3093454467E+02   -0.2826667433E+02    0.3081859469E+03
          93    0.3148010242E+02   -0.2817562500E+02    0.5191503151E+03
          94    0.4377549919E+02    0.3754661515E+02    0.4337980100E+03
          95    0.3162490429E+02    0.3131464275E+02    0.3037570163E+03
          96    0.4756531941E+02   -0.3860507191E+02    0.1115357567E+04
          97    0.2602401271E+02   -0.2109020795E+02    0.5569965890E+03
          98    0.4239219956E+02    0.2860591183E+02    0.5801280766E+03
          99    0.4847002157E+02   -0.4083311457E+02    0.7393679050E+03
         100    0.4756610457E+02   -0.3861698773E+02    0.1117065073E+04
