      rank       #data_overlap        size_overlap          feature_ID
         1                   5             0.19810   (       1)
         2                   5             0.40232   (       2)
         3                   5             0.75045   (       3)
         4                   5             0.75045   (       4)
         5                   5             0.75045   (       5)
         6                   6             0.44596   (       6)
         7                   6             0.62075   (       7)
         8                   6             0.75045   (       8)
         9                   6             0.76468   (       9)
        10                   6             0.81336   (      10)
        11                   6             0.89419   (      11)
        12                   6             0.94053   (      12)
        13                   6             0.94053   (      13)
        14                   6             0.94053   (      14)
        15                   6             0.99414   (      15)
        16                   7             0.15732   (      16)
        17                   7             0.20026   (      17)
        18                   7             0.20580   (      18)
        19                   7             0.20580   (      19)
        20                   7             0.21420   (      20)
        21                   7             0.40403   (      21)
        22                   7             0.59659   (      22)
        23                   7             0.68067   (      23)
        24                   7             0.69134   (      24)
        25                   7             0.69134   (      25)
        26                   7             0.73191   (      26)
        27                   7             0.73788   (      27)
        28                   7             0.74427   (      28)
        29                   7             0.78738   (      29)
        30                   7             0.79325   (      30)
        31                   7             0.80796   (      31)
        32                   7             0.80796   (      32)
        33                   7             0.80796   (      33)
        34                   7             0.80796   (      34)
        35                   7             0.82770   (      35)
        36                   7             0.84272   (      36)
        37                   7             0.86837   (      37)
        38                   7             0.93637   (      38)
        39                   7             0.96469   (      39)
        40                   7             0.97314   (      40)
        41                   7             0.97579   (      41)
        42                   7             0.98182   (      42)
        43                   7             0.98249   (      43)
        44                   7             0.99381   (      44)
        45                   7             0.99381   (      45)
        46                   7             0.99381   (      46)
        47                   7             0.99381   (      47)
        48                   7             0.99381   (      48)
        49                   8             0.14362   (      49)
        50                   8             0.16323   (      50)
        51                   8             0.24339   (      51)
        52                   8             0.24339   (      52)
        53                   8             0.24641   (      53)
        54                   8             0.27999   (      54)
        55                   8             0.29088   (      55)
        56                   8             0.30716   (      56)
        57                   8             0.31348   (      57)
        58                   8             0.31697   (      58)
        59                   8             0.31717   (      59)
        60                   8             0.32302   (      60)
        61                   8             0.33864   (      61)
        62                   8             0.35183   (      62)
        63                   8             0.35183   (      63)
        64                   8             0.35183   (      64)
        65                   8             0.40552   (      65)
        66                   8             0.47501   (      66)
        67                   8             0.52425   (      67)
        68                   8             0.52554   (      68)
        69                   8             0.58890   (      69)
        70                   8             0.59461   (      70)
        71                   8             0.61940   (      71)
        72                   8             0.64808   (      72)
        73                   8             0.66746   (      73)
        74                   8             0.69134   (      74)
        75                   8             0.70064   (      75)
        76                   8             0.70977   (      76)
        77                   8             0.73153   (      77)
        78                   8             0.77756   (      78)
        79                   8             0.82360   (      79)
        80                   8             0.84057   (      80)
        81                   8             0.84416   (      81)
        82                   8             0.88234   (      82)
        83                   8             0.88234   (      83)
        84                   8             0.88485   (      84)
        85                   8             0.89295   (      85)
        86                   8             0.90805   (      86)
        87                   8             0.91269   (      87)
        88                   8             0.92479   (      88)
        89                   8             0.94485   (      89)
        90                   8             0.94867   (      90)
        91                   8             0.94952   (      91)
        92                   8             0.95355   (      92)
        93                   8             0.97531   (      93)
        94                   8             0.97938   (      94)
        95                   8             0.98072   (      95)
        96                   8             0.98119   (      96)
        97                   8             0.98457   (      97)
        98                   8             0.98618   (      98)
        99                   8             0.99219   (      99)
       100                   8             0.99379   (     100)
