     Index              y_true              y_pred        descriptor_1        descriptor_2
         1    0.9070000000E+02    0.1165061326E+03   -0.9963000000E+00   -0.3686310000E-02
         2    0.2566500000E+03    0.2471546774E+03    0.9489040000E-01    0.3802466000E+00
         3    0.5132000000E+03    0.4497893451E+03    0.1017049300E+01    0.2785721600E+00
         4    0.8950000000E+02    0.1035127978E+03   -0.5078647800E+00    0.4984223000E+00
         5    0.3632000000E+03    0.3442270348E+03    0.7544837200E+00    0.5286940800E+00
         6    0.3674300000E+03    0.3797163582E+03    0.9804070600E+00    0.5691891400E+00
         7    0.9034100000E+02    0.8587041456E+02   -0.9834154800E+00    0.1495313400E+00
         8    0.1588000000E+03    0.1137525245E+03   -0.3912552000E+00    0.5566489600E+00
         9    0.1743000000E+03    0.1853259381E+03   -0.1399547600E+00    0.4533811800E+00
        10    0.4711500000E+03    0.4551133605E+03    0.1164169790E+01    0.3871271900E+00
        11    0.3091000000E+03    0.3245981878E+03    0.9902291900E+00    0.8327593300E+00
        12    0.3010000000E+03    0.2895692806E+03    0.4844902800E+00    0.5368823400E+00
        13    0.3260000000E+03    0.3001765557E+03    0.4233371600E+00    0.4325218400E+00
        14    0.3275000000E+03    0.3348089093E+03    0.6403852000E+00    0.4689438100E+00
        15    0.2396000000E+03    0.2394835840E+03    0.3800947000E-01    0.3642102500E+00
        16    0.2466500000E+03    0.2379009913E+03    0.1143706900E+00    0.4406355700E+00
        17    0.2886400000E+03    0.2986452971E+03    0.6899988800E+00    0.6809464900E+00
        18    0.3334000000E+03    0.3964416991E+03    0.6058007400E+00    0.1528602000E+00
        19    0.4780000000E+03    0.4694335243E+03    0.1063048480E+01    0.2294365500E+00
        20    0.4920000000E+03    0.5187810791E+03    0.1353477880E+01    0.2642808400E+00
        21    0.3380000000E+03    0.3844260122E+03    0.8138996100E+00    0.3967256000E+00
        22    0.3860000000E+03    0.3116029938E+03    0.3864132000E+00    0.3463055400E+00
        23    0.4380000000E+03    0.4468550195E+03    0.1121769810E+01    0.3869106600E+00
        24    0.3450000000E+03    0.3703823761E+03    0.1067203800E+01    0.6908756700E+00
        25    0.3990000000E+03    0.4055370721E+03    0.9741132200E+00    0.4441848900E+00
        26    0.2561000000E+03    0.2319578398E+03   -0.2044517300E+00    0.1795379400E+00
        27    0.4150000000E+03    0.3942466484E+03    0.1070721800E+01    0.5837918700E+00
        28    0.2680300000E+03    0.2837476629E+03    0.8255873900E+00    0.8725008600E+00
        29    0.1693000000E+03    0.2141853278E+03   -0.1309992000E-01    0.4348461000E+00
        30    0.2634000000E+03    0.3033336383E+03    0.2831355600E+00    0.2910409600E+00
        31    0.4680000000E+03    0.4713026662E+03    0.9543872600E+00    0.1224532200E+00
        32    0.3891500000E+03    0.3796434672E+03    0.4900770800E+00    0.1257397600E+00
        33    0.4240000000E+03    0.3883351817E+03    0.8985956000E+00    0.4553191500E+00
        34    0.2561000000E+03    0.2509342844E+03    0.2769662500E+00    0.5275750400E+00
        35    0.4010000000E+03    0.3990240848E+03    0.8419139500E+00    0.3546285000E+00
        36    0.2516000000E+03    0.2585190330E+03    0.2464100300E+00    0.4648730400E+00
