Model_ID, [(c_i,i=0,n)_j,j=1,ntask]
           1    0.7576054848E+01   -0.4923466801E+02
           2    0.5057858893E+02    0.4755642011E+02
           3    0.5338083723E+02   -0.5672929566E+02
           4    0.5325943559E+02   -0.5706594914E+02
           5    0.1971110402E+02    0.4151906213E+02
           6    0.5340178134E+02   -0.5586726812E+02
           7    0.2696076269E+02   -0.8504716873E+02
           8    0.6379666260E+01    0.4950083920E+02
           9    0.4779127337E+02    0.5754044586E+02
          10    0.5338727252E+02    0.5553043341E+02
          11    0.5311824051E+02    0.5702748362E+02
          12    0.8117356407E+01   -0.4820529381E+02
          13    0.2001530439E+02    0.4194096188E+02
          14    0.1038264491E+02   -0.4693413709E+02
          15    0.4819781330E+02    0.5470006880E+02
          16    0.5334722678E+02   -0.5493236300E+02
          17    0.5299767232E+02    0.5687622725E+02
          18    0.1937365294E+02    0.4237985644E+02
          19    0.5220177885E+01   -0.5194646307E+02
          20    0.5297507875E+02    0.5684038800E+02
          21    0.7567793230E+01   -0.4761193630E+02
          22    0.5295190055E+02   -0.5680163142E+02
          23    0.1236157387E+02   -0.6774577544E+02
          24    0.3333631158E+01    0.5309893527E+02
          25    0.4815577648E+02    0.5476266149E+02
          26    0.3737679819E+02   -0.3367974473E+02
          27    0.2646734087E+02   -0.7739938259E+02
          28    0.7784735523E+01    0.4822308166E+02
          29    0.3541084417E+02   -0.4499145351E+02
          30    0.4372795359E+02   -0.4559570893E+02
          31    0.3717672136E+02    0.4456818182E+02
          32    0.8194980847E+01    0.4785352505E+02
          33    0.3258579535E+02    0.4130485592E+02
          34    0.6014741334E+02   -0.6042417172E+02
          35    0.7580845422E+01    0.4845344217E+02
          36    0.2945518615E+02   -0.7741046125E+02
          37    0.5257918632E+02   -0.5566034594E+02
          38    0.5128874242E+02   -0.4807647560E+02
          39    0.2400659925E+02    0.5805491489E+02
          40    0.3154322572E+01    0.6579246024E+02
          41    0.2315569961E+02   -0.2070067342E+02
          42    0.2246816700E+02    0.4406532540E+02
          43    0.7519573500E+01   -0.5116617634E+02
          44    0.6925638186E+01    0.4871617231E+02
          45    0.5340989424E+02    0.5224728583E+02
          46    0.3544891802E+02    0.3256270481E+02
          47    0.5063086062E+02   -0.4885113213E+02
          48    0.5066005198E+02   -0.4869828967E+02
          49    0.2095871914E+02    0.4100050709E+02
          50    0.4676042160E+02    0.5556199948E+02
          51    0.5278894960E+02   -0.5648277136E+02
          52    0.4702428137E+02   -0.5760496815E+02
          53    0.3235060078E+02    0.3264777068E+02
          54    0.3209459667E+02    0.3958164083E+02
          55    0.1588551669E+02   -0.4662878979E+02
          56    0.5050875962E+02   -0.4908157632E+02
          57    0.5069710853E+02   -0.4827210476E+02
          58    0.4998908150E+02    0.4721839460E+02
          59    0.7613501510E+01    0.4834269028E+02
          60    0.4138255859E+02   -0.4380344358E+02
          61    0.7253639629E+01    0.4863512268E+02
          62    0.6749843666E+02   -0.5355295869E+02
          63    0.1829264505E+02   -0.4707723303E+02
          64    0.5070366432E+02    0.4804569625E+02
          65    0.2099849427E+02    0.4158682793E+02
          66    0.6690500018E+02    0.5534854644E+02
          67    0.2322918358E+02   -0.2026080824E+02
          68    0.5336943237E+02    0.5234230897E+02
          69    0.5077966760E+02   -0.4658307387E+02
          70    0.2571375243E+02   -0.2214842947E+02
          71    0.3082847423E+02   -0.8102631575E+02
          72    0.2208139197E+02    0.3974843744E+02
          73    0.2489409993E+02   -0.2028007810E+02
          74    0.2925902259E+02    0.3394000510E+02
          75    0.5039077858E+02    0.4906312659E+02
          76    0.8877722807E+01    0.4330785376E+02
          77    0.2057799705E+02    0.4129389438E+02
          78    0.3370038737E+02   -0.3461682354E+02
          79    0.2194557065E+02    0.3969114804E+02
          80    0.3026953855E+02    0.3347306213E+02
          81    0.3206500927E+02   -0.7773418060E+02
          82    0.3691497896E+02   -0.3368917290E+02
          83    0.3711332252E+02   -0.3347324882E+02
          84    0.5070305375E+02   -0.4764266054E+02
          85    0.3854834415E+02   -0.3621714604E+02
          86    0.5316672812E+02    0.5313935078E+02
          87    0.1203097628E+02   -0.4333536217E+02
          88    0.1221229772E+02   -0.6353081295E+02
          89    0.1953205130E+02   -0.4105839800E+02
          90    0.3128444862E+02   -0.3016948811E+02
          91    0.3893726080E+01    0.5230452791E+02
          92    0.4975958602E+02   -0.4925490348E+02
          93    0.8870945341E+01    0.4725514134E+02
          94    0.5369908604E+02   -0.4989001708E+02
          95    0.2280311724E+02    0.4386964025E+02
          96    0.2917036441E+02   -0.1099460575E+03
          97    0.3341430255E+02   -0.3466820315E+02
          98    0.2387014093E+02    0.2071254320E+02
          99    0.2700887419E+02    0.2442473716E+02
         100    0.3362639296E+02   -0.3467029016E+02
