        Rank        RMSE       MaxAE  Feature_ID
           1    4.995522   16.464763  (       1)
           2    5.095219   16.623619  (       2)
           3    5.123143   15.503785  (       3)
           4    5.156579   17.619272  (       4)
           5    5.177336   12.745072  (       5)
           6    5.190297   16.385968  (       6)
           7    5.197124   16.585704  (       7)
           8    5.205831   13.322840  (       8)
           9    5.208709   13.249350  (       9)
          10    5.217386   16.373250  (      10)
          11    5.218991   14.239982  (      11)
          12    5.221037   16.420759  (      12)
          13    5.223636   16.041998  (      13)
          14    5.237416   18.373370  (      14)
          15    5.238943   18.079550  (      15)
          16    5.239419   12.742954  (      16)
          17    5.240036   17.205234  (      17)
          18    5.240273   18.473832  (      18)
          19    5.241092   18.292662  (      19)
          20    5.241708   18.477394  (      20)
          21    5.242308   16.551787  (      21)
          22    5.243174   18.480989  (      22)
          23    5.246821   16.318872  (      23)
          24    5.247156   18.211613  (      24)
          25    5.247634   16.125897  (      25)
          26    5.254126   14.910850  (      26)
          27    5.254260   16.443034  (      27)
          28    5.255471   17.947079  (      28)
          29    5.256431   18.011732  (      29)
          30    5.258486   16.814936  (      30)
          31    5.261442   12.328100  (      31)
          32    5.262352   17.346309  (      32)
          33    5.263006   14.234492  (      33)
          34    5.263043   17.143935  (      34)
          35    5.266077   17.752102  (      35)
          36    5.266123   17.675882  (      36)
          37    5.267776   16.660697  (      37)
          38    5.269428   12.592418  (      38)
          39    5.273821   15.807635  (      39)
          40    5.276008   16.651584  (      40)
          41    5.280314   18.382913  (      41)
          42    5.284558   17.957292  (      42)
          43    5.286698   16.057122  (      43)
          44    5.287937   17.228870  (      44)
          45    5.288950   14.321593  (      45)
          46    5.289087   15.886483  (      46)
          47    5.291506   16.666071  (      47)
          48    5.292114   16.884153  (      48)
          49    5.292962   18.564535  (      49)
          50    5.293475   16.858977  (      50)
          51    5.293657   17.294694  (      51)
          52    5.295681   18.304859  (      52)
          53    5.295906   17.258999  (      53)
          54    5.296142   15.025757  (      54)
          55    5.297436   16.888558  (      55)
          56    5.297897   16.861690  (      56)
          57    5.299146   15.993008  (      57)
          58    5.300574   16.263149  (      58)
          59    5.301613   17.403842  (      59)
          60    5.302873   16.302046  (      60)
          61    5.303637   15.900203  (      61)
          62    5.304751   18.158152  (      62)
          63    5.304914   17.003912  (      63)
          64    5.306495   16.269224  (      64)
          65    5.306867   13.519685  (      65)
          66    5.307222   15.958833  (      66)
          67    5.307433   16.043446  (      67)
          68    5.308235   14.607426  (      68)
          69    5.309018   14.202110  (      69)
          70    5.309208   16.852425  (      70)
          71    5.309886   16.828603  (      71)
          72    5.311172   14.294067  (      72)
          73    5.312104   16.654380  (      73)
          74    5.312281   17.287312  (      74)
          75    5.312430   13.435550  (      75)
          76    5.312692   17.257592  (      76)
          77    5.314150   14.937343  (      77)
          78    5.314418   16.428703  (      78)
          79    5.314608   14.512855  (      79)
          80    5.315031   17.868103  (      80)
          81    5.318530   15.961976  (      81)
          82    5.318733   16.799951  (      82)
          83    5.319381   15.324788  (      83)
          84    5.322181   16.671074  (      84)
          85    5.322817   13.994579  (      85)
          86    5.324371   15.798299  (      86)
          87    5.326395   17.458725  (      87)
          88    5.326807   18.528306  (      88)
          89    5.327227   17.234274  (      89)
          90    5.329679   16.142576  (      90)
          91    5.330013   15.001726  (      91)
          92    5.330371   16.410778  (      92)
          93    5.330589   16.173146  (      93)
          94    5.331370   18.602842  (      94)
          95    5.332042   16.312045  (      95)
          96    5.332238   16.310997  (      96)
          97    5.332449   16.309969  (      97)
          98    5.333274   15.147287  (      98)
          99    5.334299   16.150360  (      99)
         100    5.334755   16.348300  (     100)
