Model_ID, [(c_i,i=0,n)_j,j=1,ntask]
           1    0.3907812674E+02   -0.2988396640E+02
           2    0.3891061306E+02   -0.3005575767E+02
           3    0.2888935857E+02    0.2102607106E+02
           4    0.4132930198E+02   -0.3110162014E+02
           5    0.3909109492E+02    0.3058155609E+02
           6    0.5354766576E+02    0.4034640490E+02
           7    0.2624896330E+02    0.1762918980E+02
           8    0.3905667771E+02    0.3015715347E+02
           9    0.3063850512E+02    0.1889534015E+02
          10    0.4163736841E+02   -0.3215531009E+02
          11    0.2203169296E+02   -0.5842606714E+02
          12    0.2615744378E+02   -0.1760173764E+02
          13    0.3657695737E+02   -0.2122355660E+02
          14    0.3758756777E+02   -0.2980258647E+02
          15    0.6729981023E+02   -0.6028478156E+02
          16    0.1894825885E+02   -0.6274418714E+02
          17    0.2540053172E+02   -0.1827407523E+02
          18    0.6720450445E+02   -0.6014146251E+02
          19    0.2705950154E+02    0.3289557004E+02
          20    0.2722965289E+02    0.1707053129E+02
          21    0.2254816198E+02   -0.5697287560E+02
          22    0.2287668976E+02   -0.5651634713E+02
          23    0.3553562853E+02   -0.2186110241E+02
          24    0.5894352385E+02   -0.2370981438E+02
          25    0.2869621156E+02   -0.2369388712E+02
          26    0.1698306899E+02    0.3126986959E+02
          27    0.1687899800E+02    0.3131045130E+02
          28    0.5306308868E+02    0.2005148171E+02
          29    0.5058783291E+02   -0.3123756695E+02
          30    0.3945332752E+02    0.1468773016E+02
          31    0.4837207144E+02    0.1718122834E+02
          32    0.2079097175E+02    0.5854325192E+02
          33    0.2529575909E+02    0.1792486299E+02
          34    0.5083563639E+02   -0.2937628671E+02
          35    0.5592538353E+02    0.4873844914E+02
          36    0.2388022550E+02    0.1827198001E+02
          37    0.2324414994E+02   -0.5597774722E+02
          38    0.5364596306E+02    0.4769625808E+02
          39    0.2334672340E+02   -0.5580620574E+02
          40    0.3417723114E+02    0.2045972888E+02
          41    0.6823171080E+02   -0.6214174466E+02
          42    0.6406500237E+02    0.5936171646E+02
          43    0.1086954658E+02   -0.2350516372E+02
          44    0.7297223745E+02   -0.2859111690E+02
          45    0.6664056142E+02    0.5920362629E+02
          46    0.3510071833E+02    0.1985845603E+02
          47    0.6680786211E+02    0.5946380095E+02
          48    0.5348301088E+02    0.2050782483E+02
          49    0.2317019071E+02    0.5533889110E+02
          50    0.2310908891E+02    0.5505959224E+02
          51    0.2962161783E+02   -0.2242478270E+02
          52    0.4626978313E+02    0.1641875796E+02
          53    0.3603109902E+02   -0.2210968565E+02
          54    0.5047814373E+02    0.2974974112E+02
          55    0.2514594928E+02    0.1934596666E+02
          56    0.2634655137E+02   -0.1743376021E+02
          57    0.2251167908E+02   -0.5696231699E+02
          58    0.2248832517E+02   -0.5699172816E+02
          59    0.6638632525E+02    0.5876525635E+02
          60    0.5027195889E+02   -0.3091775401E+02
          61    0.5120793280E+02    0.3458743792E+02
          62    0.6695466952E+02    0.5966379660E+02
          63    0.5398002549E+02    0.3699679023E+02
          64    0.4056233839E+02   -0.3327340426E+02
          65    0.2281972833E+02    0.5652931280E+02
          66    0.2235594284E+02    0.5714464860E+02
          67    0.4914445825E+02   -0.3129412456E+02
          68    0.4017697679E+02   -0.1607531455E+02
          69    0.7469784803E+02    0.2865231835E+02
          70    0.4093222022E+02   -0.3099891914E+02
          71    0.2338301645E+02    0.5505920467E+02
          72    0.3579605905E+02    0.2163025281E+02
          73    0.3466229197E+02    0.2238775752E+02
          74    0.5053145546E+02   -0.1949906085E+02
          75    0.3507693056E+02   -0.2469843976E+02
          76    0.3329308658E+02    0.1884836869E+02
          77    0.5701921448E+02    0.5269572942E+02
          78    0.7329506563E+02   -0.5603648156E+02
          79    0.5040258144E+02    0.2999408118E+02
          80    0.2210730360E+02   -0.5777344035E+02
          81    0.3773868382E+02    0.2986343236E+02
          82    0.2501488401E+02   -0.1934293790E+02
          83    0.5703558084E+02    0.5373584458E+02
          84    0.2071541963E+02    0.5859440177E+02
          85    0.4512475510E+02    0.1794139675E+02
          86    0.6711747132E+02   -0.5983371905E+02
          87    0.3515761362E+02   -0.2140737556E+02
          88    0.2777785845E+02    0.1947973020E+02
          89    0.2850858965E+02    0.2307226556E+02
          90    0.2236489228E+02    0.5622511814E+02
          91    0.3812007649E+02    0.3119165268E+02
          92    0.2504823514E+02   -0.1931215753E+02
          93    0.2266465384E+02    0.5643904158E+02
          94    0.7102984369E+02   -0.1818841375E+02
          95    0.5328585215E+02    0.3543759350E+02
          96    0.4962208968E+02    0.3171249378E+02
          97    0.2064795198E+02    0.5858405400E+02
          98    0.6398896306E+02    0.2741419493E+02
          99    0.2369909693E+02   -0.5514452824E+02
         100    0.5345480054E+02    0.4814195339E+02
