        Rank        RMSE       MaxAE  Feature_ID
           1   41.862128  108.516467  (       1)
           2   42.299288  113.368864  (       2)
           3   42.608246  106.935204  (       3)
           4   43.632005   95.067137  (       4)
           5   43.907327  109.184761  (       5)
           6   43.950291  115.508822  (       6)
           7   44.095003  102.006950  (       7)
           8   44.212778  117.606671  (       8)
           9   44.273507  122.966154  (       9)
          10   44.345166  107.497017  (      10)
          11   44.456742  124.199405  (      11)
          12   44.473522  124.247008  (      12)
          13   44.478290  108.429553  (      13)
          14   44.531355  109.633947  (      14)
          15   44.610420  124.473007  (      15)
          16   44.627674  111.020753  (      16)
          17   44.700639  117.641656  (      17)
          18   44.707394  124.392394  (      18)
          19   44.733222   91.800794  (      19)
          20   44.834308   98.755321  (      20)
          21   44.934867  121.478836  (      21)
          22   44.977501  128.887735  (      22)
          23   45.024203   90.591173  (      23)
          24   45.027093  121.105478  (      24)
          25   45.037460  122.246802  (      25)
          26   45.060157  103.156212  (      26)
          27   45.065507  105.792846  (      27)
          28   45.082489   89.635663  (      28)
          29   45.083458  122.158419  (      29)
          30   45.091110   95.345785  (      30)
          31   45.137202  106.507785  (      31)
          32   45.245910  113.103942  (      32)
          33   45.250111  113.119006  (      33)
          34   45.286891  110.885651  (      34)
          35   45.304086   82.361624  (      35)
          36   45.323433  101.588681  (      36)
          37   45.361399  105.645053  (      37)
          38   45.363343  113.272083  (      38)
          39   45.406903  120.863242  (      39)
          40   45.421351   98.667368  (      40)
          41   45.438861  102.598309  (      41)
          42   45.495992  115.910151  (      42)
          43   45.518947  110.976198  (      43)
          44   45.520156  106.405394  (      44)
          45   45.526969   98.413837  (      45)
          46   45.546812  102.979174  (      46)
          47   45.580025  104.770220  (      47)
          48   45.613356  134.765742  (      48)
          49   45.625118  105.193608  (      49)
          50   45.645962  107.797177  (      50)
          51   45.651718  106.296140  (      51)
          52   45.668910  123.532322  (      52)
          53   45.699071   97.008840  (      53)
          54   45.703226  113.480001  (      54)
          55   45.713467   97.780410  (      55)
          56   45.714548  120.648477  (      56)
          57   45.714558  132.587912  (      57)
          58   45.740877  120.677870  (      58)
          59   45.747059   95.518756  (      59)
          60   45.758530  123.009950  (      60)
          61   45.759727  105.147668  (      61)
          62   45.775757  111.207509  (      62)
          63   45.781119  116.084605  (      63)
          64   45.784968   96.895867  (      64)
          65   45.790893  103.237438  (      65)
          66   45.793481  121.272402  (      66)
          67   45.793639   96.936128  (      67)
          68   45.797551  120.113513  (      68)
          69   45.812325  105.745619  (      69)
          70   45.822442  138.198853  (      70)
          71   45.826963  117.712262  (      71)
          72   45.840251  139.490408  (      72)
          73   45.844271  119.504239  (      73)
          74   45.844707  105.468654  (      74)
          75   45.851020  143.230727  (      75)
          76   45.853368   97.594835  (      76)
          77   45.869021  102.919341  (      77)
          78   45.883561  107.862889  (      78)
          79   45.884028  138.678913  (      79)
          80   45.920039   96.572989  (      80)
          81   45.920837  123.800180  (      81)
          82   45.927817  120.803834  (      82)
          83   45.930086  101.108280  (      83)
          84   45.935373  108.093672  (      84)
          85   45.940388  138.852258  (      85)
          86   45.941314  124.003874  (      86)
          87   45.942259  136.735591  (      87)
          88   45.943092  108.651605  (      88)
          89   45.949435  138.873817  (      89)
          90   45.966157   95.589469  (      90)
          91   45.971819  136.808961  (      91)
          92   45.979841   92.733628  (      92)
          93   45.997987  129.894486  (      93)
          94   46.009684  115.350180  (      94)
          95   46.015675  118.891700  (      95)
          96   46.020619   95.562869  (      96)
          97   46.023723  127.862454  (      97)
          98   46.038919   96.657396  (      98)
          99   46.049920  107.526213  (      99)
         100   46.049970  127.235597  (     100)
