     Index              y_true              y_pred        descriptor_1        descriptor_2
         1    0.3200000000E+01    0.1337526907E+02   -0.9964000000E+00   -0.3587040000E-02
         2    0.1850000000E+02    0.1503998740E+02   -0.9032920000E+00    0.2249517690E-02
         3    0.8872000000E+02    0.8059110798E+02    0.2159141100E+00   -0.3775142592E-02
         4    0.2045000000E+02    0.2104066011E+02   -0.5138187200E+00    0.2827478461E-01
         5    0.2078000000E+02    0.2182394623E+02   -0.5485573200E+00    0.2374779813E-01
         6    0.5301000000E+02    0.5683411679E+02   -0.1787803400E+00   -0.5798533400E-03
         7    0.2548000000E+02    0.2433615410E+02   -0.6970997400E+00    0.5790787575E-02
         8    0.2817000000E+02    0.2572566299E+02   -0.4644139900E+00    0.2501205665E-01
         9    0.6524000000E+02    0.6768043478E+02   -0.1804692800E+00   -0.1888072362E-01
        10    0.4537000000E+02    0.5062208256E+02   -0.3034896200E+00   -0.1735489770E-02
        11    0.4263000000E+02    0.4921727515E+02   -0.2833610100E+00    0.2478396540E-02
        12    0.3615000000E+02    0.3635297619E+02   -0.6285515300E+00   -0.7964514792E-02
        13    0.5090000000E+02    0.5581151330E+02   -0.1945544800E+00   -0.3297905520E-03
        14    0.1790000000E+02    0.2865211676E+02   -0.5325842500E+00    0.1380419573E-01
        15    0.4216000000E+02    0.3098156721E+02   -0.5376843000E+00    0.9435084120E-02
        16    0.1464000000E+02    0.3834413959E+02   -0.4654459800E+00    0.3807426000E-02
        17    0.2796000000E+02    0.3005556346E+02   -0.5276511600E+00    0.1191319536E-01
        18    0.3187000000E+02    0.2946780109E+02   -0.5415037300E+00    0.1161375486E-01
        19    0.3120000000E+02    0.2091190622E+02   -0.5580772000E+00    0.2439202116E-01
        20    0.1790000000E+02    0.1807135131E+02   -0.8607671300E+00    0.1116066432E-02
        21    0.2681000000E+02    0.3803005354E+02   -0.4884871300E+00    0.2199336092E-02
        22    0.2622000000E+02    0.4140609905E+02   -0.3398820800E+00    0.1031186270E-01
        23    0.3682000000E+02    0.4949946692E+02    0.1915032000E+00    0.4597678598E-01
        24    0.7520000000E+02    0.6168481149E+02   -0.1279648400E+00   -0.3989130750E-02
        25    0.8285000000E+02    0.7781439130E+02   -0.3377407800E+00   -0.5039620653E-01
        26    0.6942000000E+02    0.8594567992E+02    0.3529090000E+00   -0.4748649300E-04
        27    0.7737000000E+02    0.6486714802E+02    0.3652821200E+00    0.3635985967E-01
        28    0.5774000000E+02    0.4986852515E+02   -0.2802806500E+00    0.1674168438E-02
        29    0.6276000000E+02    0.5777345731E+02   -0.1646538800E+00   -0.8431963400E-03
        30    0.5060000000E+01    0.1790918555E+01   -0.6240683200E+00    0.5026844589E-01
        31    0.5015000000E+02    0.3932172091E+02   -0.4926095200E+00   -0.3431719200E-03
        32    0.2680000000E+02    0.2556084506E+02   -0.8379407600E+00   -0.9299256638E-02
        33    0.5100000000E+02    0.4368552379E+02   -0.4058257200E+00    0.3925731040E-03
        34    0.7420000000E+02    0.7285252315E+02    0.2818985000E-01   -0.8211984336E-02
        35    0.6511000000E+02    0.5927150317E+02   -0.1355418500E+00   -0.6535790780E-03
        36    0.4460000000E+02    0.3003170039E+02   -0.4596898200E+00    0.1824605386E-01
