Model_ID, [(c_i,i=0,n)_j,j=1,ntask]
           1    0.2064985033E+03   -0.1413047039E+03
           2    0.2373456315E+03   -0.8212210683E+02
           3    0.2352121831E+03   -0.9078005157E+02
           4    0.2846965655E+03   -0.9997584691E+02
           5    0.2143378206E+03   -0.1197571151E+03
           6    0.1659996938E+03   -0.1002759952E+03
           7    0.2931373762E+03   -0.1066082442E+03
           8    0.2417991309E+03   -0.8587781480E+02
           9    0.1665872295E+03   -0.1069278556E+03
          10    0.2247762894E+03   -0.9135422295E+02
          11    0.2047119572E+03   -0.1361573796E+03
          12    0.2315842500E+03   -0.8442108018E+02
          13    0.2161651467E+03   -0.1253524876E+03
          14    0.2340027259E+03   -0.7661028080E+02
          15    0.2090031683E+03   -0.1489978024E+03
          16    0.2895636178E+03   -0.1043486528E+03
          17    0.2774906910E+03   -0.1149352706E+03
          18    0.2381325387E+03    0.7942233948E+02
          19    0.2402329669E+03   -0.9457262919E+02
          20    0.2211290842E+03   -0.1015735235E+03
          21    0.3428714354E+03   -0.1014731559E+03
          22    0.2901496661E+03   -0.9660949308E+02
          23    0.1777198067E+03   -0.9390147237E+02
          24    0.2936321598E+03   -0.2123626507E+03
          25    0.2194280135E+03   -0.1278416354E+03
          26    0.1770931197E+03   -0.8820227316E+02
          27    0.1289172143E+03   -0.8675119358E+02
          28    0.1404560993E+03   -0.1141661529E+03
          29    0.1531055689E+03   -0.1081631556E+03
          30    0.1001510326E+03   -0.9861552029E+02
          31    0.2218736665E+03   -0.8489300888E+02
          32    0.3311189084E+03   -0.9444518036E+02
          33    0.2823948508E+03   -0.9014797600E+02
          34    0.1665114253E+03   -0.1037589241E+03
          35    0.1044531482E+03   -0.9233174096E+02
          36    0.2142159017E+03   -0.1307682692E+03
          37    0.2811993950E+03   -0.9648758906E+02
          38    0.2179635005E+03   -0.9418816207E+02
          39    0.2923797880E+03   -0.2049862059E+03
          40    0.2936146076E+03   -0.2049726832E+03
          41    0.1316811530E+03   -0.8148928888E+02
          42    0.2129412612E+03   -0.1496190964E+03
          43    0.2221390698E+03   -0.1074713990E+03
          44    0.1316818002E+03    0.8493929756E+02
          45    0.2141972853E+03   -0.1214469861E+03
          46    0.2353377709E+03   -0.9980874220E+02
          47    0.2424934841E+03    0.8281719245E+02
          48    0.3312836177E+03   -0.9836300694E+02
          49    0.1876825790E+03   -0.7705484731E+02
          50    0.2294035400E+03   -0.9515941636E+02
          51    0.2905749221E+03   -0.2094164540E+03
          52    0.2348038836E+03    0.7436032944E+02
          53    0.2852316915E+03   -0.1004182265E+03
          54    0.2792650861E+03   -0.1006628676E+03
          55    0.2411758749E+03    0.1707519245E+03
          56    0.2398784866E+03   -0.7236534470E+02
          57    0.2351531174E+03    0.1076429333E+03
          58    0.2875095936E+03   -0.1099691788E+03
          59    0.3326694060E+03   -0.8926191134E+02
          60    0.2985967599E+03   -0.1695703933E+03
          61    0.1880384635E+03    0.8136883745E+02
          62    0.1657599303E+03   -0.1320859824E+03
          63    0.2365750401E+03    0.7739046003E+02
          64    0.2938875035E+03   -0.1075716313E+03
          65    0.2241406511E+03   -0.8647956907E+02
          66    0.2894375048E+03    0.1857885381E+03
          67    0.2399715130E+03    0.7311307841E+02
          68    0.1341297064E+03    0.7994970823E+02
          69    0.2171826910E+03   -0.1241649558E+03
          70    0.1643123852E+03   -0.2572799447E+03
          71    0.3245937038E+03   -0.1085902911E+03
          72    0.1633950488E+03   -0.9787493312E+02
          73    0.2860281089E+03   -0.2037975388E+03
          74    0.2356792983E+03   -0.1036404512E+03
          75    0.1673528661E+03   -0.9604418475E+02
          76    0.2966497822E+03    0.2095024307E+03
          77    0.2330367441E+03   -0.1086609259E+03
          78    0.1182807147E+03    0.9542569111E+02
          79    0.2562948279E+03    0.8723395230E+02
          80    0.3506344526E+03   -0.2006344241E+03
          81    0.2812016556E+03   -0.8664301804E+02
          82    0.2798195139E+03    0.1133677323E+03
          83    0.2899678146E+03    0.1290872719E+03
          84    0.2365611936E+03    0.8608253090E+02
          85    0.2883933968E+03   -0.9205578769E+02
          86    0.2405390784E+03    0.8145815269E+02
          87    0.1815375443E+03   -0.8859094416E+02
          88    0.1936032466E+03    0.7297856332E+02
          89    0.2206931599E+03   -0.1574078297E+03
          90    0.3002754267E+03   -0.2174170891E+03
          91    0.2350882955E+03   -0.8204745182E+02
          92    0.1385694004E+03   -0.1201291010E+03
          93    0.2803633293E+03    0.1713353044E+03
          94    0.1559795061E+03   -0.9909600075E+02
          95    0.2278809405E+03   -0.9154094962E+02
          96    0.3483687927E+03   -0.1989256361E+03
          97    0.3135459243E+03   -0.1008124605E+03
          98    0.1764542855E+03   -0.9888786527E+02
          99    0.2804895672E+03   -0.9304891715E+02
         100    0.1871295107E+03   -0.7271549473E+02
