Model_ID, [(c_i,i=0,n)_j,j=1,ntask]
           1    0.2748040034E+03   -0.1027302548E+03    0.1212736949E+03
           2    0.2671789653E+03   -0.1080438911E+03   -0.1219691491E+03
           3    0.2607570550E+03   -0.9659884222E+02    0.1017355216E+03
           4    0.2053918844E+03   -0.1331073319E+03    0.1042377115E+04
           5    0.2527276017E+03   -0.1640340613E+03   -0.1108577240E+03
           6    0.2048023400E+03   -0.1352398210E+03   -0.1167730784E+04
           7    0.2035452318E+03   -0.1403872318E+03   -0.1129712328E+04
           8    0.2519644271E+03   -0.1632024359E+03   -0.1105072255E+03
           9    0.2958119789E+03   -0.9566351193E+02    0.1748266445E+03
          10    0.2955786915E+03   -0.9593745751E+02    0.1708772379E+03
          11    0.1660002155E+03   -0.9842653294E+02   -0.2480383683E+04
          12    0.2738105165E+03   -0.9450932824E+02   -0.1037999461E+03
          13    0.2952709432E+03   -0.9635121739E+02    0.1700878668E+03
          14    0.2903909142E+03   -0.9812258519E+02    0.1324239541E+03
          15    0.2041876183E+03   -0.1353275871E+03    0.9534119897E+03
          16    0.2510363865E+03   -0.1577179668E+03   -0.1111559439E+03
          17    0.2049908409E+03   -0.1360871745E+03   -0.1031072220E+04
          18    0.1693976728E+03   -0.9759348464E+02    0.1552679029E+03
          19    0.2372887170E+03   -0.1091853723E+03   -0.7213575954E+02
          20    0.1682085427E+03   -0.1021174126E+03    0.1216514722E+04
          21    0.2037066314E+03   -0.1404980576E+03   -0.1276120075E+03
          22    0.2076378302E+03   -0.1368732518E+03    0.1360032134E+03
          23    0.2404018706E+03   -0.8085754368E+02   -0.7305410410E+02
          24    0.2951250298E+03   -0.9751979360E+02    0.1715024161E+03
          25    0.2050011875E+03   -0.1365650371E+03   -0.1492099091E+04
          26    0.2072366042E+03   -0.1369308667E+03   -0.1355176375E+03
          27    0.2029008161E+03   -0.1395471753E+03    0.1299168063E+04
          28    0.2949116084E+03   -0.9774599939E+02    0.1677283748E+03
          29    0.2196736666E+03   -0.1240223978E+03    0.5658904203E+03
          30    0.2024065893E+03   -0.1421102520E+03    0.1029061432E+04
          31    0.2110456465E+03   -0.1250285290E+03    0.1589729362E+04
          32    0.2387349810E+03   -0.8082224903E+02   -0.7169620473E+02
          33    0.2037171202E+03   -0.1372331124E+03    0.7482896701E+03
          34    0.2073624494E+03   -0.1372880347E+03    0.1344115223E+03
          35    0.2060718816E+03   -0.1374805136E+03    0.2446564294E+03
          36    0.2070515034E+03   -0.1375274516E+03    0.1292345848E+03
          37    0.2946838840E+03   -0.9790303859E+02    0.1680211672E+03
          38    0.2102690550E+03   -0.1345518463E+03    0.1216313149E+03
          39    0.2498668097E+03   -0.1127052796E+03    0.1575606597E+03
          40    0.2390954508E+03   -0.7482230138E+02   -0.1205851407E+03
          41    0.2068443030E+03   -0.1379063721E+03    0.1455818347E+03
          42    0.2060214559E+03   -0.1350030695E+03   -0.7505328739E+03
          43    0.2063162481E+03   -0.1511616211E+03    0.4788663354E+03
          44    0.2443594643E+03   -0.8795866830E+02   -0.7274697864E+02
          45    0.2524329332E+03   -0.1185276529E+03   -0.7727431370E+02
          46    0.2051747226E+03   -0.1360113434E+03   -0.1263817087E+04
          47    0.2070256508E+03   -0.1340557791E+03   -0.7255351981E+03
          48    0.2070915481E+03   -0.1377047045E+03   -0.1324342180E+03
          49    0.2412118810E+03   -0.1186756202E+03   -0.7131560571E+02
          50    0.2119752195E+03   -0.1320431102E+03    0.1198723547E+03
          51    0.2071672146E+03   -0.1347844314E+03   -0.7197406078E+03
          52    0.2952684107E+03   -0.9755523462E+02    0.1632486069E+03
          53    0.2043009359E+03   -0.1348737849E+03    0.1207688715E+04
          54    0.2074724918E+03   -0.1376904982E+03    0.1314653459E+03
          55    0.2084991510E+03   -0.1366567142E+03    0.1280732693E+03
          56    0.2368695024E+03   -0.7684755051E+02   -0.7637860734E+02
          57    0.2061325675E+03   -0.1381988640E+03   -0.1323036205E+03
          58    0.2060129065E+03   -0.1358560007E+03   -0.7373706561E+03
          59    0.2057005448E+03   -0.1373738136E+03    0.1082569280E+04
          60    0.2050510523E+03   -0.1357121402E+03    0.7515483159E+03
          61    0.1723910460E+03   -0.1006940366E+03    0.1636467312E+04
          62    0.2362012952E+03   -0.7591316321E+02   -0.7826073237E+02
          63    0.2057728289E+03   -0.1359159762E+03   -0.1013930903E+04
          64    0.2068947024E+03   -0.1384678142E+03    0.1832981453E+03
          65    0.2473970797E+03   -0.1779195574E+03   -0.1116576024E+03
          66    0.2908546331E+03   -0.1086049319E+03    0.5443777522E+03
          67    0.2497274952E+03   -0.1198263789E+03   -0.7310037273E+02
          68    0.2377014053E+03   -0.1242616723E+03   -0.7374376196E+02
          69    0.2070456677E+03   -0.1343341082E+03    0.7210633229E+03
          70    0.2055843283E+03   -0.1356707200E+03    0.7235626354E+03
          71    0.2339666133E+03   -0.7510917472E+02   -0.1360438929E+03
          72    0.2459716078E+03   -0.1254676734E+03   -0.8115875412E+02
          73    0.2037065797E+03   -0.1377350252E+03    0.9919063992E+03
          74    0.2060875239E+03   -0.1347175303E+03    0.7289666157E+03
          75    0.2086211604E+03   -0.1363662466E+03    0.1428971090E+03
          76    0.2350279144E+03   -0.7593826920E+02   -0.7038687393E+02
          77    0.2057579590E+03   -0.1356806938E+03    0.7353749111E+03
          78    0.2057382632E+03   -0.1355996426E+03   -0.3700676838E+03
          79    0.2066097312E+03   -0.1346814810E+03    0.7200062754E+03
          80    0.2442958784E+03   -0.9304221801E+02    0.1124267116E+03
          81    0.2179105172E+03   -0.1334617316E+03   -0.6439486830E+03
          82    0.2047240820E+03   -0.1366573374E+03    0.7395164493E+03
          83    0.2054226967E+03   -0.1343908541E+03    0.9832239327E+03
          84    0.2388168356E+03   -0.7422733931E+02   -0.7774786251E+02
          85    0.2406261476E+03   -0.1234593325E+03   -0.7231499480E+02
          86    0.2621909328E+03   -0.1879277213E+03   -0.7529104717E+02
          87    0.2081919826E+03   -0.1364401686E+03   -0.1420255163E+03
          88    0.2363095673E+03   -0.8569802976E+02   -0.7303492020E+02
          89    0.2543502192E+03   -0.1223218445E+03   -0.9558761490E+02
          90    0.2437744644E+03   -0.1263264406E+03   -0.7712791233E+02
          91    0.2021695195E+03   -0.1401734387E+03    0.3027714804E+03
          92    0.1645073914E+03   -0.1221205938E+03   -0.3070927554E+03
          93    0.2037483689E+03   -0.1372102318E+03    0.9015543819E+03
          94    0.2051244346E+03   -0.1365504538E+03   -0.6007836782E+03
          95    0.2061262540E+03   -0.1384452709E+03    0.1064736110E+03
          96    0.2386258020E+03   -0.7890789023E+02   -0.7404961506E+02
          97    0.2465951788E+03    0.1769258872E+03   -0.1112806159E+03
          98    0.2057553775E+03   -0.1356597504E+03   -0.7164319967E+03
          99    0.2018654525E+03   -0.1436774289E+03   -0.1373896717E+04
         100    0.2368312541E+03   -0.7683789092E+02   -0.6544282019E+02
