Model_ID, [(c_i,i=0,n)_j,j=1,ntask]
           1    0.2936804499E+03    0.1750004705E+03
           2    0.2939781654E+03    0.1738284152E+03
           3    0.2497449653E+03    0.1162309864E+03
           4    0.2538151793E+03    0.1086973870E+03
           5    0.2433744141E+03    0.1162311659E+03
           6    0.2670893221E+03   -0.1506857909E+03
           7    0.3557066399E+03   -0.2644448332E+03
           8    0.1938865363E+03    0.8203537976E+02
           9    0.2915192999E+03    0.1674016130E+03
          10    0.1922614800E+03    0.7696742734E+02
          11    0.3462883887E+03   -0.2527669336E+03
          12    0.2121403943E+03    0.8480376485E+02
          13    0.2467361638E+03    0.1342385634E+03
          14    0.2547634369E+03    0.1150800804E+03
          15    0.2460173962E+03    0.1178046386E+03
          16    0.2072760933E+03    0.9373742085E+02
          17    0.2525521041E+03    0.1174360691E+03
          18    0.3033478674E+03    0.1793727802E+03
          19    0.2602350102E+03   -0.1429763177E+03
          20    0.3427932615E+03   -0.2555664576E+03
          21    0.2917967820E+03    0.1660839474E+03
          22    0.2597034922E+03   -0.1336699740E+03
          23    0.2717423188E+03    0.2227887608E+03
          24    0.3314504467E+03    0.2069683379E+03
          25    0.2706207391E+03    0.1611476079E+03
          26    0.2389169151E+03    0.9946365746E+02
          27    0.3405524194E+03   -0.2460037156E+03
          28    0.3414755020E+03   -0.2428473414E+03
          29    0.3490367278E+03   -0.2555779950E+03
          30    0.2292186953E+03    0.1001875788E+03
          31    0.2794427885E+03    0.1603437096E+03
          32    0.3529115656E+03   -0.2838956476E+03
          33    0.1767284990E+03    0.1571798100E+03
          34    0.3035155306E+03    0.1776582000E+03
          35    0.2729548543E+03    0.1261102198E+03
          36    0.3093731000E+03    0.1691090725E+03
          37    0.2753889867E+03   -0.1476823648E+03
          38    0.3671671992E+03   -0.2818478887E+03
          39    0.3432790000E+03   -0.2717738557E+03
          40    0.3078950753E+03    0.1690363816E+03
          41    0.2059207625E+03    0.9613879422E+02
          42    0.2654602910E+03   -0.1064164907E+03
          43    0.2795431646E+03    0.1308316938E+03
          44    0.2594766987E+03   -0.1392195909E+03
          45    0.1943371624E+03    0.7954338355E+02
          46    0.3628898677E+03   -0.2757300152E+03
          47    0.3154135363E+03    0.2741681222E+03
          48    0.2926204265E+03    0.1055517729E+03
          49    0.3209317351E+03    0.2905369259E+03
          50    0.2394949506E+03    0.1100702613E+03
          51    0.2612955375E+03    0.1134958465E+03
          52    0.3209863628E+03    0.2918671371E+03
          53    0.2852227859E+03    0.8985761357E+02
          54    0.3141108701E+03   -0.9770507877E+02
          55    0.2575665319E+03    0.1164226303E+03
          56    0.3012013595E+03    0.1647223756E+03
          57    0.1964815196E+03    0.8463384380E+02
          58    0.3090127179E+03    0.1726598121E+03
          59    0.2413148597E+03    0.1469759638E+03
          60    0.1222428981E+03    0.1129746631E+03
          61    0.3491671131E+03    0.1415745666E+03
          62    0.3385110845E+03   -0.2614739891E+03
          63    0.2924113749E+03    0.1724378674E+03
          64    0.3558422684E+03   -0.2722355731E+03
          65    0.3231053798E+03    0.1192800991E+03
          66    0.2517044738E+03   -0.1166327105E+03
          67    0.2878933864E+03    0.1715250380E+03
          68    0.3620455132E+03   -0.2575351714E+03
          69    0.3263070682E+03    0.1863219187E+03
          70    0.3187479500E+03   -0.2846112978E+03
          71    0.3604204738E+03    0.2606366604E+03
          72    0.3191009956E+03    0.2863471235E+03
          73    0.3380882381E+03    0.3184746555E+03
          74    0.2860295029E+03    0.1598956389E+03
          75    0.2447853574E+03   -0.1964304327E+03
          76    0.2892780846E+03   -0.1690660774E+03
          77    0.2710092789E+03   -0.1518700190E+03
          78    0.2539866721E+03   -0.1272328801E+03
          79    0.2814445715E+03    0.2194185255E+03
          80    0.3191760111E+03    0.2888285150E+03
          81    0.1681983525E+03    0.2730451173E+03
          82    0.1660835668E+03    0.9710560410E+02
          83    0.1307923432E+03    0.1053155953E+03
          84    0.2831833352E+03    0.1152069779E+03
          85    0.2321131557E+03    0.7691426814E+02
          86    0.2990712232E+03   -0.1777987225E+03
          87    0.2674275788E+03    0.1014356871E+03
          88    0.2501939235E+03    0.1095547683E+03
          89    0.3205176536E+03    0.2887962375E+03
          90    0.1688474712E+03    0.2690082817E+03
          91    0.3483519162E+03   -0.1735680952E+03
          92    0.2977423458E+03    0.1803300909E+03
          93    0.1633029584E+03   -0.2549811460E+03
          94    0.2499693735E+03    0.1357395002E+03
          95    0.3205689324E+03    0.2901028911E+03
          96    0.1660411387E+03    0.9955517654E+02
          97    0.2839384118E+03   -0.9539092753E+02
          98    0.2166213318E+03    0.8919765873E+02
          99    0.2418420611E+03    0.1269662317E+03
         100    0.3196076747E+03    0.2926425668E+03
