        Rank        RMSE       MaxAE  Feature_ID
           1   34.747752  108.676355  (       1)
           2   35.167357  108.391420  (       2)
           3   35.883520   97.871382  (       3)
           4   35.979784  107.425880  (       4)
           5   36.095919   97.421167  (       5)
           6   36.259805  108.526271  (       6)
           7   36.381054   80.442913  (       7)
           8   36.582019  102.854023  (       8)
           9   36.656345  110.088881  (       9)
          10   36.793389   98.910576  (      10)
          11   36.860481   81.312005  (      11)
          12   36.900603  110.850373  (      12)
          13   36.914155  105.824494  (      13)
          14   36.923572  100.770820  (      14)
          15   36.928176   95.309916  (      15)
          16   36.932223  113.264708  (      16)
          17   36.971759   98.932207  (      17)
          18   36.992381   97.471948  (      18)
          19   37.045199  114.292544  (      19)
          20   37.062392   75.742189  (      20)
          21   37.143821  109.653464  (      21)
          22   37.266240  109.053286  (      22)
          23   37.275434  107.267915  (      23)
          24   37.354338  108.027984  (      24)
          25   37.444984  105.984908  (      25)
          26   37.445036  130.266080  (      26)
          27   37.476673   87.941639  (      27)
          28   37.483095   82.550954  (      28)
          29   37.504581   87.946061  (      29)
          30   37.535109  116.587077  (      30)
          31   37.558113  106.993038  (      31)
          32   37.575191  102.458292  (      32)
          33   37.580777  135.589913  (      33)
          34   37.596602   97.879532  (      34)
          35   37.598046  108.935297  (      35)
          36   37.612292  108.345384  (      36)
          37   37.620439  110.594651  (      37)
          38   37.632184   88.501656  (      38)
          39   37.644865   81.809895  (      39)
          40   37.650158  109.842013  (      40)
          41   37.672253  107.573486  (      41)
          42   37.692182  129.715966  (      42)
          43   37.697081   95.211910  (      43)
          44   37.697375  112.586327  (      44)
          45   37.732678  111.244744  (      45)
          46   37.756257   94.547648  (      46)
          47   37.799694   97.594908  (      47)
          48   37.801575  115.522026  (      48)
          49   37.806081  100.299448  (      49)
          50   37.813077  103.471436  (      50)
          51   37.823247  102.350679  (      51)
          52   37.824440  100.062741  (      52)
          53   37.831772  111.814559  (      53)
          54   37.861496   77.586911  (      54)
          55   37.874050   98.871002  (      55)
          56   37.887858  104.533717  (      56)
          57   37.891479  104.819314  (      57)
          58   37.894874  107.796996  (      58)
          59   37.895606  117.059368  (      59)
          60   37.916598  103.498663  (      60)
          61   37.928778   89.336990  (      61)
          62   37.930679   80.061321  (      62)
          63   37.980710  106.133363  (      63)
          64   37.998322   92.185458  (      64)
          65   38.001334  101.656286  (      65)
          66   38.012560   89.735971  (      66)
          67   38.024155  109.013319  (      67)
          68   38.030125  103.996724  (      68)
          69   38.040019  112.558635  (      69)
          70   38.044755  103.294336  (      70)
          71   38.053948   93.099335  (      71)
          72   38.054615  102.703690  (      72)
          73   38.068278  114.018083  (      73)
          74   38.068325  110.056136  (      74)
          75   38.080964  106.782211  (      75)
          76   38.084965  108.547454  (      76)
          77   38.092867  106.718588  (      77)
          78   38.108500  114.356533  (      78)
          79   38.119784  109.930668  (      79)
          80   38.123518  102.289020  (      80)
          81   38.125541  102.030316  (      81)
          82   38.138313  108.308594  (      82)
          83   38.142436  110.001633  (      83)
          84   38.168814  108.821249  (      84)
          85   38.180344  100.850884  (      85)
          86   38.182815  102.276694  (      86)
          87   38.183146  125.305833  (      87)
          88   38.185801  106.223004  (      88)
          89   38.188816  100.951796  (      89)
          90   38.194673  104.201656  (      90)
          91   38.198628  114.973527  (      91)
          92   38.201660  102.756288  (      92)
          93   38.209606  118.332462  (      93)
          94   38.209795  103.866493  (      94)
          95   38.210635  100.721662  (      95)
          96   38.246270  103.643679  (      96)
          97   38.254956  116.601338  (      97)
          98   38.255556  102.403070  (      98)
          99   38.259598  111.747745  (      99)
         100   38.270606  101.335288  (     100)
