     Index              y_true              y_pred        descriptor_1        descriptor_2
         1    0.2566500000E+03    0.2640843966E+03   -0.8497168000E+00    0.0000000000E+00
         2    0.5132000000E+03    0.4997146411E+03    0.1631402800E+00   -0.5605726526E-01
         3    0.2490000000E+03    0.2898525349E+03   -0.6761000000E+00    0.0000000000E+00
         4    0.3632000000E+03    0.3308056897E+03   -0.4013335600E+00   -0.1133114400E-03
         5    0.3674300000E+03    0.3897282498E+03   -0.1677280600E+00   -0.1605003253E-01
         6    0.1588000000E+03    0.1752632427E+03   -0.1537712410E+01   -0.8734232052E-02
         7    0.3387000000E+03    0.3788131908E+03   -0.1558976700E+00   -0.7723217970E-02
         8    0.3281500000E+03    0.3165097722E+03   -0.5361485600E+00   -0.3867842160E-02
         9    0.4711500000E+03    0.4846140621E+03   -0.1485218800E+00   -0.7653185330E-01
        10    0.3010000000E+03    0.3009742585E+03   -0.5600064600E+00    0.4014478010E-02
        11    0.3260000000E+03    0.3042667978E+03   -0.6797409000E+00   -0.9827584578E-02
        12    0.3275000000E+03    0.2935264731E+03   -0.6501175100E+00    0.1198480320E-03
        13    0.2396000000E+03    0.2231514300E+03   -0.1121371380E+01    0.4035609000E-03
        14    0.2530000000E+03    0.2467302465E+03   -0.9706967300E+00   -0.3953761980E-03
        15    0.2886400000E+03    0.2874679870E+03   -0.6928813400E+00   -0.6974569200E-04
        16    0.2744000000E+03    0.2481687199E+03   -0.9254528100E+00    0.3072198711E-02
        17    0.2720000000E+03    0.2598881234E+03   -0.8913966600E+00   -0.1307639076E-02
        18    0.3334000000E+03    0.3298182082E+03    0.2291903600E+00    0.6203398735E-01
        19    0.4780000000E+03    0.4597984838E+03    0.1223782200E+00   -0.3380172932E-01
        20    0.4097000000E+03    0.4167950997E+03    0.6855420000E-01   -0.1079139600E-01
        21    0.4460000000E+03    0.4262559121E+03    0.1718279400E+00   -0.6935818116E-02
        22    0.3380000000E+03    0.3488778132E+03   -0.3281864000E-01    0.2395365169E-01
        23    0.3860000000E+03    0.3854407270E+03    0.5342007000E-01    0.8337311748E-02
        24    0.4380000000E+03    0.4220207043E+03    0.1689938000E+00   -0.4429040400E-02
        25    0.3450000000E+03    0.3376066739E+03   -0.3492820400E+00    0.4942207550E-03
        26    0.3990000000E+03    0.3847130923E+03    0.2653271500E+00    0.2948391320E-01
        27    0.2561000000E+03    0.2056704166E+03   -0.1239212980E+01    0.3976521700E-03
        28    0.4150000000E+03    0.3906991103E+03   -0.1105810300E+00   -0.1111418753E-01
        29    0.2680300000E+03    0.2754119751E+03   -0.1795161900E+00    0.5792422104E-01
        30    0.1693000000E+03    0.2194281913E+03   -0.1134019920E+01    0.1616642456E-02
        31    0.2634000000E+03    0.2925545913E+03   -0.6533665800E+00    0.4416301440E-03
        32    0.4680000000E+03    0.4777396657E+03    0.5238181300E+00   -0.6437366523E-02
        33    0.3891500000E+03    0.4204254408E+03    0.2374397100E+00    0.3295197216E-02
        34    0.3602000000E+03    0.3690531112E+03   -0.2975927100E+00   -0.1512956421E-01
        35    0.4010000000E+03    0.3866390124E+03   -0.1560002100E+00   -0.1287603135E-01
        36    0.2516000000E+03    0.3007919548E+03   -0.6693800800E+00   -0.6533512804E-02
