        Rank        RMSE       MaxAE  Feature_ID
           1   39.728513   96.295644  (       1)
           2   40.098825   92.503743  (       2)
           3   40.359107  104.157939  (       3)
           4   40.400654  119.515861  (       4)
           5   40.424800   96.256297  (       5)
           6   40.424903   97.105330  (       6)
           7   40.567802   90.383789  (       7)
           8   40.645456   99.752368  (       8)
           9   40.679615  134.007456  (       9)
          10   40.720042  110.081547  (      10)
          11   40.776256   86.620194  (      11)
          12   40.789803   98.529309  (      12)
          13   40.799770  124.433886  (      13)
          14   40.934434  133.328591  (      14)
          15   40.995679  101.928345  (      15)
          16   41.001286   93.352716  (      16)
          17   41.002285  101.895328  (      17)
          18   41.032748   84.153788  (      18)
          19   41.104963   85.265932  (      19)
          20   41.108048   82.467934  (      20)
          21   41.155742   99.602757  (      21)
          22   41.167203  131.810680  (      22)
          23   41.195339   94.531857  (      23)
          24   41.206260   98.985809  (      24)
          25   41.206653  101.500521  (      25)
          26   41.220376   91.410660  (      26)
          27   41.281076  104.319731  (      27)
          28   41.338706  115.813501  (      28)
          29   41.418960   97.464901  (      29)
          30   41.423653  109.049664  (      30)
          31   41.426510   98.569573  (      31)
          32   41.449220  121.809675  (      32)
          33   41.459512   90.197721  (      33)
          34   41.500929   87.963536  (      34)
          35   41.515768  116.432403  (      35)
          36   41.518156  112.507099  (      36)
          37   41.581763  103.766086  (      37)
          38   41.582269  105.290154  (      38)
          39   41.619640   83.222851  (      39)
          40   41.651373   94.709405  (      40)
          41   41.723942  104.178707  (      41)
          42   41.784857  104.364857  (      42)
          43   41.826290  105.206869  (      43)
          44   41.830245  142.118897  (      44)
          45   41.866904  107.257917  (      45)
          46   41.875633  101.215090  (      46)
          47   41.886688  101.176995  (      47)
          48   41.897293   90.268697  (      48)
          49   41.903746  124.817144  (      49)
          50   41.908732   98.278210  (      50)
          51   41.930512  120.792139  (      51)
          52   41.938880   98.300589  (      52)
          53   41.944008  131.198799  (      53)
          54   41.952181   92.825848  (      54)
          55   41.965082   99.290116  (      55)
          56   41.978943   99.213809  (      56)
          57   41.994879  110.352345  (      57)
          58   42.007157   79.462309  (      58)
          59   42.034127  121.160286  (      59)
          60   42.061439  122.355751  (      60)
          61   42.062585  102.446866  (      61)
          62   42.071577   94.872477  (      62)
          63   42.114350  122.667413  (      63)
          64   42.136060   98.103120  (      64)
          65   42.167346   84.770014  (      65)
          66   42.195151  120.056873  (      66)
          67   42.219604  101.710168  (      67)
          68   42.221161  104.103856  (      68)
          69   42.232381   93.534249  (      69)
          70   42.239953   97.209724  (      70)
          71   42.269437  124.053708  (      71)
          72   42.304358  139.229619  (      72)
          73   42.305493  100.533639  (      73)
          74   42.317439   92.856681  (      74)
          75   42.317988  120.256081  (      75)
          76   42.339059  105.998672  (      76)
          77   42.347414   83.430086  (      77)
          78   42.348703  101.930885  (      78)
          79   42.354517  107.512550  (      79)
          80   42.355835  114.003235  (      80)
          81   42.362819  110.562681  (      81)
          82   42.364845  127.826232  (      82)
          83   42.378867  100.342880  (      83)
          84   42.383239  102.175985  (      84)
          85   42.391710  107.826854  (      85)
          86   42.394030  140.407384  (      86)
          87   42.395070  113.007260  (      87)
          88   42.399744   86.600676  (      88)
          89   42.403115   79.932627  (      89)
          90   42.410032  102.192986  (      90)
          91   42.418805   85.264773  (      91)
          92   42.419570   94.993962  (      92)
          93   42.438486   99.150623  (      93)
          94   42.448230  106.272442  (      94)
          95   42.453813   92.487294  (      95)
          96   42.456980   96.561860  (      96)
          97   42.462435   99.631901  (      97)
          98   42.465383  128.873343  (      98)
          99   42.475513  129.636138  (      99)
         100   42.476253   85.318267  (     100)
