        Rank        RMSE       MaxAE  Feature_ID
           1    3.039081    9.261010  (    6381   10007)
           2    3.067156    8.578182  (    2043   10448)
           3    3.231798    8.252155  (       1   10010)
           4    3.249220    8.299737  (     350   10255)
           5    3.264009    8.334368  (    1988   10010)
           6    3.272898    8.055345  (     350   10010)
           7    3.296738    7.423519  (    3554   10311)
           8    3.308899    7.915377  (     292   10448)
           9    3.309304    7.963736  (     350   10014)
          10    3.312686    7.849071  (     170   10448)
          11    3.313442    7.935057  (     350   10018)
          12    3.314704    8.022895  (     350   10038)
          13    3.316315    8.694645  (     190   10007)
          14    3.319006    8.192045  (    1784   19966)
          15    3.320896    7.839036  (     304   10448)
          16    3.323626    7.948617  (     350   10013)
          17    3.331902    7.854290  (     350   10025)
          18    3.334945    7.826083  (     492   10448)
          19    3.336942    9.111492  (    2760   10007)
          20    3.337563    7.921879  (     350   10017)
          21    3.337612    8.060509  (       1   10014)
          22    3.338382    8.064081  (       1   10013)
          23    3.340174    7.759539  (     337   10448)
          24    3.341526    7.799663  (     385   10448)
          25    3.342375    8.656444  (     350   10084)
          26    3.349018    7.854029  (     358   10448)
          27    3.351382    8.078634  (    6381   16841)
          28    3.352339    8.945772  (     350   10292)
          29    3.354437    7.745371  (       1   10007)
          30    3.359694    8.810686  (     350   10114)
          31    3.362158    8.024969  (       1   10018)
          32    3.362990    8.172474  (     350   10012)
          33    3.363062    8.871526  (     350   10386)
          34    3.364003    8.081883  (       1   10025)
          35    3.369081    7.726795  (     583   17958)
          36    3.378266    8.719616  (     350   10139)
          37    3.379573    8.320614  (       3   10448)
          38    3.380303    8.243612  (       1   10012)
          39    3.383825    8.360153  (       9   10448)
          40    3.385575    7.538879  (     350   10019)
          41    3.389196    8.774687  (     350   10115)
          42    3.389866    8.920930  (       1   10001)
          43    3.391870    7.974198  (       1   10017)
          44    3.392697    7.781157  (       1   10019)
          45    3.395065    8.440222  (      11   10448)
          46    3.395773    7.876234  (     350   10035)
          47    3.395875    8.515110  (    6381   11641)
          48    3.396995    8.528579  (      18   10448)
          49    3.410293    8.727496  (     350   10081)
          50    3.412029    8.529831  (      17   10448)
          51    3.414861    8.566033  (      23   10448)
          52    3.415880    7.913330  (    6330   10036)
          53    3.417687    8.181786  (       1   10038)
          54    3.418380    7.667287  (     350   10045)
          55    3.421524    9.215703  (    1814   10448)
          56    3.427130    7.622265  (     293   10448)
          57    3.427794    7.256173  (     461   10448)
          58    3.431203    8.860373  (    3554   10055)
          59    3.431327    9.243863  (    1054   10448)
          60    3.431749    9.139593  (    6381   14773)
          61    3.431826    8.130707  (    6381   16173)
          62    3.431967    8.418104  (      21   10448)
          63    3.433772    8.228503  (    3554   10487)
          64    3.434719    8.642576  (     350   10080)
          65    3.436326    8.634400  (     350   10104)
          66    3.438443    7.567320  (    3554   10139)
          67    3.439857    8.690757  (     350   10225)
          68    3.441873    7.660968  (       1   10027)
          69    3.442349    8.093234  (    1988   10029)
          70    3.442972    8.540387  (     350   10327)
          71    3.443628    8.056662  (       1   10046)
          72    3.446725    7.778416  (    1988   10011)
          73    3.447104    8.615735  (    3489   17958)
          74    3.452676    8.536184  (     350   10311)
          75    3.452917    8.328681  (    1988   10013)
          76    3.456103    8.472715  (    5148   10448)
          77    3.458322    7.322752  (     350   10027)
          78    3.460202    7.587569  (     350   10055)
          79    3.460789    8.541721  (     350   10059)
          80    3.461284    8.716637  (     350   14491)
          81    3.461287    7.945013  (    3554   10473)
          82    3.461319    8.573483  (       6   10448)
          83    3.462489   10.043359  (      30   10007)
          84    3.463867    7.490133  (     350   10046)
          85    3.464101    7.577253  (    7488   10007)
          86    3.464632    8.666591  (     118   10448)
          87    3.464894    8.407242  (     350   10529)
          88    3.466757    8.306101  (     350   10082)
          89    3.468084    8.937526  (      54   10448)
          90    3.468205    7.911670  (       1   10045)
          91    3.469675    7.787487  (    3554   10081)
          92    3.470859    8.898740  (    5090   10448)
          93    3.475060    7.735352  (     350   10063)
          94    3.476147    8.572552  (     608   17958)
          95    3.476417    7.674562  (     350   10030)
          96    3.478539    9.972983  (    6381   10036)
          97    3.479392    7.393407  (       1   10011)
          98    3.480133    8.210406  (    3554   10443)
          99    3.484971    8.711753  (    3554   10013)
         100    3.485007    7.856691  (       1   10035)
