Model_ID, [(c_i,i=0,n)_j,j=1,ntask]
           1    0.3452393092E+02    0.3470077366E+02
           2    0.1866999325E+02    0.1987749039E+02
           3    0.3344566430E+02   -0.3358766238E+02
           4    0.3014447139E+02   -0.2937380570E+02
           5    0.2038645152E+02    0.1831655508E+02
           6    0.3313360438E+02    0.3272375127E+02
           7    0.3083064216E+02   -0.2857443948E+02
           8    0.3077383863E+02   -0.2852095277E+02
           9    0.3338951208E+02    0.3349136517E+02
          10    0.3117740444E+02    0.3363031283E+02
          11    0.3329137689E+02   -0.3337717510E+02
          12    0.1889886005E+02    0.1991998711E+02
          13    0.3290143732E+02   -0.3230364845E+02
          14    0.1834562377E+02   -0.1956761841E+02
          15    0.2350514169E+02   -0.1287625889E+02
          16    0.3052000596E+02   -0.2845654245E+02
          17    0.3318242748E+02    0.3324455562E+02
          18    0.3316964301E+02    0.3304780397E+02
          19    0.2523713132E+02   -0.1348189687E+02
          20    0.2718201092E+02    0.3141108531E+02
          21    0.3333824045E+02    0.3358353369E+02
          22    0.1884309937E+02   -0.1934277943E+02
          23    0.3312882458E+02   -0.3315227089E+02
          24    0.2072055604E+02    0.1797941350E+02
          25    0.1834326968E+02    0.1934739864E+02
          26    0.3098452213E+02    0.3030289804E+02
          27    0.2965014723E+02   -0.2877576605E+02
          28    0.2289531813E+02   -0.2136845113E+02
          29    0.1882073449E+02   -0.1817549086E+02
          30    0.2522894572E+02   -0.1368750565E+02
          31    0.1990202741E+02   -0.1767711563E+02
          32    0.5213344346E+01   -0.2523693870E+02
          33    0.2085067486E+02    0.1796927738E+02
          34    0.3241171867E+02   -0.2943481849E+02
          35    0.3136124848E+02   -0.1684826550E+02
          36    0.2965236216E+02    0.2792168518E+02
          37    0.2033940782E+02   -0.1259497818E+02
          38    0.4285655605E+01   -0.2012878027E+02
          39    0.1997888659E+02    0.2358757274E+02
          40    0.2382669781E+02   -0.1376517731E+02
          41    0.3140777960E+02   -0.3007091534E+02
          42    0.2257102540E+02   -0.1572421432E+02
          43    0.3003981884E+02   -0.2790561562E+02
          44    0.3089049018E+02    0.2904065595E+02
          45    0.2790623697E+02   -0.2624724228E+02
          46    0.2100770887E+02   -0.2003266988E+02
          47    0.1833166102E+02   -0.1909669718E+02
          48    0.2062307030E+02   -0.1970471605E+02
          49    0.2974846863E+02   -0.2803472512E+02
          50    0.2338894923E+02   -0.2100980788E+02
          51    0.1849858217E+02    0.1709203851E+02
          52    0.2276185442E+02   -0.2117236328E+02
          53    0.3128245024E+02   -0.2903389020E+02
          54    0.3397963804E+02    0.3379292269E+02
          55    0.1885155876E+02   -0.1789480171E+02
          56    0.2068273690E+02    0.1656748361E+02
          57    0.1860830303E+02   -0.1957016855E+02
          58    0.2330911100E+02    0.2093929830E+02
          59    0.3114028532E+02    0.2820858260E+02
          60    0.1898604965E+02    0.2022641019E+02
          61    0.2097071155E+02    0.1995291703E+02
          62    0.2280497373E+02    0.2118209320E+02
          63    0.2335450326E+02   -0.2290113036E+02
          64    0.3277098477E+02   -0.2992447487E+02
          65    0.3289961112E+02   -0.3004230768E+02
          66    0.2834102159E+02    0.2552599439E+02
          67    0.3142590972E+02   -0.2999624083E+02
          68    0.3076789673E+02   -0.2842190385E+02
          69    0.1614037009E+02   -0.1442785692E+02
          70    0.2494155785E+02    0.2777212280E+02
          71    0.3008450760E+02   -0.2921421579E+02
          72    0.2784208613E+02   -0.1037794432E+02
          73    0.3038928950E+02   -0.1554974983E+02
          74    0.2324036983E+02    0.2277840780E+02
          75    0.3119981677E+02   -0.2978904851E+02
          76    0.1739989404E+02   -0.1674142246E+02
          77    0.3016106887E+02   -0.1567327453E+02
          78    0.2334511667E+02   -0.2190595382E+02
          79    0.3065424302E+02   -0.1559025325E+02
          80    0.3041098012E+02    0.2962992110E+02
          81    0.3217972739E+02   -0.1593080318E+02
          82    0.2955671545E+02   -0.3558958102E+02
          83    0.3013399851E+02   -0.2921211839E+02
          84    0.2319919926E+02   -0.2272785627E+02
          85    0.1717334867E+02    0.1654934951E+02
          86    0.2449765684E+02   -0.1327109644E+02
          87    0.2937193933E+02   -0.2839099601E+02
          88    0.3006653895E+02   -0.3139118623E+02
          89    0.1782842230E+02   -0.1893741717E+02
          90    0.2987833012E+02    0.3107064189E+02
          91    0.3340581347E+02    0.3268592283E+02
          92    0.1879852292E+02    0.1704378435E+02
          93    0.3080035836E+02   -0.2843360406E+02
          94    0.3179200414E+02   -0.3046046059E+02
          95    0.1791713021E+02   -0.1979029957E+02
          96    0.2763054684E+02   -0.2798143879E+02
          97    0.2295083341E+02   -0.1908714457E+02
          98    0.2025801117E+02    0.1609030683E+02
          99    0.1715243998E+02   -0.1651935350E+02
         100    0.3064293944E+02    0.2863815852E+02
