Model_ID, [(c_i,i=0,n)_j,j=1,ntask]
           1    0.3182464826E+02   -0.1103381191E+02    0.5935121996E+02
           2    0.2769400924E+02    0.3118619590E+02   -0.5376012048E+02
           3    0.2830702356E+02    0.2768104523E+02    0.4422149591E+02
           4    0.2880969765E+02    0.3298468582E+02   -0.4885357471E+02
           5    0.3396104253E+02   -0.1213299816E+02    0.5210613765E+02
           6    0.2784329217E+02    0.3026942208E+02    0.4985716522E+02
           7    0.2878274282E+02    0.3078741482E+02    0.5459670049E+02
           8    0.2783892154E+02    0.3063383792E+02   -0.4954326206E+02
           9    0.2797866189E+02    0.3113092530E+02    0.4954848250E+02
          10    0.2791300402E+02   -0.3073104493E+02   -0.4897686290E+02
          11    0.2797499334E+02    0.3078091515E+02    0.4913098199E+02
          12    0.2769286786E+02    0.3039846599E+02    0.5051476109E+02
          13    0.3389006700E+02   -0.9011785089E+01    0.5231148349E+02
          14    0.3632708038E+02   -0.1292847296E+02    0.5116142718E+02
          15    0.2774962665E+02    0.3051556951E+02   -0.4950131918E+02
          16    0.2797422990E+02    0.3117118772E+02    0.4953368996E+02
          17    0.2791754521E+02    0.3053176506E+02    0.4880824136E+02
          18    0.2757572479E+02   -0.3028130946E+02   -0.5004481620E+02
          19    0.3267784886E+02   -0.1175912383E+02    0.5587752440E+02
          20    0.2814234654E+02    0.3115732663E+02    0.4861931179E+02
          21    0.2848043091E+02    0.2838643231E+02    0.4308353243E+02
          22    0.2847611512E+02    0.2842387519E+02    0.4314940152E+02
          23    0.2764503477E+02    0.3037103123E+02   -0.4949296295E+02
          24    0.2758995652E+02    0.3010743995E+02   -0.4970668799E+02
          25    0.2842261081E+02    0.3100207527E+02   -0.5094136925E+02
          26    0.2780640350E+02    0.3075185618E+02   -0.4951146159E+02
          27    0.3371661200E+02   -0.1124275755E+02    0.3887385635E+02
          28    0.2793168424E+02    0.3059579870E+02    0.5422749629E+02
          29    0.2927104059E+02    0.2905078253E+02    0.4584795231E+02
          30    0.2820976682E+02    0.3097747481E+02    0.5263192838E+02
          31    0.2848303029E+02    0.2811049366E+02    0.4258226952E+02
          32    0.2884344951E+02    0.3187030087E+02    0.4714738277E+02
          33    0.2857557304E+02    0.3184640258E+02    0.5196384905E+02
          34    0.2842838350E+02    0.2791855805E+02    0.4244813723E+02
          35    0.3039417522E+02    0.2960411922E+02   -0.8503610854E+02
          36    0.2814502610E+02    0.3070741006E+02    0.5227475771E+02
          37    0.2804318286E+02   -0.2758079883E+02   -0.4429125144E+02
          38    0.2925660251E+02    0.2899332436E+02    0.4081238280E+02
          39    0.2795893852E+02    0.2747622227E+02   -0.4485300725E+02
          40    0.2854643048E+02    0.3111589816E+02   -0.4493838552E+02
          41    0.2839787169E+02    0.3139147203E+02    0.5194612334E+02
          42    0.3045354437E+02    0.3167022869E+02    0.4086991168E+02
          43    0.2864724208E+02    0.2842036777E+02    0.4193783548E+02
          44    0.2899358588E+02    0.2840500252E+02   -0.3905398003E+02
          45    0.2787623988E+02   -0.2737777166E+02   -0.4483661469E+02
          46    0.2865954731E+02    0.3138570433E+02    0.4620944322E+02
          47    0.3363262109E+02   -0.1133249811E+02    0.3776949243E+02
          48    0.2776545293E+02    0.2710032725E+02   -0.4499796123E+02
          49    0.2831378031E+02    0.3151157361E+02    0.5222244292E+02
          50    0.2778105330E+02    0.2726021361E+02   -0.4485072478E+02
          51    0.2770147178E+02   -0.2716215010E+02   -0.4539764904E+02
          52    0.3378343202E+02   -0.8785351453E+01    0.6288267392E+02
          53    0.2826071118E+02    0.2781243989E+02    0.4332778634E+02
          54    0.2827568239E+02    0.3076394382E+02    0.4648364877E+02
          55    0.2821561875E+02    0.3076174862E+02   -0.5114135238E+02
          56    0.2758366210E+02    0.2974650511E+02   -0.4860316731E+02
          57    0.1845239424E+02   -0.1721784057E+02   -0.4924086022E+02
          58    0.2867600958E+02    0.3070493694E+02    0.4905319914E+02
          59    0.2656562778E+02    0.2455654816E+02   -0.5033122842E+02
          60    0.3177855092E+02   -0.1081013896E+02    0.5091679294E+02
          61    0.3240272137E+02   -0.1077539663E+02    0.4423148965E+02
          62    0.2790139755E+02    0.2752736637E+02   -0.4487472683E+02
          63    0.2873283665E+02    0.3130342641E+02    0.1373411623E+03
          64    0.2837643109E+02    0.3080821080E+02    0.5092380402E+02
          65    0.2842474069E+02    0.3158788590E+02    0.5133705612E+02
          66    0.2846511229E+02    0.3046454196E+02    0.5506379645E+02
          67    0.2895410449E+02    0.3164667750E+02    0.4918220695E+02
          68    0.2925473062E+02    0.2863323436E+02    0.3722841607E+02
          69    0.3723345386E+02   -0.1343814232E+02    0.4056434575E+02
          70    0.2845252858E+02    0.3086778068E+02    0.5014406340E+02
          71    0.2860645012E+02    0.2789068510E+02    0.4032109827E+02
          72    0.3685140858E+02   -0.1341412519E+02    0.4075691756E+02
          73    0.2925320370E+02    0.2837860382E+02   -0.8884186138E+02
          74    0.2843679486E+02    0.3089489602E+02    0.5022136877E+02
          75    0.3426945308E+02   -0.1247472230E+02    0.5086764798E+02
          76    0.2803787786E+02   -0.2989954168E+02   -0.5233002273E+02
          77    0.2882349631E+02    0.3136687228E+02    0.4287057182E+02
          78    0.2834905659E+02    0.3089625073E+02    0.4588866576E+02
          79    0.2853584123E+02    0.3187368404E+02    0.5063476870E+02
          80    0.2813186830E+02    0.2958165218E+02    0.2841432853E+02
          81    0.2871976185E+02    0.3046069923E+02    0.5234309599E+02
          82    0.2778332225E+02    0.2684548177E+02   -0.4399403695E+02
          83    0.2133440802E+02   -0.1140540250E+02    0.4861289106E+02
          84    0.2809110269E+02    0.3042927022E+02    0.4622958542E+02
          85    0.3031143027E+02   -0.1673671058E+02    0.5650305013E+02
          86    0.2748082232E+02    0.2753308794E+02   -0.4725580601E+02
          87    0.2808072981E+02    0.3062901491E+02   -0.3592393587E+02
          88    0.2796822967E+02    0.3092127133E+02    0.5211167426E+02
          89    0.2833260080E+02    0.2763194883E+02   -0.4619075996E+02
          90    0.2878802222E+02    0.2814607479E+02    0.3995240433E+02
          91    0.2865162011E+02    0.3130798219E+02    0.5511678743E+02
          92    0.3368850394E+02   -0.8861673208E+01   -0.5220281258E+02
          93    0.2883184086E+02    0.3155108206E+02    0.4490157126E+02
          94    0.2950766277E+02    0.2847258015E+02   -0.8329749454E+02
          95    0.2868448310E+02    0.3208895722E+02    0.4576608326E+02
          96    0.3187189273E+02   -0.1093794375E+02    0.6233686855E+02
          97    0.3030022352E+02    0.3017130837E+02    0.3296451762E+02
          98    0.2851351096E+02    0.3092148966E+02    0.5924279757E+02
          99    0.2830125717E+02    0.3089717064E+02    0.5141799785E+02
         100    0.2913764647E+02    0.2863073097E+02    0.3928724465E+02
