Model_ID, [(c_i,i=0,n)_j,j=1,ntask]
           1    0.4020474544E+01    0.5572433748E+02
           2    0.4485028416E+01    0.5418022530E+02
           3    0.4393312538E+01    0.3417646907E+02
           4    0.4445628222E+01    0.5429187176E+02
           5    0.5996743383E+01    0.1910942292E+02
           6    0.4675164133E+01    0.5344974701E+02
           7    0.4363424846E+01    0.5355839073E+02
           8    0.4297387117E+01    0.4897388586E+02
           9    0.4273650346E+01    0.5475338962E+02
          10    0.4445461087E+01    0.5415439038E+02
          11    0.4465112746E+01    0.4931691151E+02
          12    0.4739161381E+01    0.4921353621E+02
          13    0.3382289134E+01    0.1422302822E+02
          14    0.5270722373E+01    0.4435826984E+02
          15    0.5551001133E+01    0.5103011955E+02
          16    0.4688319863E+01    0.5401673580E+02
          17    0.4858645729E+01    0.5244111272E+02
          18    0.4743364567E+01    0.4940680293E+02
          19    0.2958542006E+01   -0.1414206594E+02
          20    0.4881998434E+01    0.4901405955E+02
          21    0.4677946581E+01    0.4948872861E+02
          22    0.4858176809E+01    0.4905480572E+02
          23    0.2448334444E+01    0.2729271757E+02
          24    0.4611437227E+01    0.4962240794E+02
          25    0.5843826347E+01    0.2958023634E+02
          26    0.1545455309E+02   -0.1581704295E+02
          27    0.5584854994E+01   -0.1948604285E+02
          28    0.4763027022E+01    0.3414167171E+02
          29    0.4843984251E+01    0.4903743974E+02
          30    0.5051611106E+01    0.4852859641E+02
          31    0.4390371456E+01    0.5002816571E+02
          32    0.4955013229E+01    0.5224523608E+02
          33    0.4982463721E+01    0.4864039740E+02
          34    0.4814415081E+01    0.1907228549E+02
          35    0.5068019622E+01    0.4781954934E+02
          36    0.4224492208E+01    0.4715912405E+02
          37    0.6017415162E+01   -0.2198595255E+02
          38    0.5165346364E+01    0.4809447716E+02
          39    0.5156876458E+01   -0.2690281030E+02
          40    0.6643944861E+01    0.2231491613E+02
          41    0.6628713575E+01   -0.2319988684E+02
          42    0.2403391105E+01    0.2970505085E+02
          43    0.5047170166E+01    0.1987912606E+03
          44    0.5547932406E+01   -0.1963015260E+02
          45    0.2055341428E+01    0.3016420816E+02
          46    0.5084880689E+01    0.2716009821E+02
          47    0.2027865931E+01    0.3018727719E+02
          48    0.5426783572E+01    0.4737566092E+02
          49    0.5020069056E+01    0.1935189450E+02
          50    0.3677569857E+01   -0.1418830934E+02
          51    0.5397506301E+01    0.2662612247E+02
          52    0.2637939141E+01   -0.7879351869E+01
          53    0.5706180857E+01   -0.1966662803E+02
          54    0.3184423541E+01    0.1839522027E+02
          55    0.4574601417E+01   -0.2813569400E+02
          56    0.7470434614E+01   -0.1305058477E+02
          57    0.2875320112E+01    0.2898080069E+02
          58    0.5279324109E+01   -0.2682231519E+02
          59    0.5021086663E+01    0.4862470536E+02
          60    0.4630550782E+01   -0.1919798476E+02
          61    0.1367314077E+02   -0.2198660603E+02
          62    0.5969792943E+01   -0.1024594335E+02
          63    0.1520499323E+02    0.1421324511E+02
          64    0.6359509630E+01   -0.2042691857E+02
          65    0.6404022971E+01   -0.2214835864E+02
          66    0.1492040733E+02    0.1507554954E+02
          67    0.5530481613E+01   -0.2785517779E+02
          68    0.5779824999E+01    0.2613601537E+02
          69    0.5285822750E+01    0.8505978307E+02
          70    0.2160645711E+01    0.7865364454E+01
          71    0.6580442896E+01   -0.2189090117E+02
          72    0.4971932604E+01    0.1950400015E+02
          73    0.5242612371E+01    0.2707183135E+02
          74    0.2086451340E+01    0.2997400601E+02
          75    0.5514809475E+01    0.6996228324E+01
          76    0.5912386765E+01    0.3044813667E+02
          77    0.3123066366E+01   -0.4239862724E+02
          78    0.6560659412E+01    0.4219195215E+02
          79    0.6246623717E+01    0.2233507465E+02
          80    0.4391575713E+01    0.1121350603E+03
          81    0.5248221149E+01   -0.9487700469E+01
          82    0.5312047251E+01    0.4800897622E+02
          83    0.5196457233E+01    0.1925107209E+02
          84    0.5916770358E+01    0.2270983602E+02
          85    0.4455376901E+01    0.1118008324E+03
          86    0.6656142420E+01   -0.2178709988E+02
          87    0.5457341271E+01    0.3426589500E+02
          88    0.4613992982E+01    0.2648679210E+02
          89    0.5611661948E+01   -0.2627323820E+02
          90    0.5763291662E+01   -0.2980929167E+02
          91    0.5889222396E+01    0.2086414370E+02
          92    0.1666637649E+01    0.3044493749E+02
          93    0.5755913400E+01    0.8926040362E+01
          94    0.5738967586E+01   -0.2927963827E+02
          95    0.4406032622E+01    0.5332969695E+02
          96    0.4573905917E+01    0.1110585047E+03
          97    0.4353398496E+01    0.4754817957E+02
          98    0.2965364760E+01    0.1374259651E+02
          99    0.2879844939E+01    0.2886341611E+02
         100    0.5121413064E+01    0.2255481152E+02
