        Rank        RMSE       MaxAE  Feature_ID
           1   37.702884   95.032253  (       1)
           2   38.152165   89.789073  (       2)
           3   38.800776   91.324790  (       3)
           4   39.302957   71.714743  (       4)
           5   39.423942   73.809341  (       5)
           6   39.873931   91.732518  (       6)
           7   39.885071   71.711871  (       7)
           8   40.029541   94.674203  (       8)
           9   40.087560   85.783067  (       9)
          10   40.104938   92.357206  (      10)
          11   40.113633   99.885415  (      11)
          12   40.265508   76.532978  (      12)
          13   40.271340   78.488597  (      13)
          14   40.330778   99.436266  (      14)
          15   40.339574   87.030702  (      15)
          16   40.445231   88.662649  (      16)
          17   40.458218   90.594835  (      17)
          18   40.490221   81.567085  (      18)
          19   40.492544   89.704678  (      19)
          20   40.636289   84.087904  (      20)
          21   40.669084   80.676574  (      21)
          22   40.681492   91.576500  (      22)
          23   40.793350   80.929840  (      23)
          24   40.828365   96.132044  (      24)
          25   40.923630   81.764114  (      25)
          26   40.968284   89.136254  (      26)
          27   40.997160   73.121702  (      27)
          28   41.037140   98.956072  (      28)
          29   41.037792   89.409965  (      29)
          30   41.039617   88.236939  (      30)
          31   41.157885   81.431386  (      31)
          32   41.233778   86.621849  (      32)
          33   41.331395  109.099682  (      33)
          34   41.402227   97.640729  (      34)
          35   41.404064   94.095101  (      35)
          36   41.408307   90.761074  (      36)
          37   41.424697   86.854075  (      37)
          38   41.516925   97.606324  (      38)
          39   41.565849   93.718429  (      39)
          40   41.579943  109.262189  (      40)
          41   41.641337   82.311622  (      41)
          42   41.658354  104.283998  (      42)
          43   41.689155   88.202617  (      43)
          44   41.753378  105.777756  (      44)
          45   41.754076   86.272962  (      45)
          46   41.764280   87.192393  (      46)
          47   41.773214   97.034913  (      47)
          48   41.786809  106.240413  (      48)
          49   41.811484   74.384014  (      49)
          50   41.818072   89.213497  (      50)
          51   41.862412   93.437088  (      51)
          52   41.878913  108.015110  (      52)
          53   41.892449   87.528813  (      53)
          54   41.892741   92.436645  (      54)
          55   41.910382   92.349236  (      55)
          56   41.917915   91.588800  (      56)
          57   41.925319   90.306987  (      57)
          58   41.942362   82.488607  (      58)
          59   41.947911  109.344113  (      59)
          60   41.950397   88.821325  (      60)
          61   41.960703  103.053833  (      61)
          62   41.976108   87.416954  (      62)
          63   41.991808   90.793252  (      63)
          64   42.003898   80.605784  (      64)
          65   42.011928   90.337509  (      65)
          66   42.041144   88.723930  (      66)
          67   42.106155   80.239989  (      67)
          68   42.108982   96.934514  (      68)
          69   42.122604   90.154954  (      69)
          70   42.138476  101.940190  (      70)
          71   42.181405   90.433439  (      71)
          72   42.188356   78.396555  (      72)
          73   42.287183  110.618379  (      73)
          74   42.289903  112.050047  (      74)
          75   42.293897   82.136249  (      75)
          76   42.307537  109.619455  (      76)
          77   42.312872   91.324839  (      77)
          78   42.363579   85.695365  (      78)
          79   42.378913   81.591129  (      79)
          80   42.382084  101.688759  (      80)
          81   42.394201   81.281211  (      81)
          82   42.409460   90.727249  (      82)
          83   42.409830   85.367407  (      83)
          84   42.410649   88.605566  (      84)
          85   42.432020   86.604148  (      85)
          86   42.438090   96.992790  (      86)
          87   42.439282   87.192847  (      87)
          88   42.463158   92.022960  (      88)
          89   42.469596   84.760564  (      89)
          90   42.474963   80.076261  (      90)
          91   42.492754   96.811866  (      91)
          92   42.514439   95.043031  (      92)
          93   42.515466   85.867477  (      93)
          94   42.571876  107.882011  (      94)
          95   42.580119  107.620743  (      95)
          96   42.586547   89.586964  (      96)
          97   42.612894   96.717260  (      97)
          98   42.616665   98.455440  (      98)
          99   42.621818   91.879244  (      99)
         100   42.624693  104.089124  (     100)
