     Index              y_true              y_pred        descriptor_1        descriptor_2
         1    0.1850000000E+02    0.2014677909E+02    0.0000000000E+00    0.0000000000E+00
         2    0.8872000000E+02    0.6814753704E+02    0.7496197200E+00   -0.1324436038E-01
         3    0.2045000000E+02    0.2013663520E+02    0.0000000000E+00   -0.3982637000E-04
         4    0.2067000000E+02    0.2725593218E+02    0.1087204900E+00   -0.1342164096E-02
         5    0.2078000000E+02    0.1232749293E+02   -0.4377124000E-01   -0.1892198315E-01
         6    0.5301000000E+02    0.4871403996E+02    0.3804549600E+00    0.9789103170E-02
         7    0.4537000000E+02    0.4003431976E+02   -0.3131355000E-01    0.8650692000E-01
         8    0.6056000000E+02    0.6367719170E+02    0.6474136500E+00   -0.3294715320E-02
         9    0.3615000000E+02    0.2895145741E+02    0.3727927800E+00   -0.6573991219E-01
        10    0.5090000000E+02    0.5843720903E+02    0.5992817600E+00   -0.1091665614E-01
        11    0.4216000000E+02    0.4026066161E+02    0.2942333500E+00   -0.2001838860E-03
        12    0.1464000000E+02    0.4408124547E+02    0.3460302900E+00    0.8628316400E-03
        13    0.2796000000E+02    0.2545780083E+02    0.8012031000E-01   -0.7063573440E-03
        14    0.3187000000E+02    0.2589058515E+02    0.9000747000E-01   -0.1667548782E-02
        15    0.3120000000E+02    0.2581309090E+02    0.8716665000E-01   -0.1207415336E-02
        16    0.1790000000E+02    0.2794192869E+02    0.1741287600E+00   -0.1624841856E-01
        17    0.3007000000E+02    0.3821223234E+02    0.2089947300E+00    0.1469277062E-01
        18    0.2681000000E+02    0.2312183620E+02    0.4692149000E-01   -0.9447922160E-03
        19    0.2622000000E+02    0.3472646845E+02    0.2343133500E+00   -0.5805379272E-02
        20    0.3682000000E+02    0.4902381445E+02    0.6983758800E+00   -0.7453849002E-01
        21    0.5646000000E+02    0.5998338627E+02    0.7755219000E+00   -0.5226753977E-01
        22    0.7520000000E+02    0.6450032273E+02    0.8144398200E+00   -0.4500515380E-01
        23    0.7737000000E+02    0.8229591677E+02    0.9068419000E+00    0.0000000000E+00
        24    0.6383000000E+02    0.6150668917E+02    0.6521856600E+00   -0.1310043283E-01
        25    0.5774000000E+02    0.5511471335E+02    0.5178630200E+00   -0.2053691883E-02
        26    0.4307000000E+02    0.4799938006E+02    0.6504486000E+00   -0.6566464622E-01
        27    0.2720000000E+02    0.2300313720E+02    0.3310464000E-01    0.2306914610E-02
        28    0.6276000000E+02    0.5161212783E+02    0.5424447600E+00   -0.2241961166E-01
        29    0.5060000000E+01    0.1294188308E+02    0.3239460000E+00   -0.1154524379E+00
        30    0.5015000000E+02    0.3883650608E+02    0.2695025900E+00    0.8627499650E-03
        31    0.2680000000E+02    0.2885697408E+02   -0.1909153800E+00    0.8556755875E-01
        32    0.6660000000E+02    0.7411255317E+02    0.5269225000E+00    0.7009686000E-01
        33    0.5100000000E+02    0.4538677665E+02    0.4236096000E+00   -0.1488593546E-01
        34    0.7420000000E+02    0.6028083597E+02    0.5852278300E+00    0.1032119480E-03
        35    0.6511000000E+02    0.7063224861E+02    0.3715835600E+00    0.9823014540E-01
        36    0.6029000000E+02    0.6417829061E+02    0.6451495600E+00   -0.7181254080E-03
