Materials	feature1	feature2	feature3	feature4	feature5	feature6	feature7	feature8	feature9	feature10	feature11	feature12	feature13	feature14	feature15	feature16	feature17	feature18	feature19	feature20	feature21	feature22	feature23	feature24
sample1_group1	0.0000	0.0000	0.0000	0.0000	0.0000	0.0000	0.0000	0.0000	0.0000	0.0000	0.0000	0.0000	0.0000	0.1902	1.0000	0.0000	0.0000	0.0978	0.0000	0.4246	0.9735	0.6406	0.9814	1.0000
sample2_group1	0.0000	0.0000	0.0000	0.0000	0.0000	0.0000	0.0000	0.0000	0.0000	0.0000	0.0000	0.0000	0.0000	0.7669	1.0000	0.0000	0.7326	0.3203	0.0000	0.6291	0.2032	0.4114	0.4126	0.4762
sample3_group1	0.0000	0.0000	0.0000	0.0000	1.0000	0.0000	0.0000	0.0000	0.0000	0.0000	0.0000	0.0000	0.0000	0.4540	0.9997	0.0046	0.3372	1.0000	0.0000	0.5995	0.9333	0.7459	0.9937	0.9999
sample4_group1	0.0000	0.0000	0.0000	0.0000	0.0000	1.0000	0.0000	0.0000	0.0000	0.0000	0.0000	0.0000	0.0000	0.7178	0.9998	0.0022	0.4535	0.3480	0.0000	0.5101	0.6727	0.6144	0.9227	0.5369
sample5_group1	0.0000	0.0000	0.0000	0.0000	0.0000	0.0000	0.0000	0.0000	0.0000	0.0000	0.0000	0.0000	0.0000	0.0000	0.9996	0.3947	0.0000	0.0487	0.1777	0.0000	1.0000	0.8947	1.0000	0.2284
sample6_group1	0.0000	0.0000	0.0000	0.0000	0.0000	0.0000	0.0000	0.0000	0.0000	0.0000	0.0000	0.0000	0.0000	0.5276	0.9991	0.2167	0.7326	0.2156	0.3807	0.4437	0.1865	0.6455	0.5017	0.2820
sample7_group1	0.0000	0.0000	0.0000	0.0000	0.0000	0.0000	0.0000	0.0000	0.0000	0.0000	0.0000	0.0000	0.0000	0.3681	0.9955	0.9796	0.0000	0.1460	0.1777	0.5647	0.9397	0.3669	0.9697	0.5620
sample8_group1	0.0000	0.0000	0.0000	0.0000	0.0000	0.0000	0.0000	0.0000	0.0000	0.0000	0.0000	0.0000	0.0000	0.3436	0.9998	1.0000	0.7326	0.1530	0.2030	0.4960	0.7307	0.5144	0.7727	0.5742
sample9_group1	0.0000	0.0000	0.0000	0.0000	0.0000	0.0000	0.0000	0.0000	0.0000	0.0000	0.0000	0.0000	0.0000	0.3436	0.9997	0.3357	0.7326	0.2017	0.3807	0.4932	0.1086	0.9565	0.1565	0.4244
sample10_group1	0.0000	1.0000	0.0000	0.0000	0.0000	0.0000	0.0000	0.0000	0.0000	0.0000	0.0000	0.0000	0.0000	0.5153	0.9996	0.2697	1.0000	0.2017	0.2208	0.6113	0.5706	0.4363	0.7420	0.3801
sample11_group1	0.0000	0.0000	1.0000	0.0000	0.0000	0.0000	0.0000	0.0000	0.0000	0.0000	0.0000	0.0000	0.0000	0.5767	0.9985	0.2549	0.6395	0.4214	0.3934	0.5397	0.8214	0.5629	0.9003	0.5005
sample12_group1	0.0000	0.0000	0.0000	0.3333	0.0000	0.0000	0.0000	0.0000	0.0000	0.0000	0.0000	0.0000	0.0000	0.2515	0.9995	0.2325	0.3605	0.1683	0.2589	0.4013	0.8709	0.7406	0.9228	0.6486
sample13_group1	0.0000	0.0000	0.0000	0.6667	0.0000	0.0000	0.0000	0.0000	0.0000	0.0000	0.0000	0.0000	0.0000	0.2945	0.9997	0.2190	0.3605	0.2392	0.2995	0.4001	0.8746	0.7574	0.9203	0.4424
sample14_group1	0.0000	0.0000	0.0000	0.0000	0.0000	0.0000	0.2500	0.0000	0.0000	0.0000	0.0000	0.0000	0.0000	0.3988	0.9996	0.4680	0.3605	0.2170	0.4365	0.5273	0.8364	0.5247	0.9132	0.3630
sample15_group1	0.0000	0.0000	0.0000	0.0000	0.0000	0.0000	0.5000	0.0000	0.0000	0.0000	0.0000	0.0000	0.0000	0.5951	0.9995	0.4911	0.3605	0.3380	0.5051	0.6688	0.8462	0.5420	0.9123	0.2019
sample16_group1	0.0000	0.0000	0.0000	0.0000	0.0000	0.0000	0.7500	0.0000	0.0000	0.0000	0.0000	0.0000	0.0000	0.7914	0.9996	0.2705	0.3605	0.4576	0.4365	0.7754	0.8405	0.4882	0.9132	0.1923
sample17_group1	0.0000	0.0000	0.0000	0.0000	0.0000	0.0000	0.0000	0.0000	1.0000	0.0000	0.0000	0.0000	0.0000	0.2515	0.9996	0.2178	0.4070	0.1599	0.2284	0.4651	0.8900	0.7090	0.8976	0.6407
sample18_group1	0.0000	0.0000	0.0000	0.0000	0.0000	0.0000	0.0000	0.0000	0.0000	1.0000	0.0000	0.0000	0.0000	0.3436	0.9997	0.2146	0.6395	0.1460	0.1777	0.4244	0.8459	0.6757	0.9243	0.5900
sample19_group1	0.0000	0.0000	0.0000	0.0000	0.0000	0.0000	0.0000	0.0000	0.0000	0.0000	0.0000	0.0000	0.0000	0.7853	0.9998	0.0180	0.7326	0.3129	0.0254	0.7166	0.1672	0.0689	0.3883	0.4913
sample20_group1	1.0000	0.0000	0.0000	0.0000	0.0000	0.0000	0.0000	0.0000	0.0000	0.0000	0.0000	0.0000	0.0000	0.7730	0.9998	0.1450	0.7326	0.3825	0.2284	0.6547	0.1261	0.3510	0.3502	0.4803
sample21_group1	0.0000	0.0000	0.0000	0.0000	0.0000	0.0000	0.0000	0.0000	0.0000	0.0000	0.0000	0.0000	0.0000	0.7730	0.9996	0.2464	0.7326	0.3686	0.1777	0.6521	0.0000	0.3665	0.4599	0.7536
sample22_group1	0.0000	0.0000	0.0000	0.0000	0.0000	0.0000	0.0000	0.0000	0.0000	0.0000	0.0000	0.0000	0.0000	0.6012	0.9995	0.1566	1.0000	0.2684	0.1904	0.5359	0.2734	0.0431	0.0000	0.2592
sample23_group1	0.0000	0.0000	0.3333	0.0000	0.0000	0.0000	0.0000	0.0000	0.0000	0.0000	0.0000	0.0000	0.0000	0.7546	0.9997	0.2027	0.7326	0.3727	0.1904	0.6098	0.5685	0.4633	0.6494	0.5640
sample24_group1	0.0000	0.0000	1.0000	0.0000	0.0000	0.0000	0.0000	0.0000	0.0000	0.0000	0.0000	0.0000	0.0000	0.6994	0.9993	0.1339	0.7326	0.4771	0.1904	0.5928	0.9199	0.6730	0.9736	0.6671
sample25_group1	0.0000	0.0000	0.0000	0.0000	0.0000	0.5000	0.0000	0.0000	0.0000	0.0000	0.0000	0.0000	0.0000	0.7423	0.9997	0.0227	0.7326	0.3338	0.0279	0.5729	0.3572	0.2590	0.6866	0.7343
sample26_group1	0.0000	0.0000	0.0000	0.0000	0.2500	0.0000	0.0000	0.0000	0.0000	0.0000	0.0000	0.0000	0.0000	0.2699	0.9994	0.5163	0.3372	0.3241	0.8223	0.4609	0.9049	0.6886	0.9512	0.4305
sample27_group1	0.0000	0.0000	0.6667	0.0000	0.0000	0.0000	0.0000	0.0000	0.0000	0.0000	0.0000	0.0000	0.0000	0.7301	0.9961	0.0945	0.7326	0.4242	0.2208	0.6018	0.8255	0.5069	0.8947	0.6862
sample28_group1	0.0000	0.0000	0.0000	0.0000	0.0000	0.0000	0.0000	0.0000	0.0000	0.0000	0.0000	0.0000	0.0000	0.3558	0.9996	0.3589	0.7326	0.1530	0.4112	0.3502	0.4429	1.0000	0.1818	0.0000
sample29_group1	0.0000	0.0000	0.0000	0.0000	0.0000	0.0000	0.0000	0.0000	0.0000	0.0000	0.0000	1.0000	0.0000	0.5460	0.9995	0.2721	0.0000	0.2935	0.5025	0.9447	0.8906	0.0000	0.9514	0.4783
sample30_group1	0.0000	0.0000	0.0000	0.0000	0.0000	0.0000	0.0000	0.0000	0.0000	0.0000	0.0000	0.0000	0.0000	0.6258	0.9997	0.2540	0.7326	0.3129	0.3122	0.5830	0.1543	0.1168	0.0141	0.7114
sample31_group1	0.0000	0.0000	0.0000	0.0000	0.0000	0.0000	0.0000	0.0000	0.0000	0.0000	0.0000	0.0000	0.0000	0.4663	0.9998	0.2758	1.0000	0.2128	0.2284	0.4912	0.3214	0.1386	0.1691	0.3572
sample32_group1	0.0000	0.0000	0.3333	0.0000	0.0000	0.0000	0.0000	0.0000	0.0000	0.0000	0.0000	0.0000	0.0000	0.4663	0.9992	0.3252	0.7326	0.2615	0.3782	0.5167	0.4545	0.5953	0.6408	0.3650
sample33_group1	0.0000	0.0000	0.3333	0.0000	0.0000	0.0000	0.0000	0.0000	0.0000	0.0000	0.0000	0.0000	0.0000	0.6012	0.9991	0.0913	0.7326	0.3171	0.3198	0.5643	0.4672	0.6979	0.6635	0.4341
sample34_group1	0.0000	0.5000	0.0000	0.0000	0.0000	0.0000	0.0000	0.0000	0.0000	0.0000	0.0000	0.0000	0.0000	0.3497	0.9995	0.2256	1.0000	0.1530	0.1878	0.4702	0.6677	0.3505	0.7583	0.5488
sample35_group1	0.0000	0.0000	0.3333	0.0000	0.2500	0.0000	0.0000	0.0000	0.0000	0.0000	0.0000	0.0000	0.0000	0.6687	0.9997	0.3127	0.7326	0.5424	0.5838	0.6013	0.3983	0.5020	0.8195	0.4998
sample36_group1	0.0000	0.0000	0.3333	0.3333	0.0000	0.0000	0.0000	0.0000	0.0000	0.0000	0.0000	0.0000	0.0000	0.3681	0.9994	0.2932	0.6395	0.2768	0.3909	0.4443	0.7266	0.5642	0.8931	0.5732
sample1_group2	0.0000	0.0000	0.0000	0.0000	0.0000	0.0000	0.0000	0.0000	0.0000	0.0000	0.0000	0.0000	0.0000	0.8589	1.0000	0.0052	0.0000	0.2929	0.0000	0.9718	0.8926	0.0200	0.9523	0.2412
sample2_group2	0.0000	0.0000	0.0000	0.0000	0.0000	0.0000	1.0000	0.0000	0.0000	0.0000	0.0000	0.0000	0.0000	0.9877	0.9999	0.0104	0.3605	0.5769	0.0000	0.9132	0.8745	0.6101	0.9043	0.7074
sample3_group2	0.0000	0.0000	0.0000	0.0000	0.0000	0.0000	0.0000	0.0000	0.0000	0.0000	0.0000	0.0000	0.0000	0.0307	0.9995	0.3028	0.0000	0.0000	0.2056	0.1532	0.9788	0.7000	0.9900	0.1139
sample4_group2	0.0000	0.0000	0.0000	0.0000	0.0000	0.0000	0.0000	0.0000	0.0000	0.0000	0.0000	0.0000	0.0000	0.1350	0.9996	0.1932	0.0000	0.0487	0.1777	0.2950	0.9764	0.6846	0.9831	0.1338
sample5_group2	0.0000	0.0000	0.0000	0.0000	0.0000	0.0000	0.0000	0.0000	0.0000	0.0000	0.0000	0.0000	0.0000	0.0982	0.9931	0.6786	0.0000	0.0000	0.3553	0.1532	0.9788	0.7000	0.9900	0.1139
sample6_group2	0.0000	0.0000	0.0000	0.0000	0.0000	0.0000	0.0000	0.0000	0.0000	0.0000	0.0000	0.0000	0.0000	0.3497	0.9995	0.1671	0.0000	0.0974	0.4112	0.4327	0.9109	0.1134	0.9572	0.0290
sample7_group2	0.0000	0.0000	0.0000	0.0000	0.0000	0.0000	0.0000	0.0000	0.0000	0.0000	0.0000	0.0000	0.0000	0.3190	0.9995	0.5273	0.7326	0.1113	0.4396	0.2506	0.3584	0.4906	0.4370	0.0825
sample8_group2	0.0000	0.0000	0.0000	0.0000	0.0000	0.0000	0.0000	0.0000	0.0000	0.0000	0.0000	0.0000	0.0000	0.7853	0.9997	0.0209	0.7326	0.3067	0.0279	0.7955	0.4725	0.1093	0.4860	0.3847
sample9_group2	0.0000	0.0000	0.0000	0.0000	0.0000	0.0000	0.7500	0.0000	0.0000	0.0000	0.0000	0.0000	0.0000	0.8834	0.9995	0.1096	0.7326	0.5616	0.0571	0.8571	0.4058	0.8870	0.1316	0.2054
sample10_group2	0.0000	0.0000	0.0000	0.0000	0.0000	0.0000	0.0000	0.3333	0.0000	0.0000	0.0000	0.0000	0.0000	0.4233	0.9995	0.7987	0.3372	0.3727	1.0000	0.6096	0.8714	0.4584	0.9356	0.2339
sample11_group2	0.0000	0.0000	0.0000	1.0000	0.0000	0.0000	0.0000	0.0000	0.0000	0.0000	0.0000	0.0000	0.0000	0.4601	0.9997	0.0783	0.7326	0.3658	0.0558	0.4380	0.7657	0.7980	0.7853	0.6340
sample12_group2	0.0000	0.0000	0.0000	0.0000	0.0000	0.0000	0.0000	0.0000	0.0000	0.0000	0.0000	0.0000	0.0000	0.5337	0.9995	0.2662	0.0000	0.1947	0.2056	0.6992	0.9182	0.2244	0.9622	0.4001
sample13_group2	0.0000	0.0000	0.0000	0.0000	0.0000	0.0000	0.0000	0.0000	0.0000	0.0000	0.0000	0.0000	0.0000	0.6933	0.9997	0.1566	0.0000	0.2448	0.1777	0.8389	0.9061	0.1152	0.9537	0.2945
sample14_group2	0.0000	0.0000	0.0000	0.0000	0.0000	0.0000	0.0000	0.0000	0.0000	0.0000	0.0000	0.0000	0.0000	0.4785	0.9997	0.2819	0.7326	0.3060	0.4391	0.5535	0.4825	0.3251	0.3551	0.5316
sample15_group2	0.0000	0.5000	0.0000	0.0000	0.0000	0.0000	0.0000	0.0000	0.0000	0.0000	0.0000	0.0000	0.0000	0.2515	0.9996	0.2297	1.0000	0.1502	0.4772	0.5124	0.8499	0.6476	0.9096	0.5709
sample16_group2	0.0000	0.0000	0.0000	0.0000	0.0000	0.0000	0.0000	0.0000	0.0000	0.0000	1.0000	0.0000	0.0000	0.3436	0.9997	0.3341	0.9651	0.1989	0.3680	0.5263	0.5443	0.9266	0.5565	0.4178
sample17_group2	0.0000	0.0000	0.0000	0.0000	0.0000	0.0000	0.0000	1.0000	0.0000	0.0000	0.0000	0.0000	0.0000	1.0000	0.9997	0.2871	0.7326	0.9764	0.7970	1.0000	0.8071	0.3659	0.9158	0.2201
sample18_group2	0.0000	0.0000	0.0000	0.0000	0.0000	0.0000	0.0000	0.6667	0.0000	0.0000	0.0000	0.0000	0.0000	0.9264	0.9996	0.5168	0.7326	0.7580	0.9213	0.8674	0.5401	0.0724	0.6817	0.1277
sample19_group2	0.0000	0.0000	0.0000	0.0000	0.0000	0.0000	0.0000	0.3333	0.0000	0.0000	0.0000	0.0000	0.0000	0.8528	0.9997	0.5012	0.7326	0.5382	0.7995	0.7495	0.6046	0.3581	0.5170	0.2332
sample20_group2	0.0000	0.0000	0.0000	0.0000	0.0000	0.0000	0.0000	0.0000	0.0000	0.0000	0.0000	0.0000	0.0000	0.3988	0.9997	0.3915	1.0000	0.1634	0.2198	0.3429	0.4644	0.3582	0.3303	0.3980
sample21_group2	0.0000	0.0000	0.0000	0.0000	0.0000	0.0000	0.0000	0.0000	0.0000	0.0000	0.0000	0.0000	0.0000	0.5092	0.9996	0.3393	0.7326	0.2508	0.2066	0.6410	0.4264	0.9236	0.1526	0.6127
sample22_group2	0.0000	0.0000	0.0000	0.0000	0.0000	0.0000	0.0000	0.0000	0.0000	0.0000	0.0000	0.0000	0.0000	0.2761	0.9996	0.4333	0.7326	0.1533	0.4708	0.3519	0.4363	0.9817	0.1680	0.1164
sample23_group2	0.0000	0.5000	0.0000	0.0000	0.0000	0.0000	0.0000	0.0000	0.0000	0.0000	0.0000	0.0000	0.0000	0.2822	0.9995	0.3080	1.0000	0.1013	0.3010	0.3847	0.8427	0.6873	0.9013	0.0830
sample24_group2	0.0000	0.0000	0.0000	0.0000	0.0000	0.0000	0.0000	0.0000	0.0000	0.0000	0.0000	0.0000	0.0000	0.6503	0.9996	0.1462	0.7326	0.2573	0.0279	0.6624	0.4520	0.0826	0.4380	0.5270
sample25_group2	0.0000	0.0000	0.0000	0.0000	0.0000	0.0000	0.0000	0.0000	0.0000	0.0000	0.0000	0.0000	0.0000	0.5153	0.9996	0.2715	0.7326	0.2017	0.2208	0.6277	0.7065	0.1913	0.7660	0.3772
sample26_group2	0.0000	0.0000	0.0000	0.0000	0.0000	0.0000	0.0000	0.0000	0.0000	0.0000	0.0000	0.0000	0.0000	0.3374	0.9996	0.2245	1.0000	0.1567	0.1980	0.4283	0.6008	0.3844	0.4667	0.5603
sample27_group2	0.0000	0.0000	0.0000	0.0000	0.0000	0.0000	0.0000	0.0000	0.0000	0.0000	0.0000	0.0000	0.0000	0.3313	0.0000	0.3132	1.0000	0.1558	0.4645	0.4498	0.4333	0.9626	0.1540	0.4272
sample28_group2	0.0000	0.0000	0.0000	0.0000	0.0000	0.0000	0.0000	0.0000	0.0000	0.0000	0.0000	0.0000	0.0000	0.4785	0.9993	0.1671	1.0000	0.2615	0.1832	0.6232	0.3778	0.1088	0.1789	0.4041
sample29_group2	0.0000	0.0000	0.0000	0.0000	0.0000	0.0000	0.0000	0.0000	0.0000	0.0000	0.0000	0.0000	0.0000	0.2638	0.9996	0.3080	1.0000	0.1085	0.3122	0.2939	0.6340	0.4416	0.3385	0.0724
sample30_group2	0.0000	0.5000	0.0000	0.0000	0.0000	0.0000	0.0000	0.0000	0.0000	0.0000	0.0000	0.0000	0.0000	0.2761	0.9995	0.3080	1.0000	0.1043	0.3020	0.3361	0.7418	0.4000	0.8001	0.0827
