        Rank        RMSE       MaxAE  Feature_ID
           1    3.295088    7.379163  (       9   10804)
           2    3.295699    8.130021  (       9   10563)
           3    3.300142    6.801148  (       9   12478)
           4    3.341604    7.818633  (      19   10026)
           5    3.350668    8.466928  (      10   11626)
           6    3.352601    7.864300  (      12   10026)
           7    3.355044    8.498557  (       9   10518)
           8    3.359993    8.522008  (      10   10815)
           9    3.360464    8.569340  (      12   11626)
          10    3.360999    8.116350  (    6102   19947)
          11    3.361063    8.178409  (     362   19947)
          12    3.363527    8.194101  (     441   19947)
          13    3.364888    7.390292  (    9719   12478)
          14    3.366279    8.634255  (      12   10815)
          15    3.367264    8.913345  (    1087   14256)
          16    3.369401    8.271250  (    4499   19947)
          17    3.377628    8.096468  (     272   19947)
          18    3.379496    7.953428  (      10   10026)
          19    3.384055    8.103265  (      12   11636)
          20    3.384353    7.762636  (      40   10026)
          21    3.385744    8.519977  (      19   10005)
          22    3.385781    8.147511  (    7794   19947)
          23    3.387643    7.963291  (      12   16449)
          24    3.392891    8.193734  (    7385   19947)
          25    3.396456    7.204126  (      19   10059)
          26    3.397183    7.962646  (      10   11636)
          27    3.398248    7.815073  (      19   12277)
          28    3.398428    8.337425  (      37   11385)
          29    3.399835    7.828907  (      10   16449)
          30    3.400827    8.814503  (       1   10001)
          31    3.401509    8.183360  (      19   11636)
          32    3.403533    8.629846  (      12   10005)
          33    3.404197    8.138312  (    9411   19947)
          34    3.404633    8.040839  (      19   16449)
          35    3.409405    7.688955  (      12   12277)
          36    3.409644    8.980638  (    1635   14256)
          37    3.412126   10.194406  (      21   12212)
          38    3.415434    7.133217  (      12   10059)
          39    3.415731    8.576056  (      19   11626)
          40    3.416918    7.978275  (      19   10272)
          41    3.417763    8.649961  (      19   10815)
          42    3.419085    8.511876  (    1087   19502)
          43    3.422258    7.908580  (      19   10865)
          44    3.422502    8.743659  (      37   10359)
          45    3.422544    9.383624  (       1   10014)
          46    3.422559    7.327937  (      19   11045)
          47    3.422924    7.771882  (      12   10317)
          48    3.425297    8.953224  (      19   10263)
          49    3.425442    8.659580  (      37   11308)
          50    3.425928    9.788463  (       9   10866)
          51    3.426712    8.456098  (      19   10259)
          52    3.426977   10.356761  (       6   13644)
          53    3.428017    8.974484  (      19   10329)
          54    3.428079    8.119947  (       1   10002)
          55    3.428262    8.762306  (      10   10005)
          56    3.428456    8.778859  (      19   10065)
          57    3.428600    8.481832  (      19   10318)
          58    3.429522    7.784038  (      12   10865)
          59    3.430234    7.121857  (     112   11045)
          60    3.430367    7.645689  (      10   10317)
          61    3.432452    7.968046  (      19   10278)
          62    3.432728    8.764786  (      19   10060)
          63    3.433150    8.417987  (      40   10005)
          64    3.433393    8.942731  (      19   12707)
          65    3.433908    9.043926  (      12   10263)
          66    3.433931    8.277575  (      19   10087)
          67    3.434077    8.126986  (       1   10004)
          68    3.434180    7.643862  (      10   12277)
          69    3.434276    8.961184  (      19   12984)
          70    3.434340    8.103632  (      12   10272)
          71    3.434976    7.054973  (      10   10059)
          72    3.435105    7.441350  (     217   11164)
          73    3.435228    7.362371  (      19   10045)
          74    3.436264    9.064402  (      12   10329)
          75    3.436273   10.010377  (     139   10752)
          76    3.436418    7.856314  (      19   10317)
          77    3.437854    8.471140  (       1   10005)
          78    3.437874    8.088258  (       1   10003)
          79    3.439233    7.253036  (      12   10045)
          80    3.439696    9.722508  (       9   13725)
          81    3.439700    8.876617  (      12   10065)
          82    3.440151    8.253660  (      19   10077)
          83    3.440713    8.563462  (      12   10259)
          84    3.440751    8.251782  (      19   10076)
          85    3.440992    8.590538  (      19   10648)
          86    3.440992    9.242899  (      12   10715)
          87    3.441130    9.052788  (      19   10630)
          88    3.442202    8.588167  (      12   10318)
          89    3.442588    8.809982  (       1   10440)
          90    3.442770    9.040398  (      19   14705)
          91    3.443240    9.063477  (      19   10697)
          92    3.443420    9.421450  (       9   10814)
          93    3.443735    7.368110  (      12   11045)
          94    3.444126    8.863214  (      12   10060)
          95    3.445421    9.074189  (      19   10775)
          96    3.445699    7.943645  (      40   12277)
          97    3.446040    9.819303  (       1   11179)
          98    3.446151    8.737333  (      19   10054)
          99    3.446202    8.660318  (      37   12224)
         100    3.446203    9.371713  (      19   10715)
