        Rank        RMSE       MaxAE  Feature_ID
           1   19.156965   40.946469  (    7249   12890)
           2   19.218496   40.855920  (    7249   12833)
           3   19.291684   40.765460  (    7249   12798)
           4   19.435616   51.068380  (     779   12214)
           5   19.464917   44.257565  (    9816   12890)
           6   19.505529   45.545948  (      69   18283)
           7   19.507442   47.925904  (      69   11512)
           8   19.512657   44.164308  (    9816   12833)
           9   19.572316   44.071129  (    9816   12798)
          10   19.579610   54.394936  (    1667   19372)
          11   19.693712   50.622554  (     779   13969)
          12   19.698968   44.186945  (     341   10642)
          13   19.721935   43.715601  (      69   12410)
          14   19.731838   51.632313  (    1109   10871)
          15   19.754356   40.084800  (    1612   13013)
          16   19.759883   44.641508  (     648   13519)
          17   19.805245   43.145769  (    1109   15137)
          18   19.826550   45.411113  (    1667   10871)
          19   19.831554   40.846659  (      69   17706)
          20   19.838335   45.269269  (     193   19229)
          21   19.875539   44.866555  (    1667   13969)
          22   19.892334   54.595193  (    1667   17225)
          23   19.952196   44.828804  (     341   11888)
          24   19.956596   57.249859  (    9221   15541)
          25   19.959215   50.892269  (    1109   13969)
          26   19.968546   51.819773  (      69   13519)
          27   19.971050   53.310080  (    7744   10871)
          28   19.977115   44.634206  (    1234   16582)
          29   20.018390   48.637049  (      62   19229)
          30   20.029939   41.026461  (     305   13519)
          31   20.038769   66.621402  (     179   10854)
          32   20.045678   42.821347  (     919   13519)
          33   20.049027   51.251822  (     341   11512)
          34   20.058918   50.740638  (     341   10658)
          35   20.062297   42.406480  (      69   16599)
          36   20.063182   46.634239  (    9816   18105)
          37   20.070500   44.742461  (    1213   16315)
          38   20.079576   36.680143  (      69   18832)
          39   20.106613   42.975470  (     341   11744)
          40   20.108466   44.355655  (     341   17706)
          41   20.114245   48.892209  (    7249   11963)
          42   20.119896   46.845349  (     341   12449)
          43   20.128770   45.152528  (    1807   16315)
          44   20.135273   46.337951  (      69   15944)
          45   20.138365   41.818477  (      69   12572)
          46   20.148082   42.036635  (     428   13519)
          47   20.149764   46.376514  (      69   16252)
          48   20.153140   41.855083  (      69   12694)
          49   20.155560   41.931459  (      69   12449)
          50   20.157521   42.673036  (      69   15315)
          51   20.159268   42.477354  (      69   11888)
          52   20.164861   46.438769  (      69   15905)
          53   20.174790   46.437679  (      69   16751)
          54   20.175301   41.612029  (    7249   10365)
          55   20.178220   41.913677  (      69   12944)
          56   20.180909   48.896640  (    7249   11929)
          57   20.182281   47.763726  (     341   17435)
          58   20.191167   46.993483  (     341   12572)
          59   20.192310   46.432550  (      69   17656)
          60   20.194081   43.855099  (     493   12890)
          61   20.194294   37.819328  (      69   19402)
          62   20.201823   46.497522  (      69   17286)
          63   20.202527   47.049004  (     341   12694)
          64   20.202885   37.737193  (      69   19973)
          65   20.204811   41.971673  (      69   13229)
          66   20.210380   41.893401  (      69   13544)
          67   20.216205   52.295109  (     341   14336)
          68   20.219573   46.533940  (      69   17581)
          69   20.222041   42.007311  (      69   13392)
          70   20.222312   47.136383  (     341   12944)
          71   20.228041   65.629540  (     233   13969)
          72   20.240267   45.334532  (      69   11658)
          73   20.241543   41.285952  (    1612   18268)
          74   20.241592   43.944128  (     493   12833)
          75   20.243693   40.723361  (      69   10658)
          76   20.243880   47.221025  (     341   13229)
          77   20.244770   42.803523  (      69   17435)
          78   20.249713   37.927218  (      69   13333)
          79   20.250193   49.859113  (    1109   16200)
          80   20.253749   46.506656  (     341   16599)
          81   20.256893   45.203918  (    1612   10003)
          82   20.258132   47.272102  (     341   13392)
          83   20.263107   48.899315  (    7249   11904)
          84   20.266825   37.427362  (    1612   14883)
          85   20.274196   45.907916  (    1612   10012)
          86   20.280260   41.987740  (      69   10642)
          87   20.284635   42.978379  (      62   12539)
          88   20.288435   47.044053  (     341   15315)
          89   20.292014   37.346787  (    1612   15256)
          90   20.296990   44.046409  (     493   12798)
          91   20.315840   43.329159  (      69   14336)
          92   20.318504   46.589613  (     341   17940)
          93   20.323556   38.476927  (      69   19942)
          94   20.325205   46.321810  (      69   12301)
          95   20.326744   42.654688  (      69   13432)
          96   20.327655   48.272264  (    1870   13448)
          97   20.335529   47.411957  (     341   13544)
          98   20.339355   48.913997  (     305   14078)
          99   20.341618   40.859831  (      69   18889)
         100   20.352601   44.267714  (      62   18648)
