Model_ID, [(c_i,i=0,n)_j,j=1,ntask]
           1    0.3042162803E+01    0.9769192925E+02
           2    0.6998395831E+01    0.8002438948E+02
           3    0.2283444918E+02    0.4370229640E+03
           4    0.1031479192E+02    0.7593983555E+02
           5    0.1101537909E+02    0.1098766254E+03
           6    0.2528064541E+02    0.2562756750E+03
           7    0.6735078477E+02    0.7020749058E+02
           8    0.3763626079E+02    0.4286457736E+02
           9    0.6346630614E+02    0.6815594487E+02
          10    0.5862374252E+02   -0.5283994502E+02
          11    0.2342660678E+02   -0.8011959842E+02
          12    0.5850083894E+02   -0.5258579016E+02
          13    0.1299582431E+02    0.6990310459E+02
          14    0.2218607544E+02    0.9931703087E+03
          15    0.2655936714E+02    0.7879276164E+02
          16    0.7197547401E+02   -0.8001158329E+02
          17    0.3642099542E+02    0.4438797534E+02
          18    0.1723440370E+02    0.9353154749E+02
          19    0.1046728675E+02   -0.1067126897E+03
          20    0.6946602346E+02    0.8363195459E+02
          21    0.6431624902E+02    0.6947314431E+02
          22    0.3576557396E+02    0.4539668438E+02
          23    0.7443905800E+02    0.7327456134E+02
          24    0.2421415113E+02    0.1049431424E+03
          25    0.2358854798E+02    0.8739078915E+02
          26    0.2805116751E+02    0.9455356549E+02
          27    0.1708509215E+02    0.7705191926E+02
          28    0.2449681318E+02    0.1768761342E+03
          29    0.1923919145E+02    0.4404622193E+03
          30    0.4785271246E+02   -0.3342333824E+02
          31    0.4788700672E+02   -0.3347810888E+02
          32    0.6880803361E+02   -0.6593238088E+02
          33    0.1464622882E+02    0.6523212315E+02
          34    0.3759616799E+02    0.4233466752E+02
          35    0.3499340735E+02    0.4590210712E+02
          36    0.1744337712E+02    0.8698100522E+02
          37    0.5719164679E+02    0.5018296599E+02
          38    0.1739620095E+02    0.7765419158E+02
          39    0.1672622018E+02    0.7808221300E+02
          40    0.6804576422E+02   -0.6342660934E+02
          41    0.3627085886E+02    0.4325926163E+02
          42    0.2423360392E+02    0.1643963734E+03
          43    0.1713997204E+02    0.9566231335E+02
          44    0.3615652496E+02    0.4261448316E+02
          45    0.2560188756E+02    0.3496861049E+03
          46    0.1429881666E+02    0.6719799234E+02
          47    0.2642092218E+02    0.4544259595E+02
          48    0.2357861047E+02    0.2011126105E+03
          49    0.1710030493E+02   -0.2988613468E+03
          50    0.7217972943E+02    0.6987012351E+02
          51    0.2463950386E+02    0.1978480530E+03
          52    0.2618552890E+02    0.7084823842E+02
          53    0.7123063503E+02    0.7304128349E+02
          54    0.2468818971E+02    0.1976369988E+03
          55    0.2464065263E+02    0.1979262193E+03
          56    0.2407382859E+02    0.8195777708E+02
          57    0.5655734294E+02   -0.4896413087E+02
          58    0.1581602409E+02    0.8681355643E+02
          59    0.6237881171E+02    0.6497362369E+02
          60    0.2609499351E+02    0.7425044712E+02
          61    0.2562648276E+02    0.7917836854E+02
          62    0.1461844094E+02    0.6515089608E+02
          63    0.5945164013E+02    0.5767221299E+02
          64    0.1798984407E+02    0.9493976386E+02
          65    0.3574429832E+02    0.4050469745E+02
          66    0.5892650284E+02   -0.2996567367E+02
          67    0.7395933946E+02    0.7581581730E+02
          68    0.6013686261E+02   -0.5421402697E+02
          69    0.3661180774E+02    0.4350864529E+02
          70    0.5535546970E+02    0.5298039454E+02
          71    0.1472670831E+02    0.6474333106E+02
          72    0.2820320717E+02    0.1147931587E+03
          73    0.3648412661E+02    0.4369961265E+02
          74    0.1616596057E+02    0.9801563632E+02
          75    0.3659216479E+02    0.4348614666E+02
          76    0.3637861235E+02    0.4387339562E+02
          77    0.3615915426E+02    0.4421112858E+02
          78    0.2587821431E+02    0.1917970864E+03
          79    0.7712853361E+02    0.6847086075E+02
          80    0.3673987436E+02    0.4321947094E+02
          81    0.4554212870E+02    0.4558268768E+02
          82    0.2466326820E+02    0.6650622195E+02
          83    0.5214186246E+02   -0.3732283651E+02
          84    0.2419104991E+02    0.8027086885E+02
          85    0.1644850453E+02    0.9739120704E+02
          86    0.2822249685E+02    0.1110552380E+03
          87    0.2596650697E+02    0.1911252701E+03
          88    0.3905458550E+02   -0.3324677455E+02
          89    0.1978867457E+02    0.4920666816E+02
          90    0.6485704965E+02   -0.6739604229E+02
          91    0.2428951267E+02    0.4644132766E+02
          92    0.1917791396E+02   -0.6982333920E+02
          93    0.2052535542E+02    0.8336263954E+02
          94    0.2522928125E+02    0.5645968388E+03
          95    0.2544603362E+02    0.6991246847E+02
          96    0.2477546778E+02    0.1972841920E+03
          97    0.3636619587E+02    0.4376637851E+02
          98    0.6087320901E+02    0.5586312771E+02
          99    0.2432820056E+02   -0.3623602357E+02
         100    0.1515394630E+02   -0.1542251335E+03
