        Rank        RMSE       MaxAE  Feature_ID
           1   10.954538   28.377571  (       1)
           2   11.724159   37.450461  (       2)
           3   11.899900   29.511426  (       3)
           4   11.927772   32.806505  (       4)
           5   12.127076   27.493960  (       5)
           6   12.134432   26.050207  (       6)
           7   12.161339   23.698144  (       7)
           8   12.187835   28.388560  (       8)
           9   12.191920   26.495337  (       9)
          10   12.242127   32.049219  (      10)
          11   12.260480   31.639585  (      11)
          12   12.268946   32.134495  (      12)
          13   12.278542   37.892102  (      13)
          14   12.278953   30.154052  (      14)
          15   12.281874   23.750032  (      15)
          16   12.289406   31.981384  (      16)
          17   12.314469   27.024464  (      17)
          18   12.333770   27.025622  (      18)
          19   12.333991   25.626112  (      19)
          20   12.344426   24.661425  (      20)
          21   12.350355   25.669390  (      21)
          22   12.355225   26.270496  (      22)
          23   12.382919   36.563792  (      23)
          24   12.384244   27.189079  (      24)
          25   12.390121   26.183805  (      25)
          26   12.411281   24.851168  (      26)
          27   12.417870   28.442358  (      27)
          28   12.424093   25.852889  (      28)
          29   12.425494   28.371873  (      29)
          30   12.431506   30.462824  (      30)
          31   12.432920   30.528959  (      31)
          32   12.445589   29.857687  (      32)
          33   12.450320   33.130543  (      33)
          34   12.452841   28.400237  (      34)
          35   12.460032   25.955637  (      35)
          36   12.462629   27.031534  (      36)
          37   12.464375   31.406966  (      37)
          38   12.472005   28.605671  (      38)
          39   12.473131   28.414817  (      39)
          40   12.476394   34.580803  (      40)
          41   12.478002   26.984599  (      41)
          42   12.478325   26.295493  (      42)
          43   12.478331   27.094767  (      43)
          44   12.489473   26.933257  (      44)
          45   12.494926   24.598252  (      45)
          46   12.499421   33.781383  (      46)
          47   12.518819   29.279681  (      47)
          48   12.522217   26.525739  (      48)
          49   12.524366   31.921363  (      49)
          50   12.524626   35.829106  (      50)
          51   12.524922   25.512011  (      51)
          52   12.532377   38.292943  (      52)
          53   12.533070   35.751121  (      53)
          54   12.534236   25.466375  (      54)
          55   12.534804   25.509733  (      55)
          56   12.538499   30.508041  (      56)
          57   12.543382   32.044218  (      57)
          58   12.549464   27.326330  (      58)
          59   12.562335   27.152476  (      59)
          60   12.573623   24.889077  (      60)
          61   12.576898   26.829720  (      61)
          62   12.578061   33.061509  (      62)
          63   12.578218   33.785315  (      63)
          64   12.578583   26.253470  (      64)
          65   12.587397   30.085826  (      65)
          66   12.592495   29.611447  (      66)
          67   12.594296   38.786712  (      67)
          68   12.595308   28.462256  (      68)
          69   12.595789   27.301184  (      69)
          70   12.599907   35.461849  (      70)
          71   12.602834   32.962818  (      71)
          72   12.604101   25.003207  (      72)
          73   12.604740   27.154846  (      73)
          74   12.607648   28.040851  (      74)
          75   12.609037   27.283739  (      75)
          76   12.611888   27.032354  (      76)
          77   12.612695   26.779900  (      77)
          78   12.613057   24.360724  (      78)
          79   12.615952   27.671585  (      79)
          80   12.618299   27.457501  (      80)
          81   12.620661   28.613948  (      81)
          82   12.621934   24.856910  (      82)
          83   12.628627   29.376331  (      83)
          84   12.629447   36.154468  (      84)
          85   12.630718   27.765717  (      85)
          86   12.631113   25.022497  (      86)
          87   12.634110   24.282138  (      87)
          88   12.634465   37.216197  (      88)
          89   12.635583   29.810206  (      89)
          90   12.636785   28.639910  (      90)
          91   12.642380   27.320014  (      91)
          92   12.642513   27.247140  (      92)
          93   12.643190   31.044558  (      93)
          94   12.643675   27.220106  (      94)
          95   12.644116   30.317648  (      95)
          96   12.646904   25.384194  (      96)
          97   12.648284   27.030392  (      97)
          98   12.651935   30.247335  (      98)
          99   12.652265   28.097098  (      99)
         100   12.652961   35.059551  (     100)
