        Rank        RMSE       MaxAE  Feature_ID
           1    0.149710    0.225446  (    7951    8922)
           2    0.211723    0.383386  (     330     947)
           3    0.213438    0.443512  (     827    4286)
           4    0.225314    0.433251  (    7951    9474)
           5    0.227446    0.388024  (       5   19337)
           6    0.239734    0.473602  (    1392    5404)
           7    0.243586    0.552110  (    1392    6610)
           8    0.250985    0.428270  (       5   15524)
           9    0.251288    0.483276  (       5   18530)
          10    0.255799    0.420136  (     337     947)
          11    0.261023    0.571705  (     804    1833)
          12    0.268830    0.482688  (       1   10001)
          13    0.271124    0.615662  (    2929    9907)
          14    0.276123    0.641933  (     380    4890)
          15    0.277667    0.641769  (      15    2817)
          16    0.280848    0.568753  (     572    4286)
          17    0.281068    0.512276  (     764    9498)
          18    0.281380    0.523474  (    5295    6888)
          19    0.282641    0.550321  (     385     947)
          20    0.283243    0.581325  (     252    2297)
          21    0.285957    0.509490  (    1392    4895)
          22    0.289296    0.530993  (      29    1531)
          23    0.293520    0.532291  (       5   12458)
          24    0.294786    0.492066  (       1   10002)
          25    0.298057    0.488726  (    1475    2905)
          26    0.299718    0.641246  (       1   10003)
          27    0.300225    0.479415  (       1   10004)
          28    0.300456    0.643400  (    1162    1833)
          29    0.304243    0.614048  (     798    9884)
          30    0.306408    0.621147  (       1   10687)
          31    0.306941    0.634062  (    6702    7951)
          32    0.307238    0.527661  (    8543    9595)
          33    0.309234    0.705270  (       1   10005)
          34    0.310979    0.573006  (     564    4286)
          35    0.315065    0.594742  (    9313    9724)
          36    0.316953    0.761309  (    1392    6092)
          37    0.317245    0.614180  (     380    6568)
          38    0.317754    0.750704  (    4857    7617)
          39    0.318191    0.755555  (       1   10006)
          40    0.318215    0.757751  (       1   10007)
          41    0.318299    0.767690  (    4807    7617)
          42    0.318659    0.594021  (    1637    8476)
          43    0.319528    0.718364  (     798    5433)
          44    0.319701    0.778512  (      29     179)
          45    0.319863    0.567352  (      29    1445)
          46    0.320536    0.573184  (       1   10013)
          47    0.321656    0.790391  (       1   10009)
          48    0.323162    0.630853  (       1   10010)
          49    0.323471    0.742337  (       1   10008)
          50    0.325277    0.620192  (      29    1833)
          51    0.326795    0.762842  (    1752    3573)
          52    0.328392    0.735434  (     416     947)
          53    0.328722    0.625886  (       1   10011)
          54    0.329363    0.574068  (       3    1165)
          55    0.330130    0.537804  (      47    9173)
          56    0.330588    0.512620  (       1   10036)
          57    0.330896    0.691723  (      29     369)
          58    0.332143    0.744979  (       1   10017)
          59    0.332299    0.652479  (       1   10012)
          60    0.332941    0.730069  (       1   10014)
          61    0.333481    0.732812  (       1   10015)
          62    0.333909    0.808437  (       1   10020)
          63    0.334474    0.556039  (      32   16820)
          64    0.334646    0.822479  (       1   10023)
          65    0.334689    0.797700  (       1   10019)
          66    0.335210    0.723868  (       1   10016)
          67    0.335380    0.544979  (       3    2245)
          68    0.335703    0.803912  (       1   10024)
          69    0.335898    0.793009  (       1   10022)
          70    0.336514    0.727614  (       1   10018)
          71    0.337512    0.737627  (       1   10021)
          72    0.337555    0.663990  (       1   10044)
          73    0.338244    0.808094  (       1   10026)
          74    0.338252    0.749845  (    1637    3394)
          75    0.338474    0.742627  (    3796    4663)
          76    0.338709    0.778471  (       1   10025)
          77    0.338850    0.727743  (      10      54)
          78    0.339062    0.877943  (       9    6954)
          79    0.339083    0.616544  (      69     100)
          80    0.340603    0.672208  (       1   10140)
          81    0.340654    0.652342  (     167    2297)
          82    0.340946    0.663570  (      36    6302)
          83    0.340960    0.790935  (       1   10027)
          84    0.341460    0.627713  (     445    1609)
          85    0.342520    0.661848  (       1   10079)
          86    0.342771    0.659906  (       1   10028)
          87    0.342840    0.785941  (       1   10030)
          88    0.343479    0.730081  (       1   10031)
          89    0.344072    0.643648  (       5   13290)
          90    0.344336    0.574029  (     546    3063)
          91    0.344646    0.680809  (       1   10029)
          92    0.345623    0.682362  (     546    4701)
          93    0.345782    0.572866  (     445    3446)
          94    0.345852    0.799295  (       1   10032)
          95    0.346267    0.666755  (       1   10049)
          96    0.346680    0.529921  (      29     454)
          97    0.348213    0.647097  (       5   15682)
          98    0.348377    0.733865  (      32      39)
          99    0.348794    0.686440  (       1   10040)
         100    0.348918    0.766465  (       1   10043)
