        Rank        RMSE       MaxAE  Feature_ID
           1    7.236615   23.703177  (       1   10001)
           2    7.269403   16.892266  (    7024   12135)
           3    7.273224   23.749136  (       1   10002)
           4    7.291093   16.778278  (    6925   12135)
           5    7.363358   23.809583  (       1   10003)
           6    7.391536   14.246402  (    6665   12135)
           7    7.406440   22.910365  (       1   10004)
           8    7.446598   14.408533  (    3599   12135)
           9    7.508528   24.296316  (      56   10061)
          10    7.514237   23.085853  (       1   10006)
          11    7.534918   16.772124  (    7024   13768)
          12    7.551350   16.659686  (    6925   13768)
          13    7.581229   15.430532  (    6665   13768)
          14    7.586967   17.207272  (    5602   12135)
          15    7.631047   15.662972  (    3599   13768)
          16    7.632701   23.143450  (       1   10008)
          17    7.633268   14.240687  (    3599   14651)
          18    7.667164   23.570349  (       1   10007)
          19    7.692313   15.827560  (    6665   13162)
          20    7.692413   16.778228  (    2881   10007)
          21    7.699767   16.979140  (    6085   12135)
          22    7.710710   24.046840  (       5   10061)
          23    7.743787   16.045782  (    3599   13162)
          24    7.743951   15.850573  (    7720   10448)
          25    7.745743   17.169905  (    5602   13768)
          26    7.748965   23.640659  (      56   10060)
          27    7.754434   16.877810  (    7024   15694)
          28    7.755803   16.837871  (    7024   15533)
          29    7.756143   24.068887  (       7   10061)
          30    7.759275   22.325350  (       9   10009)
          31    7.761497   16.808564  (    6925   15694)
          32    7.762530   16.793460  (    7024   15417)
          33    7.766402   24.331650  (     185   10339)
          34    7.767527   22.992452  (       1   10005)
          35    7.767803   16.554132  (    9939   11162)
          36    7.768532   16.289709  (    7024   13162)
          37    7.772953   16.766090  (    6925   15533)
          38    7.774836   23.860723  (       1   10010)
          39    7.778095   24.240453  (      38   10061)
          40    7.778896   16.182058  (    6925   13162)
          41    7.779022   23.951975  (       1   10014)
          42    7.789674   16.719205  (    6925   15417)
          43    7.792694   15.596725  (    2466   13817)
          44    7.796747   23.841515  (       1   10013)
          45    7.798292   23.901002  (       1   10016)
          46    7.799609   15.131961  (    3599   12378)
          47    7.804473   23.886546  (       1   10017)
          48    7.804538   23.874086  (       1   10020)
          49    7.804565   14.844046  (    6665   12378)
          50    7.811594   23.979571  (       3   10061)
          51    7.813842   15.540099  (    6665   15694)
          52    7.815986   23.889452  (       1   10018)
          53    7.819226   15.500033  (    6665   15533)
          54    7.822721   23.847074  (       1   10019)
          55    7.824269   18.226034  (    7886   12135)
          56    7.829841   15.455533  (    6665   15417)
          57    7.830924   23.599220  (       1   10023)
          58    7.831947   23.802973  (       1   10021)
          59    7.834806   24.961082  (       1   10048)
          60    7.836438   23.800944  (       1   10032)
          61    7.838384   14.737176  (    6173   13768)
          62    7.843767   23.805655  (       1   10024)
          63    7.849393   22.545448  (       9   10012)
          64    7.851714   22.515956  (     336   10443)
          65    7.852473   23.789442  (       1   10027)
          66    7.855527   16.940272  (    6085   13768)
          67    7.859317   15.410203  (    3599   15533)
          68    7.860466   15.369357  (    3599   15417)
          69    7.863055   15.446648  (    3599   15694)
          70    7.865077   18.242394  (    9864   12135)
          71    7.867489   23.800591  (       1   10026)
          72    7.870704   18.067462  (    6194   10448)
          73    7.871057   18.432301  (    6795   12378)
          74    7.875279   16.248188  (    2975   12135)
          75    7.875467   16.146876  (    2800   13817)
          76    7.875848   18.543784  (    9229   18411)
          77    7.876520   25.014969  (       1   10045)
          78    7.878689   15.904643  (    6665   11775)
          79    7.888096   23.727085  (       1   10030)
          80    7.896056   16.797955  (    3236   12378)
          81    7.902020   23.191432  (       1   10028)
          82    7.903704   15.413130  (    3599   13264)
          83    7.906704   17.122807  (    8534   10448)
          84    7.907434   23.187745  (       1   10029)
          85    7.908409   20.695620  (       1   10009)
          86    7.912934   18.021950  (    8463   12135)
          87    7.913587   23.804012  (       1   10036)
          88    7.915069   23.799780  (       1   10037)
          89    7.915641   15.374782  (    9939   10701)
          90    7.916018   16.017216  (      60   12979)
          91    7.924544   14.983922  (    6173   15417)
          92    7.926552   23.263225  (       1   10034)
          93    7.927054   23.426175  (       7   10060)
          94    7.932257   23.170258  (       1   10033)
          95    7.932448   17.596334  (    4079   10254)
          96    7.932953   17.204455  (    5664   10636)
          97    7.933619   15.107325  (    6173   14651)
          98    7.937190   23.232281  (       1   10035)
          99    7.938015   16.720906  (    5602   13162)
         100    7.940426   23.223776  (       1   10038)
