Model_ID, [(c_i,i=0,n)_j,j=1,ntask]
           1    0.8817526096E+01   -0.1052149906E+03
           2    0.5812833671E+01   -0.1313029251E+03
           3    0.1062280613E+02   -0.1021543756E+03
           4    0.1297739175E+02   -0.1112623363E+03
           5    0.8362233110E+01    0.1059630270E+03
           6    0.1551215405E+02   -0.1069917381E+03
           7    0.1026186168E+02   -0.1025564495E+03
           8    0.1265145368E+02   -0.1079154478E+03
           9    0.1018533590E+02   -0.1087006311E+03
          10    0.1437313373E+02   -0.1066863333E+03
          11    0.1441866539E+02   -0.1065810229E+03
          12    0.1379635989E+02   -0.1078079625E+03
          13    0.1305186543E+02   -0.1087286964E+03
          14    0.1392476556E+02   -0.1129210356E+03
          15    0.1570133283E+02    0.1078898619E+03
          16    0.1574294971E+02    0.1077942393E+03
          17    0.1326547379E+02   -0.1118790735E+03
          18    0.1398946559E+02   -0.1074690159E+03
          19    0.1694722829E+02   -0.1519661447E+03
          20    0.1277850807E+02   -0.1124593967E+03
          21    0.1491222093E+02   -0.1053610294E+03
          22    0.1317852003E+02   -0.1078880616E+03
          23    0.1518589461E+02    0.1088298406E+03
          24    0.1436122748E+02   -0.1097443313E+03
          25    0.1559568454E+02    0.1043940279E+03
          26    0.1523974983E+02   -0.1034119793E+03
          27    0.1317199804E+02   -0.1095738710E+03
          28    0.1528186991E+02   -0.1033173847E+03
          29    0.1412069949E+02    0.1139520904E+03
          30    0.1201897618E+02   -0.1088665399E+03
          31    0.1531405845E+02   -0.1081599552E+03
          32    0.1619848448E+02    0.1066570896E+03
          33    0.1442778960E+02   -0.1077622036E+03
          34    0.1535706427E+02    0.1080602326E+03
          35    0.1356691164E+02   -0.1079358763E+03
          36    0.1148413477E+02    0.1120256412E+03
          37    0.1470566990E+02   -0.1044073869E+03
          38    0.1002051171E+02   -0.1025857531E+03
          39    0.1590448843E+02   -0.1075597920E+03
          40    0.1287001863E+02   -0.1064832433E+03
          41    0.1477937556E+02   -0.1091601370E+03
          42    0.1592399890E+02   -0.1075255728E+03
          43    0.1345906066E+02   -0.1115508130E+03
          44    0.1569036719E+02    0.1053232721E+03
          45    0.1566447857E+02   -0.1036844908E+03
          46    0.1570543902E+02    0.1035926887E+03
          47    0.1455525982E+02    0.1093554338E+03
          48    0.1348236909E+02   -0.1115055662E+03
          49    0.1573848610E+02   -0.1022163726E+03
          50    0.1377218774E+02   -0.1074256971E+03
          51    0.1247394130E+02   -0.1109385132E+03
          52    0.1582696713E+02   -0.1068819702E+03
          53    0.1514858582E+02   -0.1046278069E+03
          54    0.1206698950E+02   -0.1079447312E+03
          55    0.1411133507E+02   -0.1044705812E+03
          56    0.1319751302E+02   -0.9668542694E+02
          57    0.1429430222E+02   -0.1136935278E+03
          58    0.1635571764E+02   -0.1064339440E+03
          59    0.1459808687E+02    0.1105545547E+03
          60    0.1498200272E+02    0.8359145408E+02
          61    0.1469742460E+02   -0.1083103359E+03
          62    0.1618568046E+02    0.1034681806E+03
          63    0.1469925545E+02   -0.1083442724E+03
          64    0.1288240352E+02    0.1115281943E+03
          65    0.1348536770E+02   -0.1078032716E+03
          66    0.1429253355E+02   -0.1079722686E+03
          67    0.1412053029E+02    0.1097800081E+03
          68    0.1324864743E+02   -0.1083647265E+03
          69    0.1431553753E+02   -0.1136550176E+03
          70    0.1470362375E+02   -0.1079038722E+03
          71    0.1351057162E+02   -0.1077651018E+03
          72    0.1470843015E+02   -0.1078257259E+03
          73    0.1448174906E+02    0.1053335924E+03
          74    0.1440495434E+02   -0.1054817694E+03
          75    0.1440135259E+02   -0.1054664232E+03
          76    0.1439986659E+02   -0.1054594630E+03
          77    0.1496977702E+02    0.8334615850E+02
          78    0.1215886287E+02   -0.1077847048E+03
          79    0.1443264461E+02   -0.1055556100E+03
          80    0.1615078972E+02   -0.1025156812E+03
          81    0.1499804442E+02    0.1087990640E+03
          82    0.1585923251E+02    0.1035469157E+03
          83    0.1443929220E+02   -0.1055661197E+03
          84    0.1353668382E+02   -0.1077236220E+03
          85    0.1446095070E+02   -0.1055889543E+03
          86    0.1438188215E+02    0.1053125434E+03
          87    0.1438127609E+02   -0.1053024265E+03
          88    0.1449179645E+02   -0.1045010521E+03
          89    0.1438006501E+02    0.1052785041E+03
          90    0.1414754976E+02   -0.1059476835E+03
          91    0.1448490491E+02   -0.1055997300E+03
          92    0.1383734394E+02   -0.1084776835E+03
          93    0.1448749955E+02    0.1056002061E+03
          94    0.1449412198E+02   -0.1056009012E+03
          95    0.1293676280E+02   -0.1089921533E+03
          96    0.1380597984E+02   -0.1070406852E+03
          97    0.1117881949E+02   -0.1097693290E+03
          98    0.1469987836E+02   -0.1083959804E+03
          99    0.1452330122E+02   -0.1055963497E+03
         100    0.1437808284E+02   -0.1051198016E+03
