     Index              y_true              y_pred        descriptor_1        descriptor_2
         1    0.2566500000E+03    0.2550584301E+03    0.6777571400E+00    0.0000000000E+00
         2    0.5132000000E+03    0.4458917075E+03   -0.1561567800E+00   -0.4361345562E-01
         3    0.2490000000E+03    0.2754885742E+03    0.5327602700E+00    0.7519178066E-02
         4    0.3632000000E+03    0.3448247568E+03    0.2946313900E+00   -0.2251473102E-01
         5    0.3674300000E+03    0.3569812674E+03    0.5911084000E-01    0.1460519032E-01
         6    0.9034100000E+02    0.1211362387E+03    0.1402900000E+01    0.0000000000E+00
         7    0.1743000000E+03    0.1627665728E+03    0.1177485980E+01    0.0000000000E+00
         8    0.4711500000E+03    0.5024284299E+03   -0.6012200500E+00   -0.1322224831E-01
         9    0.3091000000E+03    0.3069388906E+03   -0.3221810000E+00    0.1572806376E+00
        10    0.3010000000E+03    0.2913461816E+03    0.1597743200E+00    0.7032493922E-01
        11    0.2990000000E+03    0.2729861406E+03    0.6063575600E+00   -0.5615730842E-02
        12    0.3260000000E+03    0.3120039455E+03    0.3624391400E+00    0.1526275511E-02
        13    0.3275000000E+03    0.3229421519E+03    0.3335139000E+00   -0.5101917527E-02
        14    0.2480000000E+03    0.2528083904E+03    0.7119650000E+00   -0.4817721180E-02
        15    0.2396000000E+03    0.2396260469E+03    0.7578132900E+00    0.7666749866E-03
        16    0.2466500000E+03    0.2326256646E+03    0.7580212400E+00    0.9012535729E-02
        17    0.2530000000E+03    0.2396033041E+03    0.6883887200E+00    0.1597968767E-01
        18    0.2886400000E+03    0.2806259535E+03    0.4954593600E+00    0.9593675119E-02
        19    0.2744000000E+03    0.2495168281E+03    0.7486206900E+00   -0.8937292337E-02
        20    0.2720000000E+03    0.2847692427E+03    0.5767740500E+00   -0.1310063840E-01
        21    0.4780000000E+03    0.4713615221E+03   -0.2812532000E+00   -0.4641639812E-01
        22    0.4460000000E+03    0.4358238551E+03   -0.3752898400E+00    0.1624466992E-01
        23    0.3380000000E+03    0.3510722323E+03    0.1183693100E+00    0.8641610208E-02
        24    0.3860000000E+03    0.3859311141E+03   -0.3087368000E-01    0.0000000000E+00
        25    0.4380000000E+03    0.4570778897E+03   -0.2648963200E+00   -0.3307660763E-01
        26    0.3450000000E+03    0.3512587054E+03    0.2384165600E+00   -0.1783863782E-01
        27    0.4150000000E+03    0.3897214028E+03    0.3309853000E-01   -0.1848268462E-01
        28    0.2680300000E+03    0.2571206466E+03    0.2594363000E-01    0.1401365339E+00
        29    0.1693000000E+03    0.2132379105E+03    0.9235204300E+00   -0.4225983584E-02
        30    0.4680000000E+03    0.5232496551E+03   -0.7524442000E+00   -0.4804103767E-02
        31    0.3891500000E+03    0.3838047632E+03   -0.3035330300E+00    0.6216055570E-01
        32    0.3602000000E+03    0.3569005625E+03    0.2471480000E-01    0.2222464011E-01
        33    0.4240000000E+03    0.3887153343E+03   -0.2710008000E-01   -0.4123113521E-02
        34    0.2561000000E+03    0.2655266944E+03    0.2698707300E+00    0.7682317224E-01
        35    0.4010000000E+03    0.4158501733E+03   -0.1090323000E+00   -0.1833996089E-01
        36    0.2516000000E+03    0.3065198207E+03    0.3923009800E+00    0.1489706297E-02
