        Rank        RMSE       MaxAE  Feature_ID
           1    3.793848   10.777935  (    2305   11337)
           2    3.829139    7.808325  (    4712   17625)
           3    3.851651    7.858822  (    1508   17625)
           4    3.853257    7.977716  (    4712   11337)
           5    3.864955   10.855896  (    2305   17625)
           6    3.878957   10.789419  (    2305   10016)
           7    3.881401    8.578572  (    1508   11337)
           8    3.888985   15.107605  (    1401   10014)
           9    3.892140   12.790827  (     141   10004)
          10    3.893881    8.720445  (    2575   11337)
          11    3.895550   10.943237  (    1245   10003)
          12    3.896572   12.225381  (     301   13654)
          13    3.901722   12.901048  (     141   10006)
          14    3.902891    8.101436  (    4712   10016)
          15    3.911033    8.834630  (    2575   10003)
          16    3.914865   12.148187  (    2294   11337)
          17    3.916325   12.129869  (    1589   11337)
          18    3.916417   11.888668  (    9537   10003)
          19    3.919331   11.472860  (     446   10003)
          20    3.921924   10.873830  (    4581   16565)
          21    3.922533   11.184117  (    4881   17625)
          22    3.925916   15.204329  (    1401   10053)
          23    3.927315    8.136525  (    1508   10016)
          24    3.929340    8.909399  (    2575   10007)
          25    3.929542   11.037031  (    2389   10003)
          26    3.929773    9.354781  (     177   10003)
          27    3.930366   11.088745  (    4581   11337)
          28    3.930862   10.858552  (    4397   16565)
          29    3.932789   13.407378  (     202   10004)
          30    3.933004   10.464993  (    2305   16565)
          31    3.934118    8.214448  (    2575   17625)
          32    3.934581   12.266156  (    1589   10016)
          33    3.934588   12.286963  (    2294   10016)
          34    3.935118    8.872556  (     407   17625)
          35    3.935846   10.436191  (    2305   16440)
          36    3.939914    8.421455  (    2575   10016)
          37    3.941239   11.071619  (    4397   11337)
          38    3.942809   10.839295  (    4240   16565)
          39    3.943299    9.734825  (    2575   16565)
          40    3.944016   11.585290  (     929   10131)
          41    3.944472    9.617629  (    1508   16565)
          42    3.944989   13.527435  (     202   10006)
          43    3.946071    9.124538  (    4712   16565)
          44    3.949570   11.461513  (     105   10340)
          45    3.952303   10.912232  (    1192   10003)
          46    3.955320   11.050293  (    4240   11337)
          47    3.957788   11.486421  (    1245   10395)
          48    3.962859   10.857027  (    1245   10007)
          49    3.963640   12.774159  (     301   15196)
          50    3.965990   13.718644  (    1712   10340)
          51    3.966153   11.923991  (    1589   16565)
          52    3.966646   11.648765  (     446   10007)
          53    3.967570   11.564071  (    1245   10435)
          54    3.967954   13.754292  (      81   10004)
          55    3.971907    8.925938  (     520   17625)
          56    3.972120   11.038588  (    7826   11337)
          57    3.973229   11.934324  (    2294   16565)
          58    3.973691   11.728633  (     202   10003)
          59    3.974009   10.617906  (    2305   10867)
          60    3.974047   10.792651  (    4076   16565)
          61    3.976540   11.370623  (    1245   10004)
          62    3.978079   11.663342  (     722   10131)
          63    3.978224   13.866117  (      81   10006)
          64    3.978778   10.703223  (    2305   10783)
          65    3.979351   11.797251  (    9537   10007)
          66    3.979958    8.353027  (     407   10016)
          67    3.980502    9.686942  (     407   10003)
          68    3.980561    9.501032  (     177   10007)
          69    3.981007   10.839754  (    2305   10166)
          70    3.981095    9.606727  (     407   11337)
          71    3.981375   10.959220  (    2389   10007)
          72    3.981395   10.623666  (    2305   11211)
          73    3.981972   10.685230  (    2305   10931)
          74    3.982492    9.013363  (    3191   10003)
          75    3.984135   14.282943  (    1401   18141)
          76    3.984183   10.809168  (    7826   16565)
          77    3.985505   10.358629  (    2240   10003)
          78    3.985919   14.192391  (    7098   10014)
          79    3.985997   12.019695  (    1892   17625)
          80    3.986257   10.427637  (     407   16565)
          81    3.986266   11.868785  (    1589   16440)
          82    3.986281   13.189174  (    9223   10340)
          83    3.986433   14.047233  (    1932   17625)
          84    3.988562   11.143216  (     208   10003)
          85    3.989367   13.452034  (    9448   11337)
          86    3.989743    8.999594  (    5172   10008)
          87    3.989756   12.080157  (    1422   10003)
          88    3.990674   10.999526  (    4076   11337)
          89    3.991144   11.879438  (    2294   16440)
          90    3.991300   13.929215  (    1139   10008)
          91    3.991372   15.130576  (    3038   10014)
          92    3.991956   13.016961  (    6353   16440)
          93    3.992493   14.287392  (    7439   10166)
          94    3.992541   12.035550  (    1776   10016)
          95    3.993029   10.627680  (    2305   11708)
          96    3.993168   10.787270  (    4881   16565)
          97    3.993330   10.627749  (    2305   11726)
          98    3.993509   11.279832  (    8536   10131)
          99    3.993613   13.842109  (    3299   11337)
         100    3.994218   11.368944  (    1245   10006)
