     Index              y_true              y_pred        descriptor_1        descriptor_2
         1    0.3200000000E+01    0.1065029270E+02    0.0000000000E+00   -0.2630000000E-01
         2    0.1850000000E+02    0.1523924994E+02    0.0000000000E+00    0.1637000000E+00
         3    0.8872000000E+02    0.6455737430E+02   -0.1492717285E+00    0.4518000000E+00
         4    0.2045000000E+02    0.7328749839E+01    0.3538256552E-01    0.2519000000E+00
         5    0.2067000000E+02    0.2359439653E+02    0.8443535365E-01    0.1501700000E+01
         6    0.2078000000E+02    0.1956962878E+02    0.5964606360E-01    0.1043800000E+01
         7    0.5301000000E+02    0.5198123403E+02   -0.5783746848E-02    0.1617000000E+01
         8    0.2548000000E+02    0.2359356735E+02    0.0000000000E+00    0.5096000000E+00
         9    0.2817000000E+02    0.2730180869E+02   -0.2137426868E-01    0.4120000000E+00
        10    0.6524000000E+02    0.5685042884E+02   -0.1016185839E+00    0.6926000000E+00
        11    0.4537000000E+02    0.4042296420E+02    0.0000000000E+00    0.1206400000E+01
        12    0.1845000000E+02    0.2864325355E+02    0.4152753692E-01    0.1206600000E+01
        13    0.4263000000E+02    0.4436748711E+02   -0.6441327235E-01    0.6129000000E+00
        14    0.6056000000E+02    0.5172248157E+02   -0.1552778255E-01    0.1491800000E+01
        15    0.1790000000E+02    0.3278622891E+02   -0.1582297067E-01    0.7043000000E+00
        16    0.4216000000E+02    0.3701906069E+02   -0.2562389381E-01    0.7644000000E+00
        17    0.1464000000E+02    0.3823109814E+02   -0.2969072624E-01    0.7668000000E+00
        18    0.3120000000E+02    0.3270182835E+02    0.3871546549E-01    0.1341600000E+01
        19    0.1790000000E+02    0.2741128029E+02    0.2119530934E-01    0.9167000000E+00
        20    0.3007000000E+02    0.2756198212E+02    0.1172763301E-01    0.8117000000E+00
        21    0.3682000000E+02    0.3000455542E+02   -0.2598759165E-01    0.4697000000E+00
        22    0.5646000000E+02    0.6136352442E+02   -0.1206628615E+00    0.6557000000E+00
        23    0.6900000000E+02    0.7980922326E+02   -0.1620113982E+00    0.9336000000E+00
        24    0.7520000000E+02    0.7997883648E+02   -0.1574854370E+00    0.9938000000E+00
        25    0.6942000000E+02    0.6605172040E+02   -0.1465627859E+00    0.5455000000E+00
        26    0.6383000000E+02    0.6031158755E+02   -0.1196879937E+00    0.6236000000E+00
        27    0.5774000000E+02    0.6125744979E+02   -0.1177017014E+00    0.6861000000E+00
        28    0.2720000000E+02    0.1533232668E+02    0.6384543684E-01    0.9177000000E+00
        29    0.6276000000E+02    0.5984041341E+02   -0.1201724118E+00    0.5984000000E+00
        30    0.5060000000E+01    0.1510399646E+02    0.0000000000E+00    0.1581000000E+00
        31    0.5015000000E+02    0.4307090225E+02    0.1575955233E-01    0.1501200000E+01
        32    0.2680000000E+02    0.2721401308E+02    0.0000000000E+00    0.6595000000E+00
        33    0.7420000000E+02    0.6976412910E+02   -0.1570490657E+00    0.5760000000E+00
        34    0.6511000000E+02    0.7519761110E+02   -0.1846561080E+00    0.4766000000E+00
        35    0.6029000000E+02    0.6015958296E+02   -0.6578796744E-01    0.1250600000E+01
        36    0.4460000000E+02    0.4374573169E+02   -0.2871420605E-01    0.1006600000E+01
