      rank       #data_overlap        size_overlap          feature_ID
         1                  36             0.15737   (       1)
         2                  36             0.22612   (       2)
         3                  37             0.21237   (       3)
         4                  37             0.28456   (       4)
         5                  37             0.56215   (       5)
         6                  38             0.22612   (       6)
         7                  38             0.29915   (       7)
         8                  38             0.29915   (       8)
         9                  38             0.40148   (       9)
        10                  39             0.22612   (      10)
        11                  39             0.22612   (      11)
        12                  39             0.22612   (      12)
        13                  39             0.29915   (      13)
        14                  39             0.29915   (      14)
        15                  39             0.29915   (      15)
        16                  39             0.29915   (      16)
        17                  39             0.29915   (      17)
        18                  39             0.29915   (      18)
        19                  39             0.30658   (      19)
        20                  39             0.34257   (      20)
        21                  40             0.29911   (      21)
        22                  40             0.29915   (      22)
        23                  40             0.31868   (      23)
        24                  41             0.29121   (      26)
        25                  41             0.31952   (      27)
        26                  41             0.32002   (      28)
        27                  41             0.36908   (      29)
        28                  41             0.36968   (      30)
        29                  41             0.48249   (      31)
        30                  41             0.56681   (      32)
        31                  41             1.00000   (      34)
        32                  41             1.00000   (      35)
        33                  41             1.00000   (      36)
        34                  41             1.00000   (      37)
        35                  41             1.00000   (      38)
        36                  41             1.00000   (      39)
        37                  41             1.00000   (      40)
        38                  41             1.00000   (      41)
        39                  41             1.00000   (      42)
        40                  42             0.31797   (      43)
        41                  42             0.36410   (      44)
        42                  42             0.36686   (      45)
        43                  42             0.36968   (      46)
        44                  42             0.42842   (      47)
        45                  42             0.51586   (      48)
        46                  42             0.63163   (      49)
        47                  42             1.00000   (      50)
        48                  42             1.00000   (      51)
        49                  42             1.00000   (      52)
        50                  42             1.00000   (      53)
        51                  42             1.00000   (      54)
        52                  42             1.00000   (      55)
        53                  42             1.00000   (      56)
        54                  42             1.00000   (      57)
        55                  42             1.00000   (      58)
        56                  42             1.00000   (      59)
        57                  42             1.00000   (      60)
        58                  42             1.00000   (      61)
        59                  42             1.00000   (      62)
        60                  42             1.00000   (      63)
        61                  42             1.00000   (      64)
        62                  42             1.00000   (      65)
        63                  42             1.00000   (      66)
        64                  42             1.00000   (      67)
        65                  42             1.00000   (      68)
        66                  42             1.00000   (      69)
        67                  42             1.00000   (      70)
        68                  42             1.00000   (      71)
        69                  42             1.00000   (      72)
        70                  42             1.00000   (      73)
        71                  42             1.00000   (      74)
        72                  42             1.00000   (      75)
        73                  42             1.00000   (      76)
        74                  42             1.00000   (      77)
        75                  43             0.32344   (      78)
        76                  43             0.36968   (      79)
        77                  43             0.36968   (      80)
        78                  43             0.45057   (      81)
        79                  43             0.48676   (      82)
        80                  43             0.48683   (      83)
        81                  43             0.48683   (      84)
        82                  43             0.48683   (      85)
        83                  43             0.55532   (      86)
        84                  43             0.55532   (      87)
        85                  43             0.55532   (      88)
        86                  43             0.57397   (      89)
        87                  43             0.58853   (      90)
        88                  43             0.58861   (      91)
        89                  43             0.58861   (      92)
        90                  43             0.58861   (      93)
        91                  43             0.58861   (      94)
        92                  43             0.61259   (      95)
        93                  43             0.63163   (     101)
        94                  43             0.63163   (      96)
        95                  43             0.63163   (      97)
        96                  43             0.63163   (      98)
        97                  43             0.63163   (      99)
        98                  43             0.63163   (     100)
        99                  43             0.67602   (     102)
       100                  43             0.77693   (     103)
