        Rank        RMSE       MaxAE  Feature_ID
           1   36.336293  102.316835  (       1)
           2   36.360444   94.922379  (       2)
           3   36.567072  107.371780  (       3)
           4   36.607345   94.140220  (       4)
           5   36.851901   98.709608  (       5)
           6   36.889387  102.909729  (       6)
           7   36.900180   93.829221  (       7)
           8   36.957131  102.574362  (       8)
           9   36.998043  113.581370  (       9)
          10   37.017933  114.612984  (      10)
          11   37.086661  100.738420  (      11)
          12   37.107727   95.834800  (      12)
          13   37.204244   80.442318  (      13)
          14   37.211085  105.638168  (      14)
          15   37.211300  107.120659  (      15)
          16   37.255569  113.834415  (      16)
          17   37.263633  112.436648  (      17)
          18   37.272642  106.652149  (      18)
          19   37.300855   90.038448  (      19)
          20   37.303118  105.075202  (      20)
          21   37.332564  106.961532  (      21)
          22   37.343329  111.455584  (      22)
          23   37.352569   93.662398  (      23)
          24   37.360793   90.671521  (      24)
          25   37.390137   96.542624  (      25)
          26   37.399708  107.895138  (      26)
          27   37.412717  106.971287  (      27)
          28   37.415321  107.356167  (      28)
          29   37.435482  108.133191  (      29)
          30   37.482862  107.196450  (      30)
          31   37.491698  111.057178  (      31)
          32   37.517330  108.305116  (      32)
          33   37.531559   94.232030  (      33)
          34   37.549218  115.508522  (      34)
          35   37.559612  104.230592  (      35)
          36   37.565941  112.775276  (      36)
          37   37.647855   99.890977  (      37)
          38   37.650907  112.208666  (      38)
          39   37.662018   90.083507  (      39)
          40   37.676807  114.256561  (      40)
          41   37.704414  107.377430  (      41)
          42   37.705963  113.831709  (      42)
          43   37.721700   99.744442  (      43)
          44   37.727724  119.270181  (      44)
          45   37.730190  113.536376  (      45)
          46   37.731825   89.092300  (      46)
          47   37.752966  117.513055  (      47)
          48   37.770217  103.724879  (      48)
          49   37.783178  105.473989  (      49)
          50   37.786055  108.306875  (      50)
          51   37.806153  109.020396  (      51)
          52   37.815995  113.435838  (      52)
          53   37.818303   94.325066  (      53)
          54   37.826864   81.718196  (      54)
          55   37.833603  108.774214  (      55)
          56   37.842707  111.265679  (      56)
          57   37.844544  113.662940  (      57)
          58   37.856130  103.920275  (      58)
          59   37.856205  114.791305  (      59)
          60   37.866902  115.579405  (      60)
          61   37.880150  112.495521  (      61)
          62   37.886609  117.232124  (      62)
          63   37.902253  105.931186  (      63)
          64   37.905200  116.952752  (      64)
          65   37.905895  104.637892  (      65)
          66   37.916516  102.291516  (      66)
          67   37.936760  106.053984  (      67)
          68   37.949476  100.947167  (      68)
          69   37.950877  103.432378  (      69)
          70   37.951946  114.084527  (      70)
          71   37.954806  107.886792  (      71)
          72   37.958192  112.217666  (      72)
          73   37.988540  107.308228  (      73)
          74   37.992026  107.927487  (      74)
          75   37.994683  110.038887  (      75)
          76   38.012457  111.641634  (      76)
          77   38.020294  114.022106  (      77)
          78   38.041508   93.703412  (      78)
          79   38.043768  113.749096  (      79)
          80   38.050425  114.953826  (      80)
          81   38.054288   90.927836  (      81)
          82   38.057240  124.102138  (      82)
          83   38.059661  113.269579  (      83)
          84   38.086868  106.323422  (      84)
          85   38.092286   91.540125  (      85)
          86   38.096306  103.418983  (      86)
          87   38.109348   93.326373  (      87)
          88   38.124197  112.423155  (      88)
          89   38.128786  111.174484  (      89)
          90   38.129562  105.319721  (      90)
          91   38.130113  114.553472  (      91)
          92   38.136442  115.485816  (      92)
          93   38.147460  114.585357  (      93)
          94   38.149635  110.501363  (      94)
          95   38.151295   90.853654  (      95)
          96   38.166263  115.658676  (      96)
          97   38.171033  129.699572  (      97)
          98   38.186408  114.558799  (      98)
          99   38.188613  106.417183  (      99)
         100   38.193389  105.147958  (     100)
