        Rank        RMSE       MaxAE  Feature_ID
           1   29.446776   65.261399  (       1)
           2   30.291771   63.204436  (       2)
           3   30.492902   72.937419  (       3)
           4   30.704493   71.055936  (       4)
           5   31.065166   93.394646  (       5)
           6   31.250488   64.987446  (       6)
           7   31.269282   92.942145  (       7)
           8   31.350611  100.524851  (       8)
           9   31.365878   94.159330  (       9)
          10   31.441609   92.429605  (      10)
          11   31.472511   75.196619  (      11)
          12   31.552631   99.013272  (      12)
          13   31.575902   86.671539  (      13)
          14   31.576345   86.100960  (      14)
          15   31.603000   87.128307  (      15)
          16   31.678086   87.611985  (      16)
          17   31.725117   90.140332  (      17)
          18   31.771862   86.320814  (      18)
          19   31.781145   87.654482  (      19)
          20   31.796682   78.446221  (      20)
          21   31.896529   81.549587  (      21)
          22   31.932609   98.746526  (      22)
          23   31.951638   71.355070  (      23)
          24   31.952070   69.932559  (      24)
          25   31.954624  100.737950  (      25)
          26   31.975739   85.317213  (      26)
          27   31.984829   88.204979  (      27)
          28   32.017912   87.197502  (      28)
          29   32.055379   69.448705  (      29)
          30   32.127221   83.770146  (      30)
          31   32.141080   84.497385  (      31)
          32   32.161975   73.148103  (      32)
          33   32.173070   68.816433  (      33)
          34   32.178338   84.224823  (      34)
          35   32.191465   88.719118  (      35)
          36   32.209941   97.949603  (      36)
          37   32.218404   74.462940  (      37)
          38   32.222965   86.439198  (      38)
          39   32.246371   90.158819  (      39)
          40   32.266814   74.106505  (      40)
          41   32.277674   71.811524  (      41)
          42   32.311611   86.194032  (      42)
          43   32.319523   88.140555  (      43)
          44   32.332588  101.518122  (      44)
          45   32.335889   91.407644  (      45)
          46   32.336963   82.612259  (      46)
          47   32.337201   95.010047  (      47)
          48   32.340369   84.356227  (      48)
          49   32.360210   83.025114  (      49)
          50   32.369400   95.385775  (      50)
          51   32.380921   81.986633  (      51)
          52   32.417111  103.382836  (      52)
          53   32.432137   89.008188  (      53)
          54   32.432746   79.023990  (      54)
          55   32.442844   86.009762  (      55)
          56   32.453123   97.574091  (      56)
          57   32.532037   77.396959  (      57)
          58   32.549992   72.253146  (      58)
          59   32.577792   75.265498  (      59)
          60   32.578485   84.967578  (      60)
          61   32.579058   75.055421  (      61)
          62   32.584874   75.249185  (      62)
          63   32.592194   86.448055  (      63)
          64   32.607232   74.431743  (      64)
          65   32.625687   99.801217  (      65)
          66   32.626404   63.197726  (      66)
          67   32.641139   89.572622  (      67)
          68   32.650379  103.222974  (      68)
          69   32.657933   88.016284  (      69)
          70   32.664823  104.886437  (      70)
          71   32.700758   90.073517  (      71)
          72   32.720560   88.567586  (      72)
          73   32.744604   87.124196  (      73)
          74   32.788485   83.226368  (      74)
          75   32.801437   86.815174  (      75)
          76   32.818095   91.849796  (      76)
          77   32.824335   94.903415  (      77)
          78   32.834783   80.526862  (      78)
          79   32.834791  112.555690  (      79)
          80   32.837560   91.533838  (      80)
          81   32.843145   82.359724  (      81)
          82   32.848498   88.777044  (      82)
          83   32.849995   87.385274  (      83)
          84   32.853102   88.673869  (      84)
          85   32.859011  101.153350  (      85)
          86   32.878712   76.842443  (      86)
          87   32.881896   90.290124  (      87)
          88   32.888391  106.257330  (      88)
          89   32.889004   71.223372  (      89)
          90   32.925369   86.878621  (      90)
          91   32.934127   87.870327  (      91)
          92   32.940955   84.960448  (      92)
          93   32.941490   89.270956  (      93)
          94   32.946698   83.674307  (      94)
          95   32.954815   80.256291  (      95)
          96   32.958094  101.555052  (      96)
          97   32.964466   94.408798  (      97)
          98   32.973867   86.320073  (      98)
          99   32.985264   79.900601  (      99)
         100   32.990858   86.764253  (     100)
