Model_ID, [(c_i,i=0,n)_j,j=1,ntask]
           1    0.2971148662E+02   -0.4615554915E+02
           2    0.3032978497E+02   -0.5057988533E+02
           3    0.3127534698E+02   -0.5234221649E+02
           4    0.3062990301E+02   -0.4634221780E+02
           5    0.3194171336E+02   -0.5006314011E+02
           6    0.3094871749E+02   -0.5155634154E+02
           7    0.3099901866E+02   -0.5131994645E+02
           8    0.3070410076E+02   -0.4739723320E+02
           9    0.3904224682E+02    0.5061334558E+02
          10    0.3233114469E+02   -0.5406576605E+02
          11    0.3140125743E+02   -0.5146631962E+02
          12    0.3113144553E+02   -0.4919334345E+02
          13    0.3141130334E+02   -0.5100370345E+02
          14    0.3116491897E+02   -0.4760628736E+02
          15    0.3146857048E+02   -0.5134839036E+02
          16    0.3035813360E+02   -0.4554918932E+02
          17    0.3165082866E+02   -0.5096933673E+02
          18    0.3158279858E+02    0.5112997585E+02
          19    0.3149901824E+02   -0.5127337864E+02
          20    0.3154599927E+02    0.5116210291E+02
          21    0.3159421062E+02   -0.5104376405E+02
          22    0.3641256203E+02   -0.5319014087E+02
          23    0.3151131680E+02   -0.5118295315E+02
          24    0.3144553896E+02   -0.5132941348E+02
          25    0.3162668891E+02   -0.5095702379E+02
          26    0.3143607788E+02   -0.5282752215E+02
          27    0.3169542278E+02   -0.5082766330E+02
          28    0.3128078719E+02   -0.5241752839E+02
          29    0.3177091111E+02    0.5155712333E+02
          30    0.3172563721E+02   -0.5108602620E+02
          31    0.3159391517E+02   -0.4859941972E+02
          32    0.3230650708E+02   -0.4931648063E+02
          33    0.3163055966E+02   -0.5138271161E+02
          34    0.2990006933E+02   -0.4547270974E+02
          35    0.3152242401E+02    0.4976514903E+02
          36    0.3044787909E+02   -0.5012269056E+02
          37    0.3173610245E+02   -0.5115605399E+02
          38    0.3091185166E+02   -0.5185237300E+02
          39    0.3048132699E+02   -0.5103764172E+02
          40    0.3049389284E+02   -0.4278843891E+02
          41    0.3316995658E+02    0.5637176700E+02
          42    0.6556261439E+02   -0.5238606549E+02
          43    0.1843967903E+02    0.5769882054E+02
          44    0.3244962682E+02   -0.3921702706E+02
          45    0.2969300187E+02   -0.4890389679E+02
          46    0.3315239210E+02   -0.4012189944E+02
          47    0.2317368463E+02    0.5157816253E+02
          48    0.3078090500E+02    0.5154782869E+02
          49    0.3210779465E+02   -0.4927402875E+02
          50    0.3807666385E+02   -0.4829576619E+02
          51    0.6549909282E+02   -0.5799157498E+02
          52    0.6870800500E+02    0.4444854264E+02
          53    0.3125103617E+02   -0.4845589666E+02
          54    0.3075151840E+02   -0.5603008757E+02
          55    0.3094246688E+02   -0.4912947684E+02
          56    0.3049109782E+02   -0.4888621110E+02
          57    0.3224539367E+02   -0.5015758617E+02
          58    0.2959381959E+02   -0.4469341394E+02
          59    0.6637039055E+02   -0.5332955215E+02
          60    0.3372966679E+02   -0.3703020381E+02
          61    0.3344749193E+02   -0.4603949994E+02
          62    0.6511967245E+02   -0.5762163103E+02
          63    0.3233584060E+02    0.4970261293E+02
          64    0.3046767271E+02   -0.3996090086E+02
          65    0.3698293916E+02    0.4633227925E+02
          66    0.2988195788E+02   -0.4691070378E+02
          67    0.3196801314E+02   -0.5139118076E+02
          68    0.3038409739E+02   -0.4677988298E+02
          69    0.3208495044E+02   -0.5239863984E+02
          70    0.3121410035E+02   -0.4888287871E+02
          71    0.3118610774E+02   -0.5046858312E+02
          72    0.3139305644E+02   -0.5572287373E+02
          73    0.3030176694E+02   -0.4971391157E+02
          74    0.3310208789E+02    0.1591876567E+03
          75    0.2978004176E+02   -0.4761583507E+02
          76    0.3149469258E+02   -0.5108089974E+02
          77    0.2573016611E+02    0.4239197633E+02
          78    0.3763856827E+02    0.4480041938E+02
          79    0.3527684928E+02   -0.4953706749E+02
          80    0.3400037724E+02    0.4571986799E+02
          81    0.3211950862E+02   -0.5300571861E+02
          82    0.3156254034E+02   -0.5095818199E+02
          83    0.3174155020E+02   -0.5059112226E+02
          84    0.3172333881E+02   -0.5120184734E+02
          85    0.3167370916E+02    0.5075255387E+02
          86    0.3323409360E+02    0.4468647310E+02
          87    0.3237320178E+02   -0.4943384309E+02
          88    0.2271624074E+02    0.5315453004E+02
          89    0.3146476752E+02   -0.5278092023E+02
          90    0.2261517953E+02    0.5282858097E+02
          91    0.7236079843E+02    0.4237897061E+02
          92    0.3159359381E+02   -0.5087920185E+02
          93    0.3479249862E+02   -0.5157280065E+02
          94    0.3163910511E+02    0.5077439133E+02
          95    0.3131436826E+02   -0.4698754529E+02
          96    0.3012812210E+02   -0.4578455829E+02
          97    0.3168590131E+02   -0.5066225005E+02
          98    0.3095224286E+02   -0.4636524640E+02
          99    0.3351517772E+02    0.4739559927E+02
         100    0.3106002120E+02   -0.5141594575E+02
