        Rank        RMSE       MaxAE  Feature_ID
           1    7.342872   20.850455  (     365   14058)
           2    7.342913   15.732329  (    8132   12890)
           3    7.376028   16.834265  (    1415    5222)
           4    7.406955   15.803242  (    9207   12890)
           5    7.419821   16.888683  (    8132   10706)
           6    7.419970   16.957494  (    1415    6472)
           7    7.438573   16.532878  (    9630   14058)
           8    7.440791   21.084827  (     719   14058)
           9    7.444451   17.777532  (     192   14058)
          10    7.448951   16.522961  (    9207   10706)
          11    7.469438   20.521949  (     719   18945)
          12    7.473961   20.246044  (     365   18945)
          13    7.526482   21.039394  (     945   14058)
          14    7.528626   18.272487  (      32   12560)
          15    7.537740   15.421618  (    9477   12890)
          16    7.540832   20.568101  (     609   14058)
          17    7.542746   16.785984  (    1903   12890)
          18    7.546768   17.423674  (    8132   13351)
          19    7.551207   20.477593  (     945   18945)
          20    7.563710   15.897511  (    3412   12890)
          21    7.565764   20.675642  (     768   14058)
          22    7.566980   21.008332  (    1096   14058)
          23    7.574766   19.986285  (    2381   16319)
          24    7.576802   15.795103  (    1482   11448)
          25    7.589288   20.447396  (    1096   18945)
          26    7.590181   15.859906  (    3412   18945)
          27    7.593111   16.596766  (    8132   11448)
          28    7.595331   19.498500  (    5000   12890)
          29    7.597037   20.042374  (    5859   14058)
          30    7.597492   19.408772  (     365   10706)
          31    7.599228   21.117903  (    2381   10706)
          32    7.600101   17.214232  (     192   18945)
          33    7.601370   15.181143  (    3412   10706)
          34    7.602396   15.923008  (    3412   11448)
          35    7.607252   20.750668  (     947   14058)
          36    7.609442   15.815436  (    1482   12890)
          37    7.610235   21.266139  (    2381   14058)
          38    7.611613   20.662915  (    1412   14058)
          39    7.617228   16.228383  (    9207   11448)
          40    7.617288   16.409447  (     192   10706)
          41    7.619219   15.739672  (    1482   18945)
          42    7.622053   16.193738  (    9477   18945)
          43    7.627068   15.674177  (    8132   18945)
          44    7.627499   15.920357  (    9630   18945)
          45    7.631575   20.916137  (    2381   18945)
          46    7.634566   17.692414  (     501   18945)
          47    7.634867   20.280195  (     989   18945)
          48    7.636404   15.112529  (    1482   10706)
          49    7.636604   20.823797  (     989   14058)
          50    7.638999   19.652747  (     719   10706)
          51    7.639769   19.510675  (    6328   12890)
          52    7.641628   16.225559  (    3412   14058)
          53    7.642864   20.409977  (    1244   14058)
          54    7.654540   20.214294  (    4223   10096)
          55    7.655553   16.260399  (    8132   10096)
          56    7.656390   20.562299  (    1456   14058)
          57    7.658028   17.077181  (    9477   10706)
          58    7.662200   19.976656  (     365   16319)
          59    7.663144   17.400775  (    8132   16694)
          60    7.668033   19.765293  (     719   12890)
          61    7.668646   20.892323  (    4534   14058)
          62    7.674149   17.351435  (     501   12890)
          63    7.675877   16.096876  (    1482   14058)
          64    7.677213   20.325403  (    4534   18945)
          65    7.679153   15.434096  (    9207   18945)
          66    7.680496   21.055254  (    4141   12890)
          67    7.683755   17.518519  (    3488   18945)
          68    7.684033   20.074453  (     768   18945)
          69    7.685064   20.368510  (    2689   18945)
          70    7.686628   20.784413  (    1274   12890)
          71    7.687660   20.083195  (    1274   10706)
          72    7.688566   20.165275  (     947   18945)
          73    7.690009   15.959671  (     956   14732)
          74    7.690928   19.609728  (    4223   12890)
          75    7.693461   17.155901  (    9207   13351)
          76    7.699040   19.487656  (     365   12890)
          77    7.699640   17.225322  (    4822   10232)
          78    7.699806   16.500309  (     192   12890)
          79    7.707291   19.095011  (     327   13880)
          80    7.710199   19.945169  (     609   18945)
          81    7.710909   20.909719  (    2689   14058)
          82    7.711032   20.244714  (    5296   10096)
          83    7.717470   18.891005  (    4223   10706)
          84    7.720692   19.606761  (     945   10706)
          85    7.720857   18.443760  (    1903   10706)
          86    7.727714   16.049567  (    8132   14058)
          87    7.729258   19.014862  (     327   13793)
          88    7.730000   19.415864  (    5859   18945)
          89    7.731323   18.776022  (    5000   10706)
          90    7.731808   21.174667  (    2707   12890)
          91    7.732696   16.389949  (    1482   15590)
          92    7.733777   18.833306  (     501   10706)
          93    7.736252   18.966912  (    8132   10730)
          94    7.739508   20.982873  (    1509   12890)
          95    7.739769   19.639223  (    5296   12890)
          96    7.742128   19.722813  (     945   12890)
          97    7.743050   20.736407  (     407   12890)
          98    7.743121   20.867690  (    2106   14058)
          99    7.743890   16.384540  (    1482   15538)
         100    7.745200   20.058253  (     407   10706)
