        Rank        RMSE       MaxAE  Feature_ID
           1   27.693016   88.035759  (      64   13860)
           2   27.750173   89.673759  (      64   17480)
           3   27.762715   85.279254  (      64   10343)
           4   27.781992   86.624576  (      64   11499)
           5   27.822405   94.033170  (      64   13251)
           6   27.987669   96.247381  (      64   10874)
           7   27.997393   94.287150  (      64   14683)
           8   28.009413   98.748494  (      64   19885)
           9   28.028930   93.292223  (      64   10985)
          10   28.039979   89.714786  (    1923   16837)
          11   28.046074   90.289691  (      72   17271)
          12   28.076696   94.909569  (      64   15624)
          13   28.082041   90.874375  (    1736   13251)
          14   28.093385   93.293605  (      64   10671)
          15   28.136340   93.379660  (      64   12627)
          16   28.138271   90.644333  (      64   18869)
          17   28.142693   93.673338  (      64   11859)
          18   28.147437   92.780939  (      72   12300)
          19   28.149310   96.181915  (      72   13860)
          20   28.167264   94.602752  (      64   10714)
          21   28.186152   94.695733  (      64   10661)
          22   28.190056   93.302792  (      64   11882)
          23   28.191845   92.969570  (    1736   10708)
          24   28.195711   94.729858  (      64   10582)
          25   28.196311   90.488774  (      72   14094)
          26   28.196892   93.276093  (      64   11442)
          27   28.204481   88.984185  (    1736   18869)
          28   28.210846   94.698979  (      64   10849)
          29   28.227282   89.927895  (    7025   11887)
          30   28.228784   91.502666  (      72   11713)
          31   28.238002   92.792157  (      64   13001)
          32   28.241616   94.762122  (      64   10918)
          33   28.266697   92.923033  (      64   12083)
          34   28.274718  100.170507  (      72   11499)
          35   28.280653   93.284415  (      64   13149)
          36   28.287572   91.989536  (      64   11066)
          37   28.305402  110.378298  (    4265   14239)
          38   28.305791   90.725319  (     841   10874)
          39   28.319672   93.191617  (      64   11673)
          40   28.333334   93.289628  (      64   14751)
          41   28.334224   91.685031  (      72   13300)
          42   28.358315   97.055935  (      72   17480)
          43   28.363984   92.935726  (    1736   11292)
          44   28.371095   87.826937  (      64   19360)
          45   28.374659   86.425843  (    6262   18411)
          46   28.384450   91.220873  (      64   17473)
          47   28.390845   98.475324  (      64   10282)
          48   28.399157   98.867703  (      64   17800)
          49   28.411721   94.505990  (      72   11302)
          50   28.415381   95.789844  (      58   12324)
          51   28.429479   89.202867  (     885   11100)
          52   28.440128   92.320699  (      64   16993)
          53   28.440172   90.441836  (    7025   12528)
          54   28.442857   92.571701  (      64   11281)
          55   28.443546   91.351174  (     938   10521)
          56   28.446073  103.494351  (      64   12300)
          57   28.453997   92.210336  (      64   16257)
          58   28.459272   86.053119  (    7082   18411)
          59   28.475129   98.627033  (      72   10343)
          60   28.480416   93.878574  (      72   18797)
          61   28.484018   97.267549  (      64   16189)
          62   28.487515  108.545741  (    4265   10290)
          63   28.488766   93.108508  (      64   16204)
          64   28.495433   92.230729  (      64   14898)
          65   28.498697  102.489941  (      64   10226)
          66   28.503192   95.429442  (      64   13300)
          67   28.509199   89.516406  (      64   14525)
          68   28.516536   95.885161  (      58   11828)
          69   28.524021   93.673286  (      64   11121)
          70   28.525145   88.201402  (      64   17082)
          71   28.530311   97.096331  (      64   14245)
          72   28.530381   91.461236  (      64   18380)
          73   28.532421   88.996288  (    1923   10194)
          74   28.533077   95.328817  (     480   16837)
          75   28.534240   98.004250  (     841   13251)
          76   28.538621   93.577256  (      72   18984)
          77   28.545091   90.845711  (      64   19632)
          78   28.549084   92.402323  (    1121   10521)
          79   28.550995   99.649634  (      58   10290)
          80   28.553557   91.761961  (      64   16947)
          81   28.564677   91.935980  (      64   19920)
          82   28.564726   90.688909  (      64   19028)
          83   28.564903   93.452405  (      72   19128)
          84   28.565422   92.215006  (      64   19823)
          85   28.565844   91.714060  (      64   18625)
          86   28.565911   91.711871  (      64   18618)
          87   28.567559   91.665589  (      64   18374)
          88   28.567649   91.663370  (      64   18366)
          89   28.570745   88.441296  (      72   14776)
          90   28.572518   93.323516  (      72   19231)
          91   28.576209   93.203189  (      64   15745)
          92   28.578738   92.241571  (      64   19169)
          93   28.581792   95.429406  (      64   10708)
          94   28.583555   93.381039  (      72   18562)
          95   28.583746   93.387678  (      72   18386)
          96   28.585406   96.319990  (      64   12794)
          97   28.587475   93.349228  (      72   19319)
          98   28.588424   91.365503  (      64   17359)
          99   28.588657   91.363105  (      64   17353)
         100   28.590341   93.404159  (      72   17873)
