Model_ID, [(c_i,i=0,n)_j,j=1,ntask]
           1    0.3017253386E+03    0.2838737596E+03    0.9628704073E+02
           2    0.2959997746E+03    0.2673082652E+03   -0.2206029853E+03
           3    0.3016297225E+03    0.2822613551E+03    0.1164290684E+03
           4    0.3001597527E+03    0.2795245600E+03    0.1109125894E+03
           5    0.2974731673E+03    0.2713066821E+03    0.1584136654E+03
           6    0.3016224235E+03    0.2857919255E+03   -0.1113927400E+03
           7    0.2997694564E+03    0.2729932672E+03    0.2818235026E+03
           8    0.2964487997E+03    0.2709448206E+03   -0.1834075376E+03
           9    0.2983686075E+03    0.2722673654E+03   -0.2370816436E+03
          10    0.3011437928E+03    0.2847359404E+03   -0.2097154211E+03
          11    0.3113873973E+03    0.2935647636E+03    0.7707656499E+03
          12    0.2988711161E+03    0.2744238286E+03   -0.2047124140E+03
          13    0.2954196706E+03    0.2654580581E+03    0.1789137777E+03
          14    0.2985250596E+03    0.2716778935E+03   -0.2325343139E+03
          15    0.2982482455E+03    0.2731807885E+03   -0.2312492122E+03
          16    0.2949261660E+03    0.2679759986E+03    0.1564584565E+03
          17    0.2986344196E+03    0.2727904026E+03   -0.2322811460E+03
          18    0.3112782129E+03    0.3046234258E+03   -0.9089648767E+02
          19    0.3082917413E+03    0.2971570102E+03    0.9425407959E+02
          20    0.2990901774E+03    0.2748666057E+03   -0.2195511830E+03
          21    0.2991570399E+03    0.2749846032E+03   -0.2185101651E+03
          22    0.2983794107E+03    0.2723265547E+03   -0.2312735338E+03
          23    0.2982261694E+03    0.2715064025E+03   -0.2391265156E+03
          24    0.2992186608E+03    0.2748695116E+03   -0.2187245783E+03
          25    0.3041101324E+03    0.3013858134E+03    0.2597003309E+03
          26    0.2985831431E+03    0.2713630197E+03   -0.2329739979E+03
          27    0.2926374526E+03    0.2618406416E+03    0.1784973605E+03
          28    0.2990984434E+03    0.2752559769E+03   -0.2168197411E+03
          29    0.3087125097E+03    0.3222497617E+03    0.1114598229E+03
          30    0.3124320055E+03    0.2954185828E+03    0.6865769998E+03
          31    0.2977275914E+03    0.2716215570E+03   -0.1076835335E+03
          32    0.2991129444E+03    0.2754730900E+03   -0.2151361377E+03
          33    0.2981083326E+03    0.2718989186E+03    0.2294870930E+03
          34    0.3066343487E+03    0.2926469006E+03    0.1083508328E+03
          35    0.2981187102E+03    0.2733650648E+03   -0.2270475304E+03
          36    0.3004229537E+03    0.2830233794E+03   -0.1814086883E+03
          37    0.3227797529E+03    0.3231563948E+03    0.1738777464E+03
          38    0.3064251151E+03    0.2958922581E+03   -0.1218559136E+03
          39    0.2984605110E+03    0.2715579619E+03   -0.2292746694E+03
          40    0.2982050536E+03    0.2730144052E+03   -0.2287487152E+03
          41    0.3081507876E+03    0.2911036817E+03   -0.1000525518E+03
          42    0.3022439946E+03    0.2800484897E+03   -0.2144121429E+03
          43    0.2979846762E+03    0.2724269170E+03   -0.2325498845E+03
          44    0.3005424488E+03    0.2869742743E+03   -0.1296296098E+03
          45    0.3000177277E+03    0.2788256307E+03   -0.2269637467E+03
          46    0.2969209235E+03    0.2703884500E+03   -0.1541618611E+03
          47    0.3030986141E+03    0.2860425691E+03    0.8570529339E+02
          48    0.3028155375E+03    0.2890657699E+03    0.8797428372E+02
          49    0.3097982600E+03    0.2918358457E+03    0.6700343094E+03
          50    0.3052215811E+03   -0.1491571742E+03   -0.1977299396E+03
          51    0.3065886296E+03    0.2914778635E+03   -0.1694542763E+03
          52    0.2976635861E+03    0.2712322982E+03   -0.2313915839E+03
          53    0.3082547758E+03    0.3219593063E+03    0.1176500201E+03
          54    0.2973476930E+03    0.2719939079E+03   -0.1933672190E+03
          55    0.3023417504E+03    0.2857182730E+03    0.1656911198E+03
          56    0.3039928687E+03    0.2899680654E+03   -0.8893550830E+02
          57    0.2969696446E+03    0.2712946930E+03   -0.1985947750E+03
          58    0.2995405084E+03    0.2769835379E+03   -0.2281209512E+03
          59    0.3079864699E+03    0.2952066333E+03    0.1122778546E+03
          60    0.3129325304E+03    0.2975049773E+03   -0.5629344460E+03
          61    0.3020605069E+03    0.2866420398E+03   -0.1437226240E+03
          62    0.3253297483E+03    0.3271090419E+03    0.1871549784E+03
          63    0.2990733421E+03    0.2730216719E+03   -0.1112057393E+04
          64    0.2971263207E+03    0.2708086179E+03   -0.1955140469E+03
          65    0.3052211136E+03    0.2894968181E+03   -0.9289696345E+02
          66    0.3013231915E+03    0.2774476609E+03   -0.9868941727E+02
          67    0.2944401406E+03    0.2682228894E+03   -0.1245456408E+03
          68    0.3049858841E+03   -0.1495062184E+03   -0.1990563674E+03
          69    0.3002275683E+03    0.2803121754E+03    0.1884326331E+03
          70    0.2881378045E+03    0.2885982090E+03   -0.6694039694E+02
          71    0.3020528023E+03    0.2865522345E+03   -0.1514916986E+03
          72    0.3002003723E+03    0.2844965028E+03   -0.1782016063E+03
          73    0.3014920737E+03    0.2799624738E+03    0.1513498577E+03
          74    0.3069815500E+03    0.2988618428E+03   -0.1906296134E+03
          75    0.3014694347E+03    0.2792598393E+03    0.1691862814E+03
          76    0.3127022843E+03    0.2971435129E+03    0.5598109372E+03
          77    0.3001577713E+03    0.2863684865E+03   -0.2248334445E+03
          78    0.3018022368E+03    0.2836301343E+03    0.1665620901E+03
          79    0.3182898748E+03   -0.1428862723E+03    0.1518302132E+03
          80    0.2958078016E+03    0.2719210053E+03   -0.1153165130E+03
          81    0.2997682045E+03    0.2836444767E+03   -0.1759280526E+03
          82    0.2966401667E+03    0.2694896975E+03   -0.1331071841E+03
          83    0.3126062272E+03    0.2970001250E+03    0.5583544431E+03
          84    0.2969570756E+03    0.2714642843E+03   -0.1944451920E+03
          85    0.2999843734E+03    0.2840804000E+03   -0.1772602408E+03
          86    0.2999863996E+03    0.2840845646E+03   -0.1772718364E+03
          87    0.3000287967E+03    0.2841720620E+03   -0.1775104500E+03
          88    0.3000308083E+03    0.2841762303E+03   -0.1775215783E+03
          89    0.3088575589E+03    0.2924632071E+03   -0.1256637561E+03
          90    0.3125096566E+03    0.2968289577E+03   -0.5573591024E+03
          91    0.2982362790E+03    0.2726264997E+03   -0.2195651442E+03
          92    0.2970076352E+03    0.2713643199E+03   -0.1945068268E+03
          93    0.2996239438E+03    0.2762373076E+03   -0.2032916440E+03
          94    0.3125963651E+03    0.2966430918E+03   -0.5584155323E+03
          95    0.3126139788E+03    0.2965749607E+03   -0.5587028647E+03
          96    0.2989617573E+03    0.2813534566E+03    0.9026063405E+02
          97    0.3125265859E+03    0.2968841631E+03   -0.5570863956E+03
          98    0.3002842153E+03    0.2847146064E+03   -0.1787731421E+03
          99    0.3002861294E+03    0.2847187801E+03   -0.1787813820E+03
         100    0.3126762113E+03    0.2962977196E+03   -0.5594764085E+03
