        Rank        RMSE       MaxAE  Feature_ID
           1   33.690473  109.020978  (       1)
           2   34.262891  111.208157  (       2)
           3   34.292676   97.393182  (       3)
           4   34.360528  102.998626  (       4)
           5   34.390739  129.901113  (       5)
           6   34.462229  104.161636  (       6)
           7   34.505541  103.035689  (       7)
           8   34.541495  109.634597  (       8)
           9   34.602507  105.094420  (       9)
          10   34.861972  101.412964  (      10)
          11   34.868303  118.532122  (      11)
          12   34.882502   97.975624  (      12)
          13   34.900898  117.270669  (      13)
          14   34.933554  111.858868  (      14)
          15   34.956396  114.014400  (      15)
          16   34.967142  100.928889  (      16)
          17   35.044954   99.003741  (      17)
          18   35.195961  133.190469  (      18)
          19   35.200794  133.131974  (      19)
          20   35.242469  110.389460  (      20)
          21   35.274588  132.607503  (      21)
          22   35.310349  134.861945  (      22)
          23   35.351347   97.166900  (      23)
          24   35.363908  132.238424  (      24)
          25   35.378829  135.381709  (      25)
          26   35.387098  129.046696  (      26)
          27   35.393996  135.451833  (      27)
          28   35.400038  104.386612  (      28)
          29   35.422959   99.598918  (      29)
          30   35.440224  112.727642  (      30)
          31   35.442382   94.956420  (      31)
          32   35.477599   99.484158  (      32)
          33   35.512565  135.942807  (      33)
          34   35.518632  104.438474  (      34)
          35   35.520664  104.864527  (      35)
          36   35.522720   98.935749  (      36)
          37   35.526760  126.786952  (      37)
          38   35.526824  109.344502  (      38)
          39   35.574699  107.024667  (      39)
          40   35.583339  123.388471  (      40)
          41   35.585184   96.654261  (      41)
          42   35.587097  106.273212  (      42)
          43   35.591713  101.369983  (      43)
          44   35.594805  127.254196  (      44)
          45   35.602935  133.256009  (      45)
          46   35.605761   96.269340  (      46)
          47   35.617825  110.107240  (      47)
          48   35.625059  127.070660  (      48)
          49   35.635280  101.227815  (      49)
          50   35.700353  102.351453  (      50)
          51   35.710735  117.851041  (      51)
          52   35.742103  117.338905  (      52)
          53   35.763926  128.350127  (      53)
          54   35.771601  101.437154  (      54)
          55   35.778873  126.783763  (      55)
          56   35.789527   96.546665  (      56)
          57   35.794595  101.658326  (      57)
          58   35.813600   98.199777  (      58)
          59   35.814848  128.543960  (      59)
          60   35.847125  102.358233  (      60)
          61   35.850753  127.050436  (      61)
          62   35.883200  115.574294  (      62)
          63   35.887997  100.686597  (      63)
          64   35.904212   90.099727  (      64)
          65   35.916927  106.787859  (      65)
          66   35.919441  107.000548  (      66)
          67   35.920619  126.863887  (      67)
          68   35.926775   97.348885  (      68)
          69   35.932109   99.912923  (      69)
          70   35.938429  100.186071  (      70)
          71   35.948625  131.049741  (      71)
          72   35.957622   96.480435  (      72)
          73   35.960939  137.357737  (      73)
          74   35.970055  123.226037  (      74)
          75   35.970261  114.619676  (      75)
          76   35.973165  112.311811  (      76)
          77   35.973405   94.299594  (      77)
          78   35.993180  129.034203  (      78)
          79   35.999062  108.016291  (      79)
          80   36.027826  117.886135  (      80)
          81   36.037205  106.735958  (      81)
          82   36.046354  108.091506  (      82)
          83   36.052066  110.685654  (      83)
          84   36.066768  113.244952  (      84)
          85   36.071021  109.699327  (      85)
          86   36.073639  118.516782  (      86)
          87   36.074651  114.512261  (      87)
          88   36.081726  126.008728  (      88)
          89   36.082749  113.773401  (      89)
          90   36.089242  104.393615  (      90)
          91   36.094345  101.971958  (      91)
          92   36.108800  104.420547  (      92)
          93   36.113857  103.553363  (      93)
          94   36.122294  131.713407  (      94)
          95   36.124758  126.355180  (      95)
          96   36.126314  104.919463  (      96)
          97   36.127300  113.484431  (      97)
          98   36.139904  115.189243  (      98)
          99   36.140163   92.191212  (      99)
         100   36.143645  121.696304  (     100)
