        Rank        RMSE       MaxAE  Feature_ID
           1   10.476791   24.548106  (       1)
           2   10.897471   32.959345  (       2)
           3   10.942936   23.246036  (       3)
           4   11.181395   33.393119  (       4)
           5   11.201432   28.913750  (       5)
           6   11.223759   29.016098  (       6)
           7   11.440689   29.123547  (       7)
           8   11.473609   32.444768  (       8)
           9   11.507837   25.336351  (       9)
          10   11.543682   29.761875  (      10)
          11   11.578281   27.551157  (      11)
          12   11.589201   32.603691  (      12)
          13   11.600591   32.027919  (      13)
          14   11.644485   32.315088  (      14)
          15   11.648963   32.400245  (      15)
          16   11.659349   32.222558  (      16)
          17   11.665839   32.489394  (      17)
          18   11.674390   32.172899  (      18)
          19   11.678365   32.793184  (      19)
          20   11.680803   30.774230  (      20)
          21   11.697449   32.597037  (      21)
          22   11.700119   30.499433  (      22)
          23   11.708461   30.014334  (      23)
          24   11.723254   32.659987  (      24)
          25   11.742751   33.060633  (      25)
          26   11.743253   30.926803  (      26)
          27   11.755106   32.783359  (      27)
          28   11.762467   32.052402  (      28)
          29   11.785543   29.238813  (      29)
          30   11.794388   31.128829  (      30)
          31   11.795939   28.051514  (      31)
          32   11.800034   32.229603  (      32)
          33   11.809566   26.893560  (      33)
          34   11.817197   29.434453  (      34)
          35   11.818191   28.513500  (      35)
          36   11.823749   25.773526  (      36)
          37   11.838199   32.186662  (      37)
          38   11.849440   29.134182  (      38)
          39   11.862966   25.611442  (      39)
          40   11.894415   31.213386  (      40)
          41   11.898145   33.165111  (      41)
          42   11.913254   32.060671  (      42)
          43   11.916629   32.930888  (      43)
          44   11.919128   32.236521  (      44)
          45   11.940417   31.861370  (      45)
          46   11.941063   31.868296  (      46)
          47   11.941783   31.875248  (      47)
          48   11.942062   29.646158  (      48)
          49   11.956862   33.849625  (      49)
          50   11.962205   31.694628  (      50)
          51   11.962236   32.199592  (      51)
          52   11.965046   26.112100  (      52)
          53   11.969289   30.036470  (      53)
          54   11.972343   32.249574  (      54)
          55   11.972512   30.759114  (      55)
          56   11.976026   32.062673  (      56)
          57   11.979769   26.625030  (      57)
          58   11.985771   31.881426  (      58)
          59   11.987077   28.190426  (      59)
          60   11.987225   27.148423  (      60)
          61   11.995440   31.613992  (      61)
          62   12.001201   40.688052  (      62)
          63   12.001828   40.605132  (      63)
          64   12.015055   32.170072  (      64)
          65   12.017306   29.144477  (      65)
          66   12.018953   28.867441  (      66)
          67   12.020134   32.345028  (      67)
          68   12.022753   28.821174  (      68)
          69   12.029884   28.776717  (      69)
          70   12.030890   33.491386  (      70)
          71   12.039259   31.703441  (      71)
          72   12.043421   31.454301  (      72)
          73   12.053281   26.130828  (      73)
          74   12.055588   29.083654  (      74)
          75   12.063012   30.153277  (      75)
          76   12.063567   27.567805  (      76)
          77   12.063572   30.825720  (      77)
          78   12.075353   29.151558  (      78)
          79   12.075905   28.605098  (      79)
          80   12.080623   28.522761  (      80)
          81   12.081880   38.014657  (      81)
          82   12.093046   23.218864  (      82)
          83   12.097043   26.680256  (      83)
          84   12.099711   25.939067  (      84)
          85   12.101088   28.561529  (      85)
          86   12.103019   28.068817  (      86)
          87   12.106163   25.515642  (      87)
          88   12.106520   26.713011  (      88)
          89   12.108257   32.631846  (      89)
          90   12.109026   32.895137  (      90)
          91   12.110762   28.156615  (      91)
          92   12.124293   26.290526  (      92)
          93   12.124350   26.290581  (      93)
          94   12.124822   32.858093  (      94)
          95   12.127462   26.621652  (      95)
          96   12.129295   26.330032  (      96)
          97   12.130703   23.433392  (      97)
          98   12.133277   23.437469  (      98)
          99   12.136279   30.464401  (      99)
         100   12.138484   31.549196  (     100)
