Model_ID, [(c_i,i=0,n)_j,j=1,ntask]
           1    0.2423573480E+02   -0.1214568056E+03
           2    0.2702793102E+02   -0.2864826159E+02
           3    0.2355556947E+02   -0.1097993580E+03
           4    0.2761890833E+02   -0.2823852435E+02
           5    0.2634266024E+02   -0.2627154041E+02
           6    0.2645535324E+02   -0.2623592443E+02
           7    0.2988736846E+02   -0.2705731084E+02
           8    0.2569297348E+02   -0.3244973615E+02
           9    0.2265341947E+02   -0.1220903574E+03
          10    0.2484690826E+02   -0.2973856623E+02
          11    0.2837978360E+02    0.2691304898E+02
          12    0.2708007023E+02   -0.2758538067E+02
          13    0.2631827537E+02   -0.2807023602E+02
          14    0.2671961869E+02   -0.2777264866E+02
          15    0.2683421626E+02   -0.2769591507E+02
          16    0.2660447919E+02   -0.2783157957E+02
          17    0.2695935771E+02   -0.2760210264E+02
          18    0.2654545236E+02   -0.2785599479E+02
          19    0.2736074227E+02   -0.2734772862E+02
          20    0.2883497952E+02    0.2872135354E+02
          21    0.2711425313E+02   -0.2747894290E+02
          22    0.3109377357E+02    0.2954333185E+02
          23    0.2527847530E+02   -0.2946618541E+02
          24    0.2720826160E+02   -0.2739799134E+02
          25    0.2774740868E+02   -0.2703700023E+02
          26    0.2791263091E+02    0.2740650271E+02
          27    0.2738909314E+02   -0.2724822761E+02
          28    0.2642831306E+02   -0.2784724293E+02
          29    0.2896932579E+02   -0.2848063398E+02
          30    0.2814069115E+02   -0.2731813372E+02
          31    0.2905465339E+02    0.2657299113E+02
          32    0.2667095930E+02   -0.2767666657E+02
          33    0.2680358159E+02   -0.3499170881E+02
          34    0.2917680363E+02    0.2841737142E+02
          35    0.2801544479E+02   -0.3035523505E+02
          36    0.2540068041E+02    0.9002863388E+02
          37    0.2576105319E+02   -0.3155362855E+02
          38    0.3002709521E+02   -0.2624429345E+02
          39    0.2526092574E+02    0.8989473022E+02
          40    0.2935906082E+02    0.2837286027E+02
          41    0.2750740275E+02    0.2793486899E+02
          42    0.2561699970E+02   -0.3160325015E+02
          43    0.6194115827E+02    0.5295287210E+02
          44    0.2276192041E+02   -0.2564472090E+02
          45    0.2535884671E+02   -0.3176492934E+02
          46    0.2536850237E+02   -0.3175742950E+02
          47    0.2537822974E+02   -0.3174980712E+02
          48    0.3061423273E+02    0.2577092303E+02
          49    0.2292642364E+02   -0.9924474022E+02
          50    0.2514503862E+02   -0.3189423005E+02
          51    0.3015941035E+02   -0.2845854768E+02
          52    0.2586581061E+02    0.8926970661E+02
          53    0.3092396254E+02    0.2627843238E+02
          54    0.2934782341E+02   -0.2944672614E+02
          55    0.2424420356E+02   -0.1306816354E+03
          56    0.2564638389E+02   -0.3152802384E+02
          57    0.5883554090E+02   -0.4739728669E+02
          58    0.2629317002E+02   -0.2775384754E+02
          59    0.2899139373E+02   -0.2682336015E+02
          60    0.2911425597E+02   -0.2427231452E+02
          61    0.2505240642E+02   -0.3192718651E+02
          62    0.6403086159E+02    0.5327710457E+02
          63    0.6394970494E+02   -0.5328224097E+02
          64    0.2580931751E+02   -0.3137545694E+02
          65    0.3006593881E+02   -0.2606448897E+02
          66    0.2975470245E+02   -0.2627988340E+02
          67    0.2604218801E+02   -0.3121635421E+02
          68    0.2970365419E+02   -0.2630999459E+02
          69    0.2965515190E+02   -0.2633547707E+02
          70    0.2845076293E+02   -0.2632648478E+02
          71    0.2519049255E+02   -0.3179357051E+02
          72    0.2486544543E+02   -0.3200210362E+02
          73    0.2370185360E+02    0.2881136134E+02
          74    0.3000137999E+02   -0.2608802074E+02
          75    0.3116007111E+02    0.2867578462E+02
          76    0.2954997282E+02    0.2414417518E+02
          77    0.2885566766E+02   -0.1832328183E+02
          78    0.3008019494E+02    0.2601930186E+02
          79    0.2947128204E+02   -0.2641262972E+02
          80    0.2937738397E+02   -0.2648544356E+02
          81    0.2640924452E+02   -0.1121246669E+03
          82    0.2218312485E+02   -0.3908351798E+02
          83    0.2674591639E+02    0.8739901208E+02
          84    0.2561545531E+02    0.8973338849E+02
          85    0.2942673455E+02   -0.2641879030E+02
          86    0.2829748601E+02    0.2618631556E+02
          87    0.2689180752E+02   -0.1069343751E+03
          88    0.2680257410E+02    0.8725567605E+02
          89    0.2647862234E+02   -0.3080532133E+02
          90    0.6163535934E+02   -0.5235580952E+02
          91    0.2838862081E+02    0.2616822900E+02
          92    0.2617838364E+02    0.8846525435E+02
          93    0.2617848617E+02    0.8846497036E+02
          94    0.6149119497E+02   -0.5211897029E+02
          95    0.2944119025E+02    0.4404413071E+02
          96    0.2953003158E+02    0.2699125867E+02
          97    0.1833602900E+02    0.6559113448E+02
          98    0.1834307869E+02    0.6558125687E+02
          99    0.3170123890E+02   -0.2819191695E+02
         100    0.2901123652E+02    0.3305945635E+02
