        Rank        RMSE       MaxAE  Feature_ID
           1    2.461737    5.392580  (    2438   10281)
           2    2.471163    4.768338  (    1345   10308)
           3    2.471696    4.666105  (    1436   10308)
           4    2.474493    4.663291  (    1492   10308)
           5    2.494565    5.658714  (    2438   10308)
           6    2.494613    4.986649  (    1436   10339)
           7    2.495393    4.991451  (    1492   10339)
           8    2.495715    5.470744  (    3602   10281)
           9    2.502447    5.443975  (    2438   10291)
          10    2.511001    4.577940  (    1436   10281)
          11    2.512698    4.582302  (    1492   10281)
          12    2.512765    5.659048  (    2438   10339)
          13    2.516099    4.496138  (    1345   10281)
          14    2.519825    5.524529  (    4536   10281)
          15    2.520159    4.905278  (    1345   10339)
          16    2.522378    4.563968  (     219   10308)
          17    2.529331    5.551996  (    2438   10347)
          18    2.532108    4.576273  (     241   10308)
          19    2.532295    6.105875  (    2609   11052)
          20    2.535190    5.748281  (    3602   10339)
          21    2.535517    4.579780  (     256   10308)
          22    2.535800    5.616980  (    3602   10347)
          23    2.537496    5.498245  (    3602   10291)
          24    2.540095    4.994021  (     219   10291)
          25    2.541817    5.396056  (    1345   10291)
          26    2.543824    5.651181  (    4536   10347)
          27    2.543917    5.735448  (    3602   10308)
          28    2.543936    5.199684  (    1345   11096)
          29    2.545597    5.476569  (    1436   10291)
          30    2.547424    5.466551  (    1492   10291)
          31    2.548785    5.007477  (     241   10291)
          32    2.551323    5.011706  (     256   10291)
          33    2.552459    5.103842  (    1436   11096)
          34    2.552831    6.917581  (      87   10064)
          35    2.553284    5.808195  (    4536   10339)
          36    2.554756    5.101333  (    1492   11096)
          37    2.558481    4.875975  (    2357   10281)
          38    2.561702    5.526314  (    4536   10291)
          39    2.562266    4.788253  (    2357   10308)
          40    2.570859    6.811295  (     312   18794)
          41    2.576433    5.410181  (    2393   10339)
          42    2.576769    5.788443  (    4536   10308)
          43    2.581117    5.094938  (    2393   10347)
          44    2.590671    5.855725  (     158   10201)
          45    2.591050    4.741430  (    1492   10347)
          46    2.591192    4.756033  (    1436   10347)
          47    2.591233    5.451609  (    2852   10339)
          48    2.592157    5.930564  (    2609   11028)
          49    2.593116    5.805911  (     857   10606)
          50    2.593445    6.405273  (    1607   10064)
          51    2.594130    5.716051  (    8863   12116)
          52    2.595928    5.433597  (      38   10049)
          53    2.598064    6.011099  (    2357   10291)
          54    2.598778    4.912542  (    7715   10281)
          55    2.599055    5.712183  (     857   10308)
          56    2.599088    5.118500  (     969   10001)
          57    2.599724    5.197467  (    2357   10339)
          58    2.599869    5.594719  (    2888   10049)
          59    2.599980    5.396288  (     174   10001)
          60    2.600363    5.316367  (     172   10001)
          61    2.600945    5.262085  (     159   10001)
          62    2.602145    5.175574  (    9304   10127)
          63    2.602957    7.214365  (    5159   10171)
          64    2.604771    5.297926  (      38   10056)
          65    2.606730    5.976408  (     857   10281)
          66    2.607038    5.366771  (     199   10001)
          67    2.608026    5.967739  (       3   11497)
          68    2.608814    4.922781  (     219   10339)
          69    2.609629    4.712136  (    1345   10347)
          70    2.611563    5.731790  (    3078   10281)
          71    2.613381    5.813781  (    7966   10281)
          72    2.614384    4.938620  (     241   10339)
          73    2.614429    5.734783  (    2472   10012)
          74    2.614481    5.533580  (      16   10056)
          75    2.616122    4.943713  (     256   10339)
          76    2.618902    4.785525  (     219   10281)
          77    2.619194    5.111638  (    3648   10339)
          78    2.619517    5.226510  (     186   10001)
          79    2.619567    7.129246  (     312   10064)
          80    2.621322    5.832501  (       4   17132)
          81    2.621649    6.983226  (    5351   12116)
          82    2.622095    5.372897  (     383   10012)
          83    2.622960    7.722866  (      13   14197)
          84    2.623155    5.373392  (    2074   18794)
          85    2.623236    6.354008  (    1989   11052)
          86    2.623560    5.627417  (     857   11109)
          87    2.624889    7.139951  (    1345   11081)
          88    2.625152    5.478542  (     205   10001)
          89    2.625726    5.240599  (    2438   10617)
          90    2.626268    7.778127  (     857   10276)
          91    2.626321    5.688421  (    2609   13067)
          92    2.626794    4.798687  (     241   10281)
          93    2.626888    8.432945  (      52   11183)
          94    2.626905    6.064211  (       8   10001)
          95    2.627378    7.646885  (    2609   13299)
          96    2.627793    6.876055  (       3   10132)
          97    2.628663    6.621882  (      87   18794)
          98    2.628786    7.147351  (    5159   10299)
          99    2.628948    5.320163  (    6849   10127)
         100    2.629268    4.802660  (     256   10281)
