Materials	Properties	feature1	feature2	feature3	feature4	feature5	feature6	feature7	feature8	feature9	feature10	feature11	feature12	feature13	feature14	feature15	feature16	feature17	feature18	feature19
sample1	0.1000	0.0000	0.0000	0.0000	0.0000	0.0000	0.0000	0.0000	0.0000	0.0000	0.0000	0.0000	0.0000	0.0000	0.0000	0.0000	0.0000	1.0000	1.0000	0.9783
sample2	2.6000	0.0000	0.0000	0.0000	0.0000	0.0000	0.0000	0.0000	0.0000	0.0000	0.0000	0.2979	0.0000	0.0000	0.3395	0.0000	0.5243	0.9425	0.5608	0.9410
sample3	40.9000	0.0000	0.0000	0.0000	0.0000	0.0000	0.0000	0.0000	0.0000	0.0000	0.0000	0.9645	0.0000	0.7326	0.7271	0.0000	0.7114	0.1967	0.3635	0.3956
sample4	1.5600	0.0000	0.0000	1.0000	0.0000	0.0000	0.0000	0.0000	0.0000	0.0000	0.0000	0.1489	0.0144	0.4535	0.4357	0.0000	0.1011	0.9682	0.9178	0.9819
sample5	4.6600	0.0000	0.0000	0.0000	1.0000	0.0000	0.0000	0.0000	0.0000	0.0000	0.0000	0.4823	0.0133	0.3605	0.8341	0.0000	0.4731	0.9480	0.8039	1.0000
sample6	13.1600	0.0000	0.0000	0.0000	0.0000	0.0000	1.0000	0.0000	0.0000	0.0000	0.0000	0.9078	0.0022	0.4535	0.7752	0.0000	0.6025	0.6513	0.5382	0.8847
sample7	3.1400	0.0000	0.0000	0.0000	0.0000	0.0000	0.0000	0.0000	0.0000	0.0000	0.0000	0.2340	0.3148	0.7326	0.1814	0.4630	0.1878	0.7253	0.7336	0.7804
sample8	23.0900	0.0000	0.0000	0.0000	0.0000	0.0000	0.0000	0.0000	0.0000	0.0000	0.0000	0.6879	0.2212	0.7326	0.5447	0.4630	0.5418	0.1806	0.5650	0.4810
sample9	6.0700	0.0000	0.0000	0.0000	0.0000	0.0000	0.0000	0.0000	0.0000	0.0000	0.0000	0.5035	1.0000	0.0000	0.4236	0.2160	0.6525	0.9098	0.3253	0.9297
sample10	21.4100	0.0000	0.0000	0.0000	0.0000	0.0000	0.0000	0.0000	0.0000	0.0000	0.0000	0.8085	0.9731	0.7326	0.6295	0.2469	0.6673	0.1622	0.5501	0.4810
sample11	10.1200	0.0000	0.0000	0.0000	0.0000	0.0000	0.0000	0.0000	0.0000	0.0000	0.0000	0.4752	0.3427	0.7326	0.5205	0.4630	0.5871	0.1051	0.8326	0.1500
sample12	14.7000	0.0000	0.0000	0.0000	0.0000	0.0000	0.0000	0.0000	0.0000	0.0000	0.0000	0.6738	0.2753	1.0000	0.5205	0.2685	0.6951	0.5524	0.3850	0.7115
sample13	4.6600	0.0000	0.3333	0.0000	0.0000	0.0000	0.0000	0.0000	0.0000	0.0000	0.0000	0.4468	0.3360	0.6395	0.5277	0.4784	0.5563	0.7416	0.5008	0.8684
sample14	11.2800	0.0000	0.6667	0.0000	0.0000	0.0000	0.0000	0.0000	0.0000	0.0000	0.0000	0.6099	0.3146	0.6395	0.7142	0.5525	0.5876	0.7365	0.4973	0.8506
sample15	6.1400	0.0000	0.0000	0.0000	0.2500	0.0000	0.0000	0.0000	0.0000	0.0000	0.0000	0.3688	0.2373	0.3605	0.4623	0.3148	0.5030	0.8432	0.6468	0.8848
sample16	5.9800	0.0000	0.0000	0.0000	0.5000	0.0000	0.0000	0.0000	0.0000	0.0000	0.0000	0.4184	0.2236	0.3605	0.5859	0.3642	0.5020	0.8468	0.6613	0.8824
sample17	6.9700	0.0000	0.0000	0.0000	0.7500	0.0000	0.0000	0.0000	0.0000	0.0000	0.0000	0.4397	0.1726	0.3605	0.7094	0.3148	0.4825	0.8784	0.6923	0.9418
sample18	4.3900	0.0000	0.0000	0.0000	0.0000	0.0000	0.0000	0.3333	0.0000	0.0000	0.0000	0.5390	0.4777	0.3605	0.5471	0.5309	0.6182	0.8098	0.4610	0.8756
sample19	3.6000	0.0000	0.0000	0.0000	0.0000	0.0000	0.0000	0.6667	0.0000	0.0000	0.0000	0.7660	0.5013	0.3605	0.7578	0.6142	0.7477	0.8193	0.4759	0.8747
sample20	7.3500	0.0000	0.0000	0.0000	0.0000	0.0000	0.0000	1.0000	0.0000	0.0000	0.0000	0.9929	0.2761	0.3605	0.9661	0.5309	0.8452	0.8137	0.4297	0.8756
sample21	4.0600	0.0000	0.0000	0.0000	0.0000	0.0000	0.0000	0.0000	1.0000	0.0000	0.0000	0.3688	0.2223	0.4070	0.4478	0.2778	0.5614	0.8617	0.6197	0.8606
sample22	23.0500	1.0000	0.0000	0.0000	0.0000	0.0000	0.0000	0.0000	0.0000	0.0000	0.0000	0.9716	0.2540	0.7326	0.9346	0.5309	0.8391	0.0463	0.4129	0.3740
sample23	29.7700	0.0000	0.0000	0.0000	0.0000	0.0000	0.0000	0.0000	0.0000	0.0000	0.0000	0.9716	0.2515	0.7326	0.8111	0.2160	0.7324	0.0000	0.3249	0.4410
sample24	33.6600	0.0000	0.0000	0.0000	0.0000	0.0000	0.0000	0.0000	0.0000	0.0000	0.0000	0.7730	0.1599	1.0000	0.6367	0.2315	0.6261	0.2647	0.0466	0.0000
sample25	24.9200	0.0000	0.0000	0.0000	0.0000	0.0000	0.0000	0.0000	0.0000	0.0000	0.0000	0.9787	0.0089	1.0000	0.7215	0.0154	0.7561	0.1419	0.3788	0.4230
sample26	26.3800	0.0000	0.0000	0.0000	0.0000	0.0000	0.0000	0.0000	0.0000	0.0000	0.0000	1.0000	0.0060	1.0000	0.7142	0.0185	0.7809	0.3782	0.0000	0.5924
sample27	17.9900	0.0000	1.0000	0.0000	0.0000	0.0000	0.0000	0.0000	0.0000	0.0000	0.0000	0.8865	0.1367	0.7326	1.0000	0.2315	0.6782	0.8906	0.5887	0.9335
sample28	5.6500	0.0000	0.0000	0.0000	0.0000	1.0000	0.0000	0.0000	0.0000	0.0000	0.0000	0.3901	0.5270	0.3372	0.7336	1.0000	0.5575	0.8761	0.6021	0.9120
sample29	1.0400	0.0000	0.0000	0.0000	0.0000	0.0000	0.0000	0.0000	0.0000	0.0000	0.0000	0.4894	0.3664	0.7326	0.4357	0.5000	0.4563	0.4288	0.8701	0.1743
sample30	7.9800	0.0000	0.0000	0.0000	0.0000	0.0000	0.0000	0.0000	1.0000	0.0000	0.0000	0.3688	0.2563	0.4070	0.5326	0.2901	0.6748	0.8460	0.3597	0.8493
sample31	0.4200	0.0000	0.0000	0.0000	0.0000	0.0000	0.0000	0.0000	0.0000	1.0000	0.0000	0.7092	0.2778	0.0000	0.6803	0.6111	1.0000	0.8623	0.0096	0.9122
sample32	38.5000	0.0000	0.0000	0.0000	0.0000	0.0000	0.0000	0.0000	0.0000	0.0000	0.0000	0.8014	0.2593	0.7326	0.7142	0.3796	0.6692	0.1494	0.1101	0.0135
sample33	23.4700	0.0000	0.0000	0.0000	0.0000	0.0000	0.0000	0.0000	0.0000	0.0000	0.0000	0.6170	0.2815	1.0000	0.5398	0.2778	0.5852	0.3112	0.1288	0.1621
sample34	15.7600	0.0000	0.3333	0.0000	0.0000	0.0000	0.0000	0.0000	0.0000	0.0000	0.0000	0.6170	0.3320	0.7326	0.6246	0.4599	0.6086	0.4400	0.5218	0.6145
sample35	15.4600	0.0000	0.0000	0.0000	0.0000	0.0000	0.0000	0.0000	0.0000	0.0000	0.0000	0.4823	0.2303	1.0000	0.4357	0.2284	0.5661	0.6464	0.3112	0.7270
sample36	9.5400	0.0000	0.3333	0.0000	0.2500	0.0000	0.0000	0.0000	0.0000	0.0000	0.0000	0.5035	0.2993	0.6395	0.6512	0.4753	0.5423	0.7035	0.4950	0.8563
