        Rank        RMSE       MaxAE  Feature_ID
           1    4.790967   15.071871  (       1)
           2    4.797956   13.685336  (       2)
           3    4.842165   13.078426  (       3)
           4    4.865931   12.708104  (       4)
           5    4.886614   13.730483  (       5)
           6    4.900045   16.993221  (       6)
           7    4.919112   14.350680  (       7)
           8    4.919157   15.605158  (       8)
           9    4.919859   15.613218  (       9)
          10    4.921563   15.622018  (      10)
          11    4.925170   14.640315  (      11)
          12    4.928782   13.279255  (      12)
          13    4.929748   14.348304  (      13)
          14    4.932593   15.622277  (      14)
          15    4.935292   11.815205  (      15)
          16    4.936189   16.108790  (      16)
          17    4.936963   15.640438  (      17)
          18    4.941116   11.501119  (      18)
          19    4.942943   14.896416  (      19)
          20    4.943393   15.509234  (      20)
          21    4.945647   14.456098  (      21)
          22    4.948078   13.777716  (      22)
          23    4.950539   15.768701  (      23)
          24    4.951217   15.580750  (      24)
          25    4.951283   15.647214  (      25)
          26    4.953718   13.787510  (      26)
          27    4.957115   15.648759  (      27)
          28    4.957954   15.957515  (      28)
          29    4.958717   15.644809  (      29)
          30    4.959170   15.505979  (      30)
          31    4.959930   15.551334  (      31)
          32    4.963357   15.726415  (      32)
          33    4.972087   15.084648  (      33)
          34    4.976563   14.516827  (      34)
          35    4.981330   13.050171  (      35)
          36    4.981495   13.782127  (      36)
          37    4.991295   13.757528  (      37)
          38    4.994199   14.034731  (      38)
          39    4.994829   16.940498  (      39)
          40    5.003595   15.828045  (      40)
          41    5.004925   14.589549  (      41)
          42    5.006377   14.161218  (      42)
          43    5.006738   15.413279  (      43)
          44    5.009439   14.438616  (      44)
          45    5.009765   12.962865  (      45)
          46    5.011660   13.935484  (      46)
          47    5.012719   14.464523  (      47)
          48    5.013287   13.052303  (      48)
          49    5.020682   15.946156  (      49)
          50    5.023935   18.344518  (      50)
          51    5.024604   13.670432  (      51)
          52    5.025900   14.747002  (      52)
          53    5.027448   15.184093  (      53)
          54    5.027775   15.017665  (      54)
          55    5.029682   14.496200  (      55)
          56    5.033449   18.394318  (      56)
          57    5.033794   13.767448  (      57)
          58    5.037020   14.596197  (      58)
          59    5.037241   13.785182  (      59)
          60    5.037440   11.491298  (      60)
          61    5.040331   13.795439  (      61)
          62    5.040768   12.951110  (      62)
          63    5.041407   13.779043  (      63)
          64    5.044109   14.263198  (      64)
          65    5.046597   19.024009  (      65)
          66    5.048126   13.510387  (      66)
          67    5.048803   15.146756  (      67)
          68    5.049062   14.608871  (      68)
          69    5.049334   13.786374  (      69)
          70    5.050647   17.860368  (      70)
          71    5.051022   18.421567  (      71)
          72    5.051122   14.523335  (      72)
          73    5.051502   13.804933  (      73)
          74    5.053171   17.433554  (      74)
          75    5.056672   13.813341  (      75)
          76    5.057345   15.592329  (      76)
          77    5.058278   15.391960  (      77)
          78    5.059113   19.330510  (      78)
          79    5.060133   15.159315  (      79)
          80    5.060575   13.790403  (      80)
          81    5.063639   13.185483  (      81)
          82    5.063905   13.767454  (      82)
          83    5.064621   15.045356  (      83)
          84    5.066429   16.063362  (      84)
          85    5.067086   19.113506  (      85)
          86    5.067121   18.388214  (      86)
          87    5.067665   19.492671  (      87)
          88    5.067758   13.892926  (      88)
          89    5.068260   19.086463  (      89)
          90    5.069264   13.813202  (      90)
          91    5.070512   14.159248  (      91)
          92    5.070886   19.463033  (      92)
          93    5.070962   13.799693  (      93)
          94    5.071293   13.805079  (      94)
          95    5.071623   15.609128  (      95)
          96    5.071846   19.403151  (      96)
          97    5.072610   19.444075  (      97)
          98    5.072644   18.480706  (      98)
          99    5.073212   13.799753  (      99)
         100    5.074162   15.219131  (     100)
