      rank       #data_overlap        size_overlap          feature_ID
         1                  14             0.12609   (       1    1049)
         2                  14             0.13387   (       4    1049)
         3                  14             0.14130   (       9    1046)
         4                  14             0.14267   (       5    1049)
         5                  14             0.14376   (       9    1114)
         6                  14             0.15221   (       1    1034)
         7                  14             0.15221   (       4    1034)
         8                  14             0.15221   (       1    1046)
         9                  14             0.15221   (       4    1114)
        10                  14             0.15221   (       5    1114)
        11                  15             0.12322   (      12    1049)
        12                  15             0.12322   (      11    1049)
        13                  15             0.12752   (       1    1121)
        14                  15             0.12752   (       1    1048)
        15                  15             0.12752   (       1    1047)
        16                  15             0.12900   (      21    1047)
        17                  15             0.12969   (      10    1049)
        18                  15             0.13146   (       6    1049)
        19                  15             0.13461   (       3    1049)
        20                  15             0.13538   (       4    1047)
        21                  15             0.13538   (       4    1048)
        22                  15             0.13538   (       4    1121)
        23                  15             0.13587   (       1    1123)
        24                  15             0.13587   (       4    1123)
        25                  15             0.13682   (       9    1068)
        26                  15             0.13682   (       9    1069)
        27                  15             0.13695   (      38    1047)
        28                  15             0.14290   (       7    1046)
        29                  15             0.14290   (       8    1046)
        30                  15             0.14290   (       2    1046)
        31                  15             0.14429   (       5    1123)
        32                  15             0.14429   (       5    1047)
        33                  15             0.14429   (       5    1121)
        34                  15             0.14429   (       5    1048)
        35                  15             0.14533   (      15    1114)
        36                  15             0.14539   (       7    1114)
        37                  15             0.14539   (       8    1114)
        38                  15             0.14539   (       2    1114)
        39                  15             0.14596   (      59    1047)
        40                  15             0.14833   (       4    1877)
        41                  15             0.14833   (       1    1877)
        42                  15             0.15209   (       9    1115)
        43                  15             0.15221   (       3    1034)
        44                  15             0.15221   (       3    1046)
        45                  15             0.15221   (       1    1113)
        46                  15             0.15221   (       1    1068)
        47                  15             0.15221   (      12    1034)
        48                  15             0.15221   (       1    1069)
        49                  15             0.15221   (       1    1114)
        50                  15             0.15221   (      12    1046)
        51                  15             0.15221   (       1    1115)
        52                  15             0.15221   (       1    1116)
        53                  15             0.15221   (      12    1114)
        54                  15             0.15221   (       1    1120)
        55                  15             0.15221   (      11    1034)
        56                  15             0.15221   (      10    1034)
        57                  15             0.15221   (       3    1114)
        58                  15             0.15221   (       5    1034)
        59                  15             0.15221   (       6    1034)
        60                  15             0.15221   (       4    1046)
        61                  15             0.15221   (       5    1112)
        62                  15             0.15221   (       4    1068)
        63                  15             0.15221   (       4    1069)
        64                  15             0.15221   (       4    1110)
        65                  15             0.15221   (       4    1112)
        66                  15             0.15221   (       4    1113)
        67                  15             0.15221   (       1    1110)
        68                  15             0.15221   (       1    1112)
        69                  15             0.15221   (       4    1115)
        70                  15             0.15221   (       4    1117)
        71                  15             0.15221   (       4    1120)
        72                  15             0.15221   (       5    1113)
        73                  16             0.11862   (      14    1114)
        74                  16             0.12049   (      11    1048)
        75                  16             0.12122   (      12    1121)
        76                  16             0.12188   (     130    1047)
        77                  16             0.12262   (     131    1047)
        78                  16             0.12495   (       2    1069)
        79                  16             0.13116   (      10    1121)
        80                  16             0.13268   (     129    1047)
        81                  16             0.13295   (       6    1047)
        82                  16             0.13295   (       6    1048)
        83                  16             0.13450   (      60    1047)
        84                  16             0.13587   (      12    1123)
        85                  16             0.13587   (      10    1123)
        86                  16             0.13614   (       3    1123)
        87                  16             0.13772   (      58    1047)
        88                  16             0.14283   (      15    1046)
        89                  16             0.14833   (      12    1877)
        90                  16             0.15221   (      12    1112)
        91                  16             0.15221   (      12    1113)
        92                  16             0.15221   (      12    1115)
        93                  16             0.15221   (      12    1118)
        94                  16             0.15221   (      12    1120)
        95                  16             0.15221   (      10    1112)
        96                  16             0.15221   (      11    1112)
        97                  16             0.15221   (       6    1110)
        98                  16             0.15221   (       6    1068)
        99                  16             0.15221   (       6    1069)
       100                  16             0.15221   (      11    1069)
