        Rank        RMSE       MaxAE  Feature_ID
           1    3.092427   11.488523  (       2   10005)
           2    3.120812    9.928026  (       1   12835)
           3    3.127473    9.028315  (       2   11360)
           4    3.137950   10.664055  (       1   10009)
           5    3.146632   11.337484  (       2   10112)
           6    3.148057    8.278218  (       2   14991)
           7    3.155656   11.351518  (       2   10124)
           8    3.157418   10.884859  (       2   10018)
           9    3.157718   10.917163  (       2   10020)
          10    3.158353   10.965220  (       2   10021)
          11    3.161113   12.356238  (       1   10001)
          12    3.161173   10.512357  (       2   10010)
          13    3.162220   11.349103  (       2   10141)
          14    3.162972   11.151012  (       2   10035)
          15    3.166327    9.902649  (       1   10002)
          16    3.168635   11.376061  (       2   10118)
          17    3.168937   10.850210  (       2   10102)
          18    3.171520   11.343868  (       2   10079)
          19    3.172252   11.262114  (       2   10241)
          20    3.172413   11.388624  (       2   10110)
          21    3.172453   11.389474  (       2   10109)
          22    3.172456   11.389535  (       2   10108)
          23    3.173473   10.271842  (       1   10139)
          24    3.175640   11.414437  (       2   10117)
          25    3.176761    7.182818  (       1   11531)
          26    3.177828   11.448562  (       2   10140)
          27    3.178000   11.420050  (       2   10125)
          28    3.178159   11.404619  (       2   10128)
          29    3.179023   11.420791  (       2   10132)
          30    3.180173   10.103001  (       2   10006)
          31    3.182195   12.507154  (       1   10003)
          32    3.182554   11.436129  (       2   10136)
          33    3.182574   11.436175  (       2   10137)
          34    3.182857   11.436815  (       2   10138)
          35    3.184139   10.530985  (       1   10066)
          36    3.184214   11.397799  (       2   10150)
          37    3.184967   10.032839  (       2   10007)
          38    3.186731   11.419868  (       2   10152)
          39    3.186903   10.543802  (       1   10052)
          40    3.186972   10.527548  (       1   10057)
          41    3.187245   10.048850  (       1   10225)
          42    3.187466   10.277630  (       1   10135)
          43    3.187537   11.580639  (       2   10211)
          44    3.187943   11.347245  (       2   10183)
          45    3.191809   10.289335  (       1   10113)
          46    3.192052    9.393932  (       1   10027)
          47    3.193759   12.283496  (       1   10004)
          48    3.194878   11.145062  (       2   10003)
          49    3.195038   11.096448  (       1   10011)
          50    3.195083   11.328979  (       1   10008)
          51    3.196734   10.319004  (       1   10032)
          52    3.196782   11.655554  (       1   10012)
          53    3.197055    9.244417  (       1   10354)
          54    3.198008   11.499459  (       1   10007)
          55    3.198622   10.537615  (       1   10082)
          56    3.198686   10.521414  (       1   10085)
          57    3.199056   11.379353  (       2   10186)
          58    3.199087    8.789793  (       1   10655)
          59    3.199446    9.851436  (       2   10008)
          60    3.199704   10.857844  (       1   10016)
          61    3.199786   11.564901  (       1   10006)
          62    3.200245   10.840029  (       1   10017)
          63    3.201767   10.793979  (       1   10019)
          64    3.201833   10.529597  (       1   10105)
          65    3.201849   10.513453  (       1   10114)
          66    3.203358   10.284092  (       1   10161)
          67    3.204463   10.551068  (       1   10067)
          68    3.204497   10.551342  (       1   10068)
          69    3.204510   10.535141  (       1   10071)
          70    3.204529   11.667484  (       1   12172)
          71    3.205867   10.560028  (       1   10072)
          72    3.205869   10.570883  (       1   10070)
          73    3.205889   10.543787  (       1   10074)
          74    3.205971   10.521636  (       1   10078)
          75    3.206965   12.812888  (       1   10005)
          76    3.207179   11.790275  (       2   10383)
          77    3.207266   10.716179  (       1   10058)
          78    3.207341   10.566150  (       1   10030)
          79    3.207808   10.568899  (       1   10076)
          80    3.207834   10.552622  (       1   10080)
          81    3.207880   10.569186  (       1   10077)
          82    3.208379   10.297394  (       1   10142)
          83    3.208419   10.297648  (       1   10143)
          84    3.208489   10.115390  (       1   14991)
          85    3.208644   10.546638  (       1   10088)
          86    3.208668   10.530453  (       1   10093)
          87    3.209530    9.434419  (       1   11092)
          88    3.209778   10.309906  (       1   10146)
          89    3.209909   10.305713  (       1   10149)
          90    3.210792   10.850648  (       1   10045)
          91    3.211255   10.579189  (       1   10033)
          92    3.211318   10.264529  (       1   10163)
          93    3.211472   10.869902  (       1   10044)
          94    3.211806   10.559966  (       1   10084)
          95    3.211875   10.314008  (       1   10155)
          96    3.211879   10.576204  (       1   10081)
          97    3.211946   10.314277  (       1   10156)
          98    3.211992   10.246758  (       1   10172)
          99    3.212349   10.518078  (       1   10180)
         100    3.213567   10.922842  (       1   10043)
