Model_ID, [(c_i,i=0,n)_j,j=1,ntask]
           1    0.2190039802E+01   -0.2221081900E+02    0.9977868331E+02
           2    0.9389471366E+00    0.3173629987E+02   -0.1465041149E+02
           3    0.2354397350E+01   -0.2569589035E+02    0.9591303603E+02
           4    0.1566520188E+01    0.2895654400E+02    0.2935720115E+02
           5    0.2535806418E+01   -0.2205193406E+02   -0.7244973493E+02
           6    0.2525528657E+01   -0.2654117058E+02    0.6065584841E+02
           7    0.2043180650E+01   -0.2244243223E+02    0.7450974055E+02
           8    0.2263114710E+01   -0.2264374249E+02    0.6915861178E+02
           9    0.2259913921E+01   -0.2261999626E+02   -0.6954276121E+02
          10    0.2255298616E+01   -0.2258455093E+02   -0.7010866314E+02
          11    0.1273206786E+01    0.2754366447E+02    0.6072543922E+02
          12    0.2305605326E+01   -0.2291300955E+02    0.6451624285E+02
          13    0.2057363389E+01   -0.2243283085E+02    0.7421654708E+02
          14    0.2239132360E+01   -0.2244614863E+02   -0.7223258763E+02
          15    0.1380812322E+01    0.2634202295E+02   -0.1383418248E+02
          16    0.2072280413E+01   -0.2239866373E+02    0.7526200764E+02
          17    0.2281820968E+01   -0.2265675113E+02    0.2322618373E+02
          18    0.2225270992E+01   -0.2230010085E+02    0.7432603444E+02
          19    0.1899393539E+01   -0.2263270042E+02    0.7270202299E+02
          20    0.2238436201E+01   -0.2225284118E+02   -0.7500974424E+02
          21    0.2237844086E+01   -0.2225263111E+02    0.7501377083E+02
          22    0.2237801341E+01   -0.2225261590E+02    0.7501405645E+02
          23    0.1298137843E+01    0.2962375464E+02   -0.2836224131E+02
          24    0.2220975435E+01   -0.2224602630E+02    0.7506246908E+02
          25    0.1172278630E+02    0.3097220440E+02   -0.1357520683E+02
          26    0.2219052589E+01   -0.2221975189E+02    0.7541270187E+02
          27    0.2247748749E+01   -0.2221960107E+02    0.7477338771E+02
          28    0.2198315677E+01   -0.2227252620E+02    0.7515716458E+02
          29    0.2266603112E+01   -0.2220361262E+02    0.7455297340E+02
          30    0.2363866383E+01   -0.2319947877E+02    0.5897386269E+02
          31    0.1295949997E+01    0.2736826702E+02   -0.2570747106E+02
          32    0.2207411501E+01   -0.2223939475E+02    0.7496109485E+02
          33    0.2207383898E+01   -0.2223937934E+02    0.7496068519E+02
          34    0.2207004491E+01   -0.2223916655E+02    0.7495494457E+02
          35    0.1377790809E+01    0.2928156587E+02    0.2163934832E+02
          36    0.2185436936E+01   -0.2228859918E+02    0.7509549994E+02
          37    0.2375060361E+01   -0.2324759269E+02    0.5797788167E+02
          38    0.2281917397E+01   -0.2219187083E+02    0.7409427087E+02
          39    0.1486711484E+01    0.2915860919E+02    0.2172381553E+02
          40    0.1491103135E+01    0.2917058998E+02   -0.2160736413E+02
          41    0.1395355592E+01    0.2975078857E+02    0.2581122422E+02
          42    0.1458186592E+01    0.2945625719E+02   -0.1979182987E+02
          43    0.2212587894E+01   -0.2211726042E+02   -0.7673101172E+02
          44    0.2037422429E+01   -0.2245061695E+02    0.7466084395E+02
          45    0.1559933765E+01    0.2934166906E+02   -0.1984029624E+02
          46    0.3028738818E+01    0.2876252463E+02   -0.2150727180E+02
          47    0.1845863395E+01    0.2703874366E+02    0.2697393938E+02
          48    0.1715151666E+01   -0.2287853507E+02   -0.2744169168E+02
          49    0.1962201852E+01    0.2812017628E+02    0.4848990924E+02
          50    0.1940178961E+01    0.2790756006E+02    0.5162480976E+02
          51    0.2060764724E+01    0.2880585668E+02   -0.1878196006E+02
          52    0.1415793666E+01    0.2810735178E+02    0.3704966737E+02
          53    0.2948502314E+01    0.2994624577E+02   -0.1514319838E+03
          54    0.1926316503E+01    0.2774937381E+02    0.5383637337E+02
          55    0.1496569920E+01    0.2915490073E+02    0.2172613127E+02
          56    0.1500971791E+01    0.2916681885E+02   -0.2160887509E+02
          57    0.2189719652E+01   -0.2230015500E+02    0.7464905817E+02
          58    0.8363762648E+01    0.3027488931E+02   -0.6637268247E+01
          59    0.2405660976E+01   -0.2337063676E+02    0.5533958767E+02
          60    0.1988524468E+01    0.2833458324E+02    0.4513158349E+02
          61    0.1921514013E+01    0.2768812735E+02    0.5466559983E+02
          62    0.1990642122E+01    0.2835043821E+02   -0.4487504603E+02
          63    0.1996214754E+01    0.2839132116E+02    0.4420817938E+02
          64    0.1454247672E+01    0.2920574502E+02    0.2169245260E+02
          65    0.1458837876E+01    0.2921741477E+02    0.2157595875E+02
          66    0.1569841754E+01    0.2933695735E+02   -0.1983154408E+02
          67    0.1614400835E+01    0.2902230270E+02   -0.2161750860E+02
          68    0.1614187762E+01    0.2902224057E+02    0.2161759488E+02
          69    0.1617917152E+01    0.2903483757E+02   -0.2150175648E+02
          70    0.1242299861E+01    0.3090780929E+02    0.2754884037E+02
          71    0.1607825110E+01    0.2901989391E+02    0.2161628691E+02
          72    0.1605318212E+01    0.2901146250E+02   -0.2169356305E+02
          73    0.1611605150E+01    0.2903248012E+02   -0.2150024026E+02
          74    0.1616816759E+01    0.2904958863E+02    0.2134115671E+02
          75    0.1845835461E+01    0.2650407817E+02    0.9052459397E+02
          76    0.2205697926E+01   -0.2195183365E+02   -0.7869501605E+02
          77    0.1573252199E+01    0.2889709857E+02   -0.2270633755E+02
          78    0.2047577282E+01    0.2856955504E+02   -0.2027369295E+02
          79    0.1602050754E+01    0.2901676622E+02    0.2160720672E+02
          80    0.1605873940E+01    0.2902934554E+02   -0.2149107609E+02
          81    0.1601875899E+01    0.2901665334E+02    0.2160678809E+02
          82    0.1676832308E+01    0.2921546042E+02   -0.1974451611E+02
          83    0.1676646177E+01    0.2921539182E+02   -0.1974448354E+02
          84    0.2037112215E+01    0.3126072924E+02    0.5494120156E+02
          85    0.1587453813E+01    0.2905399413E+02    0.2164516629E+02
          86    0.1591366327E+01    0.2906638950E+02    0.2152857523E+02
          87    0.2556732223E+01    0.3048694365E+02   -0.2022388485E+03
          88    0.1669954416E+01    0.2920976980E+02   -0.1977236027E+02
          89    0.1671068194E+01    0.2921287926E+02   -0.1974040361E+02
          90    0.1546030239E+01    0.2878877721E+02    0.2360805233E+02
          91    0.2024110480E+01    0.2858008659E+02   -0.4102540219E+02
          92    0.1682139102E+01    0.2924329432E+02   -0.1942459533E+02
          93    0.1542324910E+01    0.2877307259E+02    0.2373437476E+02
          94    0.1640519206E+01    0.2898693568E+02    0.2135510613E+02
          95    0.1665964766E+01    0.2920965610E+02   -0.1973038833E+02
          96    0.1636984055E+01    0.2897410516E+02    0.2146872443E+02
          97    0.1665809464E+01    0.2920954133E+02   -0.1972997017E+02
          98    0.1686989224E+01    0.2925634454E+02   -0.1928726567E+02
          99    0.1374913059E+01    0.2929750884E+02    0.2152169916E+02
         100    0.1532385817E+01    0.2872964172E+02   -0.2407809136E+02
