Model_ID, [(c_i,i=0,n)_j,j=1,ntask]
           1    0.3341034349E+03   -0.1743613727E+03
           2    0.2949694284E+03    0.3117532254E+03
           3    0.3578323316E+03   -0.3208287716E+03
           4    0.3431205552E+03    0.1591519215E+03
           5    0.2928952170E+03   -0.3077616714E+03
           6    0.2675755692E+03    0.1307829969E+03
           7    0.2551675996E+03   -0.1990154507E+03
           8    0.3646854591E+03    0.3799742018E+03
           9    0.3575544635E+03    0.3105640687E+03
          10    0.2655526560E+03   -0.2544913791E+03
          11    0.2561828424E+03    0.2001232963E+03
          12    0.3070856570E+03    0.3136340047E+03
          13    0.2537417861E+03   -0.1952000284E+03
          14    0.3399065123E+03   -0.1745104460E+03
          15    0.3720447892E+03   -0.3235373982E+03
          16    0.3072848047E+03    0.3138111704E+03
          17    0.2511529014E+03   -0.1988921711E+03
          18    0.3479990298E+03    0.3252817417E+03
          19    0.3216437698E+03    0.1566020577E+03
          20    0.1424380514E+03   -0.1039124650E+03
          21    0.3372936626E+03    0.2947370851E+03
          22    0.3278909058E+03   -0.2942996637E+03
          23    0.2501997803E+03   -0.2015138393E+03
          24    0.2547478176E+03    0.1961062035E+03
          25    0.2528984617E+03   -0.1962696739E+03
          26    0.1581670838E+03    0.1213720091E+03
          27    0.1178770705E+03    0.8163412667E+02
          28    0.3716636623E+03    0.3142889053E+03
          29    0.8011791577E+02   -0.1270408968E+03
          30    0.1688481697E+03   -0.1177797599E+03
          31    0.3319578492E+03   -0.2858604667E+03
          32    0.2919011805E+03    0.3045909528E+03
          33    0.2645661572E+03   -0.2556923488E+03
          34    0.2921083394E+03    0.3052058853E+03
          35    0.2521756074E+03    0.1997543349E+03
          36    0.3399298506E+03    0.1545966206E+03
          37    0.3553619571E+03    0.1675917317E+03
          38    0.3080426804E+03    0.3121115370E+03
          39    0.3598587358E+03   -0.3219245820E+03
          40    0.1632566219E+03   -0.1099254768E+03
          41    0.2528742478E+03    0.1948569087E+03
          42    0.3196436212E+03   -0.1656768840E+03
          43    0.1903267282E+03   -0.1438825990E+03
          44    0.2512319016E+03    0.2023984474E+03
          45    0.2539089439E+03    0.1971615671E+03
          46    0.3076240952E+03   -0.3126541452E+03
          47    0.2288493833E+03   -0.1888183255E+03
          48    0.3538732533E+03    0.1597871011E+03
          49    0.1435354137E+03   -0.1237925707E+03
          50    0.2625940692E+03   -0.2582458252E+03
          51    0.1667922566E+03   -0.1164953092E+03
          52    0.2730516830E+03   -0.2476815213E+03
          53    0.3393828762E+03    0.1472335206E+03
          54    0.2742030987E+03    0.2360660030E+03
          55    0.3055193843E+03    0.3108385079E+03
          56    0.1154849759E+03    0.9804997882E+02
          57    0.1820455564E+03   -0.1320894000E+03
          58    0.3545772844E+03    0.1667072058E+03
          59    0.3510356515E+03    0.3008254652E+03
          60    0.2666002933E+03   -0.2507745534E+03
          61    0.2750905922E+03    0.2328866893E+03
          62    0.2521368130E+03   -0.1966332959E+03
          63    0.3543901587E+03    0.1664818146E+03
          64    0.2488964766E+03    0.2300567951E+03
          65    0.2547225376E+03   -0.1926462824E+03
          66    0.2033824882E+03   -0.1622529161E+03
          67    0.3057135268E+03    0.3109870014E+03
          68    0.1009893579E+03    0.8753733513E+02
          69    0.2615599751E+03   -0.2624839903E+03
          70    0.2679177409E+03   -0.2556360132E+03
          71    0.2803774344E+03   -0.2141262493E+03
          72    0.3521812822E+03   -0.1218444573E+03
          73    0.2103913755E+03   -0.8284909636E+02
          74    0.2936874695E+03    0.2723171692E+03
          75    0.2665403190E+03    0.1251585872E+03
          76    0.3312506469E+03   -0.2737104324E+03
          77    0.1460958131E+03    0.1010890226E+03
          78    0.2307180386E+03   -0.9349053212E+02
          79    0.2878686726E+03   -0.2710771922E+03
          80    0.2564765470E+03   -0.2003189427E+03
          81    0.2710523901E+03    0.2505459659E+03
          82    0.3544212656E+03   -0.1663428743E+03
          83    0.2399326769E+03    0.2260543923E+03
          84    0.3513228225E+03    0.3020785045E+03
          85    0.2631593909E+03    0.2499020236E+03
          86    0.3115926164E+03   -0.3262963162E+03
          87    0.3972300378E+03    0.3496388566E+03
          88    0.3027255928E+03    0.2916706236E+03
          89    0.3400352902E+03    0.2893669378E+03
          90    0.3415761622E+03    0.2771400861E+03
          91    0.2720336494E+03    0.2472084587E+03
          92    0.1333660294E+03   -0.1030378808E+03
          93    0.3537784493E+03    0.1657159231E+03
          94    0.1897823850E+03    0.1384074581E+03
          95    0.1444250481E+03    0.1002295917E+03
          96    0.2557180167E+03    0.1935453893E+03
          97    0.3032211118E+03    0.3040432229E+03
          98    0.2531495046E+03    0.1974971425E+03
          99    0.3222684924E+03    0.1588807180E+03
         100    0.3554777189E+03    0.1670291993E+03
