     Index              y_true              y_pred        descriptor_1        descriptor_2
         1    0.1000000000E+00    0.3174188497E+01    0.0000000000E+00    0.0000000000E+00
         2    0.4090000000E+02    0.3325347126E+02    0.1218784380E+01    0.1431937222E+00
         3    0.1560000000E+01    0.2108472102E+01    0.5541543000E-01   -0.4162758077E-01
         4    0.4660000000E+01    0.4024481878E+01    0.4537134000E-01    0.0000000000E+00
         5    0.1316000000E+02    0.1081412160E+02    0.2919867000E+00    0.4288648853E-01
         6    0.2280000000E+01    0.3375473029E+01   -0.6943560000E-01    0.2972467350E-01
         7    0.4360000000E+01    0.6782215810E+01    0.1762041600E+00    0.6050087650E-02
         8    0.1337000000E+02    0.1616704062E+02    0.5909257200E+00    0.3795218700E-01
         9    0.2141000000E+02    0.2118527350E+02    0.9365258100E+00    0.9097656000E-02
        10    0.1012000000E+02    0.9737642330E+01    0.5182155000E+00   -0.6228178133E-01
        11    0.1470000000E+02    0.1372180124E+02    0.5490993200E+00    0.5085619500E-02
        12    0.1128000000E+02    0.1000939834E+02    0.3328340600E+00    0.1182305405E-01
        13    0.6140000000E+01    0.2960933460E+01   -0.2531517000E-01    0.5166652288E-02
        14    0.5980000000E+01    0.3522581968E+01    0.1038044000E-01    0.3043686912E-02
        15    0.6970000000E+01    0.4049122528E+01    0.3670606000E-01    0.3700045440E-02
        16    0.4390000000E+01    0.3256159949E+01    0.3111640000E-01   -0.9914555904E-02
        17    0.7350000000E+01    0.1102632699E+02    0.4906253800E+00   -0.2655931460E-01
        18    0.4060000000E+01    0.3074940770E+01   -0.1816752000E-01    0.4772085120E-02
        19    0.4810000000E+01    0.4664517493E+01    0.7982809000E-01   -0.1129602250E-03
        20    0.1002000000E+02    0.1206379645E+02    0.1281943740E+01   -0.2994107105E+00
        21    0.2305000000E+02    0.1931333844E+02    0.1513746140E+01   -0.2419343287E+00
        22    0.2977000000E+02    0.3139629679E+02    0.1477485880E+01    0.1054219925E-01
        23    0.3366000000E+02    0.3327202563E+02    0.1536115900E+01    0.2591250600E-01
        24    0.2492000000E+02    0.3221926769E+02    0.1466676160E+01    0.3083039232E-01
        25    0.2638000000E+02    0.2283301313E+02    0.1263000000E+01   -0.7934348419E-01
        26    0.2218000000E+02    0.2013378162E+02    0.9184012200E+00   -0.4984117103E-02
        27    0.1799000000E+02    0.1973182035E+02    0.6540936300E+00    0.8505406003E-01
        28    0.1262000000E+02    0.1685025063E+02    0.7511583600E+00   -0.7937132000E-02
        29    0.5650000000E+01    0.5321243585E+01    0.3249132000E-01    0.3042859351E-01
        30    0.2455000000E+02    0.2934875320E+02    0.7104371200E+00    0.2544138493E+00
        31    0.1040000000E+01    0.6162150377E+01    0.3162507600E+00   -0.5813769129E-01
        32    0.4200000000E+00    0.1046564363E+01   -0.1085785200E+00   -0.1835440704E-02
        33    0.3850000000E+02    0.3612893070E+02    0.9922559200E+00    0.2840617396E+00
        34    0.1576000000E+02    0.1328205099E+02    0.5200510800E+00    0.7155596700E-02
        35    0.2213000000E+02    0.2145437865E+02    0.1128787050E+01   -0.5685812964E-01
        36    0.9540000000E+01    0.8314174048E+01    0.2732156500E+00    0.3900492750E-03
