        Rank        RMSE       MaxAE  Feature_ID
           1   38.140937  134.225738  (       1)
           2   38.573989  124.500555  (       2)
           3   39.447314  123.724338  (       3)
           4   39.504147  127.957212  (       4)
           5   40.133030  129.865596  (       5)
           6   40.384261  135.753149  (       6)
           7   40.530507  142.312259  (       7)
           8   40.792767  121.350202  (       8)
           9   40.974915  119.112983  (       9)
          10   41.175555  123.775426  (      10)
          11   41.225215  117.040023  (      11)
          12   41.239253  134.803720  (      12)
          13   41.243763   97.722575  (      13)
          14   41.454518  148.377354  (      14)
          15   41.528438  135.036980  (      15)
          16   41.701952  131.589239  (      16)
          17   41.879456  100.059147  (      17)
          18   41.898938  114.353538  (      18)
          19   42.026100  116.783196  (      19)
          20   42.085816  122.522339  (      20)
          21   42.110912  122.250633  (      21)
          22   42.132553  123.817119  (      22)
          23   42.222741  109.972198  (      23)
          24   42.294717  101.663064  (      24)
          25   42.352694  112.210154  (      25)
          26   42.404454  105.872805  (      26)
          27   42.416598  102.146696  (      27)
          28   42.439716  121.929755  (      28)
          29   42.493222  103.671078  (      29)
          30   42.513174  137.751102  (      30)
          31   42.513319  109.840083  (      31)
          32   42.522007  118.223363  (      32)
          33   42.534056  121.623584  (      33)
          34   42.546738  116.326049  (      34)
          35   42.565269  102.211740  (      35)
          36   42.623659  131.225551  (      36)
          37   42.687955  136.073814  (      37)
          38   42.728564  113.291694  (      38)
          39   42.755613  117.083270  (      39)
          40   42.776872  109.512353  (      40)
          41   42.793479  128.012444  (      41)
          42   42.801136  118.278300  (      42)
          43   42.807351  112.606400  (      43)
          44   42.846605  123.016030  (      44)
          45   42.927178   98.524745  (      45)
          46   42.948814  137.711488  (      46)
          47   42.958849  105.980740  (      47)
          48   42.994749  116.742156  (      48)
          49   43.069752  128.337058  (      49)
          50   43.074374  134.792491  (      50)
          51   43.111873  121.477209  (      51)
          52   43.132993  131.665190  (      52)
          53   43.150369  115.323472  (      53)
          54   43.152386  124.510828  (      54)
          55   43.162064   98.640020  (      55)
          56   43.182648  117.449857  (      56)
          57   43.210254   92.272256  (      57)
          58   43.241712  113.728545  (      58)
          59   43.290234  135.380633  (      59)
          60   43.291295  103.852853  (      60)
          61   43.295956  108.507900  (      61)
          62   43.305469  128.416431  (      62)
          63   43.315207  108.754549  (      63)
          64   43.322544  115.249754  (      64)
          65   43.343822  136.329112  (      65)
          66   43.356255  102.168262  (      66)
          67   43.365708  128.302788  (      67)
          68   43.377013  128.493483  (      68)
          69   43.386189  112.635148  (      69)
          70   43.394596  124.995990  (      70)
          71   43.404191  116.092459  (      71)
          72   43.423444   93.967320  (      72)
          73   43.448114  117.761517  (      73)
          74   43.458752  119.534004  (      74)
          75   43.479598  125.270161  (      75)
          76   43.488446  109.616343  (      76)
          77   43.490614  115.465128  (      77)
          78   43.516564   89.535438  (      78)
          79   43.523099  114.078090  (      79)
          80   43.525077   92.904489  (      80)
          81   43.533010  124.188619  (      81)
          82   43.533583  138.829328  (      82)
          83   43.558338  101.690544  (      83)
          84   43.559456  129.160607  (      84)
          85   43.564028  124.908558  (      85)
          86   43.569274  103.893785  (      86)
          87   43.572504  133.447065  (      87)
          88   43.585221   98.398013  (      88)
          89   43.589064  102.961830  (      89)
          90   43.591479  117.968230  (      90)
          91   43.593213  114.918167  (      91)
          92   43.602640  110.091500  (      92)
          93   43.617588  122.970731  (      93)
          94   43.631517  137.821230  (      94)
          95   43.641756  114.929484  (      95)
          96   43.648388  118.532069  (      96)
          97   43.656287  105.724393  (      97)
          98   43.679504   98.576332  (      98)
          99   43.681410  165.674783  (      99)
         100   43.683994  113.634931  (     100)
