        Rank        RMSE       MaxAE  Feature_ID
           1    9.052402   19.909696  (    8342   14567)
           2    9.163957   31.792034  (       1   10002)
           3    9.238841   20.589077  (    8342   12946)
           4    9.316262   30.121081  (       1   10001)
           5    9.345513   27.632868  (    8342   10011)
           6    9.361324   22.810958  (     208   15763)
           7    9.372025   30.606302  (       1   10003)
           8    9.378187   22.805501  (     394   15763)
           9    9.395275   23.003709  (     208   15536)
          10    9.401920   31.673421  (       5   13504)
          11    9.408504   24.608570  (     394   18450)
          12    9.412825   23.002054  (     394   15536)
          13    9.458643   30.423742  (       1   10004)
          14    9.459482   23.775844  (     394   13190)
          15    9.461978   25.924462  (     912   10016)
          16    9.465415   31.004906  (       8   13504)
          17    9.466010   23.693207  (     394   13744)
          18    9.475754   23.070336  (     394   14084)
          19    9.475782   31.794325  (       6   13504)
          20    9.478809   26.035943  (    1128   10016)
          21    9.481188   25.366523  (     405   10016)
          22    9.499749   25.329500  (     758   10016)
          23    9.502159   25.907859  (    1008   10016)
          24    9.504330   25.504576  (     857   10016)
          25    9.506486   24.587891  (     120   11243)
          26    9.511299   23.869228  (     394   12878)
          27    9.512731   23.298175  (    1361   10021)
          28    9.513298   23.380522  (     394   15220)
          29    9.518060   25.837054  (     958   10016)
          30    9.524998   23.683761  (     208   13744)
          31    9.525878   23.764392  (     208   13190)
          32    9.533091   23.524280  (     394   16978)
          33    9.533654   26.136235  (     948   10016)
          34    9.539022   22.947215  (     394   18775)
          35    9.541481   27.604631  (     198   13504)
          36    9.548613   26.719568  (     394   19461)
          37    9.557713   27.280348  (    8342   11241)
          38    9.558562   23.517535  (     208   16978)
          39    9.558989   26.915472  (     593   17176)
          40    9.559274   23.378327  (     208   15220)
          41    9.559901   23.446766  (     394   16582)
          42    9.562671   23.461763  (     394   17005)
          43    9.563281   23.453222  (     394   16596)
          44    9.563332   31.263170  (      58   13504)
          45    9.565184   23.444331  (     394   16280)
          46    9.566746   23.459646  (     394   16608)
          47    9.579537   22.093969  (    9795   10011)
          48    9.580190   25.490198  (     611   11243)
          49    9.580958   25.348222  (    1244   10016)
          50    9.582212   31.356043  (      36   13504)
          51    9.582569   22.955786  (     208   18775)
          52    9.583185   31.182587  (      27   13504)
          53    9.583281   22.369955  (    1361   10036)
          54    9.592667   23.439348  (     208   16280)
          55    9.595205   23.442091  (     208   16582)
          56    9.595395   26.463571  (     593   17279)
          57    9.598305   23.448357  (     208   16596)
          58    9.599005   21.646349  (       3   11983)
          59    9.600037   22.025952  (    8433   10011)
          60    9.601486   23.454590  (     208   16608)
          61    9.601804   31.262459  (      34   13504)
          62    9.601999   25.753788  (    1106   10016)
          63    9.603328   23.379746  (     394   16390)
          64    9.604110   27.937943  (     192   15071)
          65    9.605178   23.456990  (     208   17005)
          66    9.615335   25.689774  (     709   18450)
          67    9.616288   28.239813  (    4708   10070)
          68    9.617412   26.463047  (    5540   10016)
          69    9.618976   26.185479  (    1361   10016)
          70    9.619594   23.522806  (     394   18543)
          71    9.620009   25.723598  (    4502   10016)
          72    9.622302   26.408632  (    5251   10016)
          73    9.628264   25.732412  (    4007   10016)
          74    9.628541   33.947972  (    9795   10002)
          75    9.628980   20.599663  (    8342   11983)
          76    9.630561   31.342023  (      47   13504)
          77    9.630820   27.528874  (     208   15327)
          78    9.638125   24.895415  (    1661   10016)
          79    9.639517   19.603400  (    8975   14567)
          80    9.639821   24.766128  (      46   11243)
          81    9.643595   23.515465  (     208   18543)
          82    9.644071   22.672607  (     405   10021)
          83    9.644343   32.357388  (    7843   10002)
          84    9.647235   26.266776  (    4755   10016)
          85    9.647246   23.854453  (     208   12878)
          86    9.647246   23.376891  (     208   16390)
          87    9.648037   23.566080  (     208   19492)
          88    9.648458   25.416787  (     208   13275)
          89    9.649521   29.525405  (       1   10007)
          90    9.649540   31.169145  (      40   13504)
          91    9.652709   30.568245  (       5   11243)
          92    9.652964   22.044387  (    1661   10021)
          93    9.653892   25.916983  (    8975   15158)
          94    9.653908   34.161137  (    7705   10002)
          95    9.654038   26.162695  (     672   10016)
          96    9.654564   26.259090  (    4793   10016)
          97    9.657667   26.467606  (     201   11315)
          98    9.659688   33.656383  (    8433   10002)
          99    9.660692   26.207504  (     593   14622)
         100    9.664836   27.712928  (       3   10021)
