        Rank        RMSE       MaxAE  Feature_ID
           1    3.285735    8.366737  (     315   10586)
           2    3.372591    8.905969  (     315   10037)
           3    3.385197    8.879396  (    4270   10850)
           4    3.402508    9.114832  (    3680   11311)
           5    3.403747    8.189547  (    4076   10544)
           6    3.423847    9.318084  (    5655   11311)
           7    3.439967   10.077999  (    8328   10585)
           8    3.458879    8.490135  (    8926   10037)
           9    3.460860    8.368170  (    1018   16759)
          10    3.461241   11.410315  (    7332   10375)
          11    3.464062    7.811246  (     388   18074)
          12    3.470068    9.662618  (    4076   14123)
          13    3.471264    8.466857  (    9671   10850)
          14    3.474780    9.141455  (     315   10850)
          15    3.476966    9.331433  (    1939   10059)
          16    3.483445    7.597367  (    8926   11311)
          17    3.484901    9.319784  (    4270   10611)
          18    3.492138    9.494270  (    2430   10803)
          19    3.496400    8.670966  (     896   10840)
          20    3.498022    9.843811  (    8404   10037)
          21    3.498621    9.224953  (    1939   10010)
          22    3.502172    8.290248  (    1219   12185)
          23    3.503410    9.938904  (    2430   10095)
          24    3.503927    8.837297  (     896   10607)
          25    3.505384    7.848481  (     469   18074)
          26    3.506979    8.447088  (     802   10586)
          27    3.509228    8.704392  (    1219   10994)
          28    3.509704    9.431131  (     615   10071)
          29    3.510646    9.064677  (    1897   11311)
          30    3.512038   10.263586  (    3706   10139)
          31    3.512459    9.434723  (    1939   10261)
          32    3.513981    7.786816  (    1846   14704)
          33    3.515142    8.415735  (    1934   10140)
          34    3.516816    9.632104  (    2149   10010)
          35    3.517793    9.144476  (    6696   14123)
          36    3.518056    8.704041  (     337   10586)
          37    3.519240    8.897017  (     820   10010)
          38    3.521451    9.330213  (    8404   10059)
          39    3.522361    8.580458  (    9972   11311)
          40    3.523287    9.860150  (     820   10059)
          41    3.526696    9.122970  (     896   12185)
          42    3.526841    8.299075  (    6545   10375)
          43    3.528793   10.633898  (    2430   10010)
          44    3.529040    9.311632  (    8328   10037)
          45    3.529530    8.899182  (    4270   11618)
          46    3.531919    8.961366  (     315   10496)
          47    3.532856    8.500570  (    2152   10140)
          48    3.533195    8.778983  (     445   10140)
          49    3.533558    8.181774  (    1238   10071)
          50    3.533616    9.645070  (    2334   10010)
          51    3.534615    9.897495  (     802   10139)
          52    3.537472    8.873444  (    4270   11988)
          53    3.537859    8.039376  (    1083   11311)
          54    3.539971    8.934119  (    4270   12179)
          55    3.540396    9.779208  (     710   10375)
          56    3.541699   10.353618  (     520   12557)
          57    3.542792    8.838248  (    3026   10071)
          58    3.543223    8.503959  (     896   10465)
          59    3.544041   10.825104  (     551   12185)
          60    3.544499    8.800385  (    3832   11311)
          61    3.544630    8.837049  (    4270   16759)
          62    3.544642    9.994748  (    2882   10010)
          63    3.545270    8.900599  (     896   17063)
          64    3.545845    9.543301  (    9858   10037)
          65    3.546154    9.170945  (    8926   10095)
          66    3.546894    8.915804  (     896   18341)
          67    3.548918    8.195327  (    2921   10071)
          68    3.549411    7.940045  (    2564   18074)
          69    3.550587    7.967143  (    2484   18074)
          70    3.553355    9.115804  (    4270   12343)
          71    3.554412    8.293421  (    3706   11311)
          72    3.554815    9.202016  (    1337   10611)
          73    3.555141   10.104226  (    8926   10010)
          74    3.557656    8.723127  (    1337   16759)
          75    3.558046    8.833766  (     337   10850)
          76    3.558166    9.504013  (    1951   10850)
          77    3.558477    8.876042  (    4270   12747)
          78    3.558899    8.665565  (    1219   10607)
          79    3.558917    8.697382  (    7042   11817)
          80    3.559784    9.177906  (    4270   11187)
          81    3.559884    8.633921  (    5746   10037)
          82    3.560168   11.466861  (    2430   10037)
          83    3.561866    8.820198  (    8328   10544)
          84    3.562156    7.950089  (    1894   18074)
          85    3.562532    9.024566  (    5570   10840)
          86    3.563514   10.312316  (    8328   10216)
          87    3.564366    7.794185  (    6273   10544)
          88    3.565482    8.903644  (    4270   12490)
          89    3.567098    9.472703  (     820   10037)
          90    3.567925   11.008575  (     315   10059)
          91    3.570005    8.398665  (    1018   12317)
          92    3.571093    9.696242  (     315   10945)
          93    3.571324    9.709693  (    3680   10375)
          94    3.571547    8.780911  (     896   11160)
          95    3.572068   10.557453  (    2157   19734)
          96    3.572507    8.885031  (    4270   12565)
          97    3.572594    8.822919  (    4270   12905)
          98    3.573218    8.817787  (    1939   10070)
          99    3.574033   10.711692  (    2430   10059)
         100    3.574564    8.896647  (    4270   12590)
