     Index              y_true              y_pred        descriptor_1        descriptor_2
         1    0.1000000000E+00   -0.5234524854E+01   -0.9964000000E+00    0.0000000000E+00
         2    0.4090000000E+02    0.3865780391E+02    0.8255945400E+00   -0.1179928598E+00
         3    0.1560000000E+01    0.4416707652E+01   -0.5040451100E+00   -0.9870095586E-02
         4    0.6650000000E+01    0.8482880826E+01   -0.6251621600E+00   -0.7160547874E-01
         5    0.1316000000E+02    0.1368116127E+02   -0.1591093300E+00   -0.4172125339E-01
         6    0.2280000000E+01    0.3258275444E+01   -0.5460672500E+00   -0.5693096020E-02
         7    0.2309000000E+02    0.2028247322E+02    0.5016227300E+00    0.8301462540E-02
         8    0.4360000000E+01    0.7022742442E+01   -0.2602964200E+00    0.6882351840E-02
         9    0.1337000000E+02    0.2004560815E+02    0.3935993800E+00   -0.8269248257E-02
        10    0.2141000000E+02    0.1799932529E+02    0.1836572200E+00   -0.2467394025E-01
        11    0.1470000000E+02    0.2114376809E+02    0.4458225600E+00   -0.1005809077E-01
        12    0.4660000000E+01    0.7283329115E+01   -0.1623398400E+00    0.2145258067E-01
        13    0.1128000000E+02    0.7059857421E+01   -0.1097142600E+00    0.3290133437E-01
        14    0.7530000000E+01    0.1134999381E+02   -0.5656222000E-01   -0.5255746560E-03
        15    0.6140000000E+01    0.4367286767E+01   -0.4619493400E+00   -0.2000660640E-02
        16    0.5980000000E+01    0.5886600544E+01   -0.3314193400E+00    0.5737516632E-02
        17    0.6970000000E+01    0.6500420470E+01   -0.3228757600E+00    0.1119404286E-02
        18    0.3600000000E+01    0.4526502280E+01   -0.3825492500E+00    0.1032757362E-01
        19    0.7350000000E+01    0.6545021984E+01   -0.3192814800E+00    0.1304929920E-02
        20    0.4060000000E+01    0.5948408302E+01   -0.3803855500E+00   -0.3459334860E-02
        21    0.1002000000E+02    0.1136133347E+02    0.5885917800E+00    0.1124213737E+00
        22    0.1925000000E+02    0.1420562521E+02    0.8248258900E+00    0.1254832366E+00
        23    0.2305000000E+02    0.2647872130E+02    0.8361169600E+00    0.5188223250E-02
        24    0.2977000000E+02    0.3097907666E+02    0.7247116800E+00   -0.5917086806E-01
        25    0.3366000000E+02    0.3137688323E+02    0.1060824240E+01   -0.4232114606E-02
        26    0.2492000000E+02    0.2930026450E+02    0.1056907960E+01    0.1577039840E-01
        27    0.2638000000E+02    0.2063507578E+02    0.5488944000E+00    0.1307269064E-01
        28    0.1799000000E+02    0.1932513847E+02    0.1042154600E+00   -0.5180443778E-01
        29    0.1262000000E+02    0.1154137414E+02    0.3160354500E+00    0.6286357861E-01
        30    0.2455000000E+02    0.2577517271E+02    0.1417389100E+00   -0.1094886864E+00
        31    0.1040000000E+01    0.7366320449E+01    0.3851650500E+00    0.1165731771E+00
        32    0.7980000000E+01    0.6546930320E+01   -0.3236969100E+00    0.5121362400E-03
        33    0.4200000000E+00   -0.3579534986E+01   -0.1098991340E+01   -0.3446684552E-01
        34    0.3850000000E+02    0.3145712758E+02    0.1147669380E+01    0.1018759587E-01
        35    0.2613000000E+02    0.2193608750E+02    0.5181465400E+00   -0.5277360528E-02
        36    0.1546000000E+02    0.1696076156E+02    0.3474554900E+00    0.1437780931E-01
