The coordinates (x,y) of 2D-vertices arranged in clockwise direction
Task :    1
Hull    1
   -0.3323376000E+00    0.1119000000E+00
   -0.2000199600E+00    0.8690000000E+00
   -0.5832837000E-01    0.1188900000E+01
   -0.3888526000E-01    0.1069400000E+01
   -0.5201440000E-02    0.7809000000E+00
    0.6858377000E-01    0.7410000000E-01
    0.9667926000E-01   -0.3241000000E+00
Hull    2
   -0.3466022000E-01    0.7740000000E+00
   -0.1669039000E-01    0.1305300000E+01
   -0.2757480000E-02    0.1385600000E+01
    0.1362240000E-01    0.1445100000E+01
    0.2548051800E+00    0.5213000000E+00
    0.1632845500E+00   -0.1492000000E+00
    0.1161284900E+00   -0.4880000000E-01
    0.9327900000E-02    0.2160000000E+00
   -0.2820246000E-01    0.5268000000E+00
