      rank       #data_overlap        size_overlap          feature_ID
         1                  20             0.22720   (      59     845)
         2                  20             0.22720   (     845    1125)
         3                  20             0.27160   (      59     840)
         4                  20             0.27160   (     840    1125)
         5                  20             0.27165   (     843    1125)
         6                  20             0.27165   (     846    1125)
         7                  20             0.27165   (      59     843)
         8                  20             0.27165   (      59     846)
         9                  20             0.29048   (     134    1285)
        10                  21             0.19949   (     391    1125)
        11                  21             0.19949   (      59     391)
        12                  21             0.21851   (     363    1285)
        13                  21             0.24048   (      59     123)
        14                  21             0.24048   (     123    1125)
        15                  21             0.24848   (     789    1285)
        16                  21             0.25242   (      52     820)
        17                  21             0.26516   (     375    1285)
        18                  21             0.27154   (     802    1125)
        19                  21             0.27154   (      59     802)
        20                  21             0.27165   (     134    1125)
        21                  21             0.27165   (     790    1125)
        22                  21             0.27165   (     361    1125)
        23                  21             0.27165   (     748    1125)
        24                  21             0.27165   (     835    1125)
        25                  21             0.27165   (      59     748)
        26                  21             0.27165   (      59     790)
        27                  21             0.27165   (      59     835)
        28                  21             0.27165   (      59     361)
        29                  21             0.27165   (      59     134)
        30                  21             0.27524   (      17     760)
        31                  21             0.29048   (     132    1285)
        32                  21             0.29373   (      17     859)
        33                  21             0.43876   (     973     986)
        34                  21             0.43876   (     973     976)
        35                  21             0.43888   (     973     982)
        36                  22             0.17400   (     133    1285)
        37                  22             0.18136   (       1    1051)
        38                  22             0.19478   (     844    1125)
        39                  22             0.19478   (      59     844)
        40                  22             0.19578   (       1    1054)
        41                  22             0.19783   (       1    1446)
        42                  22             0.19942   (      59     841)
        43                  22             0.19942   (     841    1125)
        44                  22             0.19949   (     842    1125)
        45                  22             0.19949   (      59     842)
        46                  22             0.20111   (     338    1125)
        47                  22             0.20111   (      59     338)
        48                  22             0.21472   (       1     383)
        49                  22             0.21903   (     790    1285)
        50                  22             0.22125   (      17     712)
        51                  22             0.22410   (      52    1276)
        52                  22             0.22864   (      59     787)
        53                  22             0.22864   (      59     375)
        54                  22             0.22864   (     375    1125)
        55                  22             0.22864   (     787    1125)
        56                  22             0.25951   (      16    1276)
        57                  22             0.26562   (     333    1125)
        58                  22             0.26562   (      59     333)
        59                  22             0.26564   (     337    1125)
        60                  22             0.26564   (      59     337)
        61                  22             0.26564   (     845    1285)
        62                  22             0.27467   (     374    1285)
        63                  22             0.27704   (      17     886)
        64                  22             0.27747   (     372    1285)
        65                  22             0.28052   (      52    1051)
        66                  22             0.28736   (      11    1279)
        67                  22             0.28912   (       9     973)
        68                  22             0.29048   (     121    1285)
        69                  22             0.29048   (     804    1285)
        70                  22             0.29048   (     343    1285)
        71                  22             0.29048   (     373    1285)
        72                  22             0.29048   (     370    1285)
        73                  22             0.29048   (     808    1285)
        74                  22             0.29048   (     714    1285)
        75                  22             0.29100   (     361    1285)
        76                  22             0.29161   (     705     973)
        77                  22             0.29337   (     316     973)
        78                  22             0.29651   (      53     820)
        79                  22             0.29719   (      11    1826)
        80                  22             0.29820   (      13    1826)
        81                  22             0.30030   (     372    1125)
        82                  22             0.30030   (     782    1125)
        83                  22             0.30030   (      59     782)
        84                  22             0.30030   (      59     372)
        85                  22             0.43868   (     973     977)
        86                  22             0.43868   (     973     987)
        87                  22             0.43878   (     973     978)
        88                  22             0.43878   (     973     989)
        89                  22             0.43878   (     973     991)
        90                  22             0.43888   (     973     984)
        91                  22             0.43888   (     973     988)
        92                  22             0.45285   (     973     983)
        93                  22             0.45566   (     973     979)
        94                  22             0.45764   (     973     981)
        95                  22             0.51168   (    1285    1836)
        96                  22             0.52906   (    1235    1285)
        97                  22             0.56742   (    1285    1833)
        98                  23             0.18336   (     834    1125)
        99                  23             0.26564   (      59     733)
       100                  23             0.29100   (     835    1285)
