      rank       #data_overlap        size_overlap          feature_ID
         1                  41             0.34523   (       1)
         2                  41             0.47711   (       2)
         3                  42             0.34523   (       3)
         4                  42             0.34523   (       4)
         5                  42             0.34523   (       5)
         6                  42             0.34523   (       6)
         7                  42             0.47711   (       7)
         8                  42             0.47711   (       8)
         9                  43             0.34523   (       9)
        10                  43             0.34523   (      10)
        11                  43             0.47705   (      11)
        12                  43             0.47711   (      12)
        13                  43             0.47711   (      13)
        14                  43             0.64487   (      14)
        15                  44             0.45373   (      15)
        16                  45             0.63623   (      16)
        17                  45             0.64588   (      17)
        18                  45             0.65358   (      18)
        19                  45             0.97576   (      19)
        20                  45             1.00000   (      20)
        21                  45             1.00000   (      21)
        22                  46             0.29061   (      22)
        23                  46             0.33688   (      23)
        24                  46             0.44666   (      24)
        25                  46             0.74631   (      25)
        26                  46             0.78606   (      26)
        27                  46             0.94143   (      27)
        28                  46             0.97576   (      28)
        29                  46             0.97576   (      29)
        30                  46             0.97576   (      30)
        31                  46             1.00000   (      31)
        32                  46             1.00000   (      32)
        33                  46             1.00000   (      33)
        34                  46             1.00000   (      34)
        35                  46             1.00000   (      35)
        36                  46             1.00000   (      36)
        37                  46             1.00000   (      37)
        38                  46             1.00000   (      38)
        39                  46             1.00000   (      39)
        40                  46             1.00000   (      40)
        41                  47             0.30239   (      41)
        42                  47             0.33688   (      42)
        43                  47             0.37228   (      43)
        44                  47             0.42475   (      44)
        45                  47             0.45495   (      45)
        46                  47             0.46684   (      46)
        47                  47             0.59031   (      47)
        48                  47             0.59778   (      48)
        49                  47             0.65358   (      49)
        50                  47             0.65358   (      50)
        51                  47             0.65358   (      51)
        52                  47             0.66281   (      52)
        53                  47             0.66363   (      53)
        54                  47             0.68851   (      54)
        55                  47             0.92462   (      55)
        56                  47             0.94143   (      56)
        57                  47             0.94143   (      57)
        58                  47             0.94143   (      58)
        59                  47             0.96993   (      59)
        60                  47             0.97547   (      60)
        61                  47             0.97576   (      61)
        62                  47             0.97576   (      62)
        63                  47             0.97576   (      63)
        64                  47             0.97576   (      64)
        65                  47             0.97576   (      65)
        66                  47             0.97576   (      66)
        67                  47             0.97576   (      67)
        68                  47             0.97576   (      68)
        69                  47             0.97576   (      69)
        70                  47             0.97576   (      70)
        71                  47             0.97576   (      71)
        72                  47             0.97576   (      72)
        73                  47             0.97576   (      73)
        74                  47             0.97576   (      74)
        75                  47             0.97576   (      75)
        76                  47             1.00000   (      76)
        77                  47             1.00000   (      77)
        78                  47             1.00000   (      78)
        79                  47             1.00000   (      79)
        80                  47             1.00000   (      80)
        81                  47             1.00000   (      81)
        82                  47             1.00000   (      82)
        83                  47             1.00000   (      83)
        84                  47             1.00000   (      84)
        85                  47             1.00000   (      85)
        86                  47             1.00000   (      86)
        87                  47             1.00000   (      87)
        88                  47             1.00000   (      88)
        89                  47             1.00000   (      89)
        90                  47             1.00000   (      90)
        91                  47             1.00000   (      91)
        92                  47             1.00000   (      92)
        93                  47             1.00000   (      93)
        94                  47             1.00000   (      94)
        95                  47             1.00000   (      95)
        96                  47             1.00000   (      96)
        97                  47             1.00000   (      97)
        98                  47             1.00000   (      98)
        99                  47             1.00000   (      99)
       100                  47             1.00000   (     100)
