      rank       #data_overlap        size_overlap          feature_ID
         1                  19             0.18158   (     759    1378)
         2                  19             0.19628   (       1     709)
         3                  19             0.19628   (       1    1352)
         4                  19             0.21844   (       1    1001)
         5                  19             0.22091   (       1    1002)
         6                  19             0.22577   (       1    1378)
         7                  19             0.24443   (     759    1352)
         8                  19             0.24443   (     709     759)
         9                  20             0.16967   (     759    1793)
        10                  20             0.17889   (       1    1014)
        11                  20             0.18090   (       1    1016)
        12                  20             0.21169   (       1    1075)
        13                  20             0.21200   (     759    1014)
        14                  20             0.21455   (     759    1016)
        15                  20             0.21823   (     759    1075)
        16                  20             0.22091   (       1    1007)
        17                  20             0.22091   (       1     126)
        18                  20             0.25174   (     759    1718)
        19                  20             0.25856   (     759    1655)
        20                  20             0.31243   (     759    1654)
        21                  21             0.14759   (       1     726)
        22                  21             0.16231   (       4    1002)
        23                  21             0.16279   (       3    1001)
        24                  21             0.17353   (       4    1039)
        25                  21             0.17353   (       4    1047)
        26                  21             0.17405   (       3    1040)
        27                  21             0.17405   (       3    1048)
        28                  21             0.17617   (     759    1797)
        29                  21             0.18090   (       1     124)
        30                  21             0.18090   (       1    1085)
        31                  21             0.18140   (       1    1793)
        32                  21             0.19514   (       4    1076)
        33                  21             0.19564   (       3    1076)
        34                  21             0.20310   (     759    1001)
        35                  21             0.20558   (     759    1002)
        36                  21             0.20955   (       1    1797)
        37                  21             0.21169   (       1    1076)
        38                  21             0.21169   (       1    1081)
        39                  21             0.21482   (     759    1173)
        40                  21             0.21482   (     759    1186)
        41                  21             0.21865   (       1    1702)
        42                  21             0.21879   (       1    1652)
        43                  21             0.22091   (       1    1079)
        44                  21             0.22091   (       1    1080)
        45                  21             0.22091   (       1    1070)
        46                  21             0.22091   (       1    1071)
        47                  21             0.22091   (       1    1058)
        48                  21             0.22165   (       1    1040)
        49                  21             0.22165   (       1    1048)
        50                  21             0.22232   (       1    1012)
        51                  21             0.22322   (       1    1011)
        52                  21             0.22415   (       1    1039)
        53                  21             0.22415   (       1    1047)
        54                  21             0.22476   (     759    1719)
        55                  21             0.22610   (     759    1674)
        56                  21             0.23832   (       6    1005)
        57                  21             0.24263   (       1    1719)
        58                  21             0.24418   (       1    1673)
        59                  21             0.24418   (       1    1674)
        60                  21             0.24471   (       5    1005)
        61                  21             0.24743   (       6    1039)
        62                  21             0.24743   (       6    1047)
        63                  21             0.25370   (       5    1002)
        64                  21             0.30170   (     759    1673)
        65                  21             0.32430   (     759    1787)
        66                  21             0.32430   (     759    1789)
        67                  22             0.16159   (       4    1070)
        68                  22             0.16171   (       4     126)
        69                  22             0.16171   (       4    1007)
        70                  22             0.17276   (       3    1188)
        71                  22             0.17276   (       3    1238)
        72                  22             0.17276   (       3    1220)
        73                  22             0.17276   (       4    1238)
        74                  22             0.17290   (       3    1094)
        75                  22             0.17290   (       4    1094)
        76                  22             0.17290   (       4     125)
        77                  22             0.17353   (       9     740)
        78                  22             0.17353   (       8    1047)
        79                  22             0.17353   (       2    1047)
        80                  22             0.17405   (       2    1048)
        81                  22             0.17405   (       8    1048)
        82                  22             0.20603   (       8    1076)
        83                  22             0.21455   (     759    1171)
        84                  22             0.21455   (     759    1085)
        85                  22             0.21455   (     759    1215)
        86                  22             0.21455   (     759    1172)
        87                  22             0.21455   (     759    1262)
        88                  22             0.21455   (     124     759)
        89                  22             0.21589   (     759    1107)
        90                  22             0.21823   (     759    1213)
        91                  22             0.21823   (     759    1212)
        92                  22             0.22415   (       1    1094)
        93                  22             0.24263   (       1     323)
        94                  22             0.24295   (       1    1617)
        95                  22             0.24743   (       6    1010)
        96                  22             0.24743   (       6    1032)
        97                  22             0.24743   (       6      31)
        98                  22             0.25287   (       6    1008)
        99                  22             0.25287   (       6     129)
       100                  22             0.25370   (       5    1010)
