      rank       #data_overlap        size_overlap          feature_ID
         1                  37             0.52327   (       1)
         2                  39             0.36582   (       2)
         3                  41             0.34150   (       3)
         4                  41             0.48358   (       4)
         5                  41             0.64858   (       5)
         6                  41             0.66250   (       6)
         7                  42             0.26644   (       7)
         8                  42             0.65928   (       8)
         9                  42             0.69660   (       9)
        10                  42             0.88234   (      10)
        11                  43             0.36139   (      11)
        12                  43             0.36139   (      12)
        13                  43             0.48973   (      13)
        14                  43             0.48973   (      14)
        15                  43             0.48973   (      15)
        16                  43             0.64209   (      16)
        17                  43             0.64858   (      17)
        18                  43             0.64858   (      18)
        19                  43             0.64858   (      19)
        20                  43             0.64858   (      20)
        21                  43             0.64858   (      21)
        22                  43             0.64858   (      22)
        23                  43             0.64858   (      23)
        24                  43             0.64858   (      24)
        25                  43             0.64858   (      25)
        26                  43             0.64858   (      26)
        27                  43             0.64858   (      27)
        28                  43             0.64858   (      28)
        29                  43             0.64858   (      29)
        30                  43             0.64858   (      30)
        31                  44             0.36139   (      31)
        32                  44             0.36345   (      32)
        33                  44             0.36345   (      33)
        34                  44             0.36345   (      34)
        35                  44             0.36345   (      35)
        36                  44             0.56121   (      36)
        37                  44             0.61616   (      37)
        38                  44             0.64858   (      38)
        39                  44             0.64858   (      39)
        40                  44             0.65283   (      40)
        41                  44             0.99242   (      41)
        42                  45             0.33290   (      43)
        43                  45             0.34878   (      44)
        44                  45             0.35397   (      45)
        45                  45             0.36139   (      46)
        46                  45             0.36139   (      47)
        47                  45             0.36139   (      48)
        48                  45             0.36139   (      49)
        49                  45             0.36345   (      50)
        50                  45             0.43807   (      51)
        51                  45             0.44005   (      52)
        52                  45             0.44947   (      53)
        53                  45             0.44947   (      54)
        54                  45             0.48643   (      55)
        55                  45             0.48973   (      56)
        56                  45             0.49489   (      57)
        57                  45             0.56027   (      58)
        58                  45             0.65467   (      59)
        59                  45             0.76480   (      60)
        60                  45             0.95114   (      61)
        61                  45             1.00000   (      62)
        62                  45             1.00000   (      63)
        63                  45             1.00000   (      64)
        64                  45             1.00000   (      65)
        65                  46             0.30320   (      66)
        66                  46             0.31182   (      67)
        67                  46             0.34150   (      68)
        68                  46             0.34150   (      69)
        69                  46             0.34150   (      70)
        70                  46             0.34150   (      71)
        71                  46             0.34847   (      72)
        72                  46             0.36345   (      73)
        73                  46             0.41491   (      74)
        74                  46             0.42650   (      75)
        75                  46             0.44005   (      76)
        76                  46             0.44380   (      77)
        77                  46             0.44947   (      78)
        78                  46             0.44947   (      79)
        79                  46             0.44947   (      80)
        80                  46             0.44947   (      81)
        81                  46             0.44947   (      82)
        82                  46             0.45524   (      83)
        83                  46             0.54200   (      84)
        84                  46             0.54200   (      85)
        85                  46             0.54200   (      86)
        86                  46             0.55524   (      87)
        87                  46             0.57115   (      88)
        88                  46             0.63367   (      89)
        89                  46             0.64833   (      90)
        90                  46             0.66778   (      91)
        91                  46             0.68607   (      92)
        92                  46             0.72094   (      93)
        93                  46             0.73430   (      94)
        94                  46             0.76172   (      95)
        95                  46             0.92758   (      96)
        96                  46             0.94085   (      97)
        97                  46             0.95928   (      98)
        98                  46             0.97009   (      99)
        99                  46             0.99231   (     100)
       100                  46             0.99242   (     101)
