        Rank        RMSE       MaxAE  Feature_ID
           1   35.329367   93.673629  (       1)
           2   35.920373   71.615515  (       2)
           3   35.983541  111.105827  (       3)
           4   36.213812  114.006007  (       4)
           5   36.274034  109.211538  (       5)
           6   36.377524  113.320048  (       6)
           7   36.623288   98.913246  (       7)
           8   36.767711  103.298778  (       8)
           9   36.808117  109.424585  (       9)
          10   36.875900   97.074328  (      10)
          11   36.921053  108.814482  (      11)
          12   37.106178   83.038056  (      12)
          13   37.128251   92.439085  (      13)
          14   37.134639  116.578081  (      14)
          15   37.234722  102.165632  (      15)
          16   37.313712  105.616990  (      16)
          17   37.314627   97.237894  (      17)
          18   37.327822  104.116141  (      18)
          19   37.404556   97.797311  (      19)
          20   37.474274   95.866847  (      20)
          21   37.491451  109.868608  (      21)
          22   37.503606  111.435171  (      22)
          23   37.514646  132.246806  (      23)
          24   37.522197   92.141456  (      24)
          25   37.523040  111.312388  (      25)
          26   37.548024   87.576490  (      26)
          27   37.552171  111.553236  (      27)
          28   37.559783  111.628522  (      28)
          29   37.596435  107.585889  (      29)
          30   37.612466   96.852124  (      30)
          31   37.628246  111.572002  (      31)
          32   37.629278   89.864858  (      32)
          33   37.644410  114.557392  (      33)
          34   37.663545  125.073515  (      34)
          35   37.691726   96.392870  (      35)
          36   37.755464  111.668040  (      36)
          37   37.767777  108.577023  (      37)
          38   37.876934  111.334630  (      38)
          39   37.881715  102.878764  (      39)
          40   37.908831   92.664474  (      40)
          41   37.991187   91.631936  (      41)
          42   37.994380  102.058350  (      42)
          43   37.994464  111.377851  (      43)
          44   37.998408  110.135970  (      44)
          45   38.004332  100.492946  (      45)
          46   38.012765  100.118857  (      46)
          47   38.057917  100.575592  (      47)
          48   38.058247  109.635616  (      48)
          49   38.060605   99.647298  (      49)
          50   38.079400   91.114790  (      50)
          51   38.083495  108.963771  (      51)
          52   38.104990   97.318794  (      52)
          53   38.107398  102.934085  (      53)
          54   38.117004   97.805134  (      54)
          55   38.126235   97.428930  (      55)
          56   38.144738  112.876460  (      56)
          57   38.149244  102.123422  (      57)
          58   38.150587  101.456528  (      58)
          59   38.155434  107.978751  (      59)
          60   38.169673  112.335499  (      60)
          61   38.172361  118.189834  (      61)
          62   38.176572  110.794655  (      62)
          63   38.213744  101.989868  (      63)
          64   38.229997  100.336575  (      64)
          65   38.239580  109.771765  (      65)
          66   38.250151  107.382798  (      66)
          67   38.250245   99.104600  (      67)
          68   38.259050  101.259384  (      68)
          69   38.261534  102.302524  (      69)
          70   38.266919  113.409045  (      70)
          71   38.271914   99.456485  (      71)
          72   38.276222   98.988054  (      72)
          73   38.276940  101.429497  (      73)
          74   38.280767  111.482442  (      74)
          75   38.282089  124.018699  (      75)
          76   38.301435  105.202603  (      76)
          77   38.316852   92.424693  (      77)
          78   38.330843  109.002672  (      78)
          79   38.337777  107.443154  (      79)
          80   38.356769  106.877163  (      80)
          81   38.360070  101.860312  (      81)
          82   38.365765  109.094798  (      82)
          83   38.376035  102.198061  (      83)
          84   38.404178   97.230846  (      84)
          85   38.405629  138.254029  (      85)
          86   38.407783  103.947051  (      86)
          87   38.436990  113.529481  (      87)
          88   38.437543  111.657908  (      88)
          89   38.448327  104.280746  (      89)
          90   38.461131  104.853209  (      90)
          91   38.477255  116.007741  (      91)
          92   38.498371  109.727423  (      92)
          93   38.503938  117.653384  (      93)
          94   38.516602  117.154000  (      94)
          95   38.546090  104.873131  (      95)
          96   38.557466  117.866184  (      96)
          97   38.559881  112.318632  (      97)
          98   38.561639  118.820696  (      98)
          99   38.568200  105.399254  (      99)
         100   38.572752  105.666641  (     100)
