Model_ID, [(c_i,i=0,n)_j,j=1,ntask]
           1    0.3203468061E+03    0.3230898298E+03
           2    0.3253633423E+03    0.3179208385E+03
           3    0.2371930144E+03    0.1902615133E+03
           4    0.2009142300E+03    0.1512011256E+03
           5    0.1330585446E+03   -0.1070409321E+03
           6    0.1962298598E+03    0.1502854833E+03
           7    0.2135149944E+03    0.2111958208E+03
           8    0.2076999604E+03    0.1487343902E+03
           9    0.2354933135E+03    0.1902855825E+03
          10    0.2106092190E+03    0.2126273221E+03
          11    0.2348675965E+03    0.1903059432E+03
          12    0.3312091868E+03    0.3259284816E+03
          13    0.3246286811E+03    0.3064835539E+03
          14    0.2434303856E+03    0.1892638472E+03
          15    0.2160521745E+03    0.1519222475E+03
          16    0.2203846206E+03    0.2109732416E+03
          17    0.2115400724E+03    0.2115977819E+03
          18    0.2070655367E+03    0.1559443330E+03
          19    0.2977186948E+03   -0.3012870016E+03
          20    0.2094728235E+03    0.2125319399E+03
          21    0.2416159086E+03    0.1828810676E+03
          22    0.2415172210E+03    0.1850524540E+03
          23    0.1641903570E+03   -0.1199382709E+03
          24    0.1955731974E+03    0.1654061075E+03
          25    0.2412252795E+03    0.1852730256E+03
          26    0.3112675194E+03    0.2731389562E+03
          27    0.2417947059E+03    0.1848445794E+03
          28    0.2435871135E+03    0.1826055567E+03
          29    0.2338716379E+03    0.1900026014E+03
          30    0.2836532596E+03    0.2556133165E+03
          31    0.2419837331E+03    0.1846225699E+03
          32    0.3219306932E+03    0.3068561148E+03
          33    0.1953092876E+03    0.1520005561E+03
          34    0.1251741695E+03   -0.9234143162E+02
          35    0.2843197883E+03    0.2549551068E+03
          36    0.2423457651E+03    0.1842757292E+03
          37    0.2412718281E+03    0.1900887682E+03
          38    0.2439804646E+03    0.1817094326E+03
          39    0.2441894027E+03    0.2296541148E+03
          40    0.1911352471E+03    0.1669778517E+03
          41    0.3227052937E+03    0.3098438064E+03
          42    0.2120064906E+03    0.1482946764E+03
          43    0.1986146971E+03    0.1509326741E+03
          44    0.2400935890E+03    0.1852147041E+03
          45    0.2946713516E+03    0.3029051826E+03
          46    0.2948522558E+03    0.3037940128E+03
          47    0.3051676706E+03    0.3100410647E+03
          48    0.2394371752E+03    0.1854181972E+03
          49    0.2077324435E+03    0.1499995151E+03
          50    0.3230655976E+03    0.3072023865E+03
          51    0.2426603490E+03    0.1887218004E+03
          52    0.3516426553E+03    0.3224864878E+03
          53    0.2067172638E+03    0.1551751917E+03
          54    0.2982559588E+03    0.2987790928E+03
          55    0.2984445603E+03    0.2996422416E+03
          56    0.1318580274E+03    0.9254176243E+02
          57    0.1404537893E+03    0.1007935267E+03
          58    0.2937985319E+03    0.3024875924E+03
          59    0.2133023134E+03    0.1506144803E+03
          60    0.2415192664E+03    0.1862237603E+03
          61    0.1591866040E+03   -0.1187982669E+03
          62    0.2274374499E+03    0.1849549499E+03
          63    0.2066222469E+03    0.1543918290E+03
          64    0.3053195158E+03    0.3105301820E+03
          65    0.2402925191E+03    0.1844804106E+03
          66    0.2085394367E+03    0.1497697653E+03
          67    0.2957969277E+03    0.3041141678E+03
          68    0.2266079340E+03    0.2132496626E+03
          69    0.2934077107E+03    0.3003933654E+03
          70    0.2303876505E+03   -0.1876308860E+03
          71    0.2173409933E+03    0.1530915043E+03
          72    0.2124394724E+03    0.1523403339E+03
          73    0.1353488300E+03    0.1026962285E+03
          74    0.2429703543E+03    0.1832192941E+03
          75    0.2392734010E+03    0.2168229527E+03
          76    0.2389626006E+03    0.1802566318E+03
          77    0.1877730624E+03    0.1598370890E+03
          78    0.2389884835E+03    0.1851779426E+03
          79    0.2402516519E+03    0.1899336299E+03
          80    0.2418641814E+03   -0.1024704890E+03
          81    0.2943754081E+03    0.2979756495E+03
          82    0.1909435122E+03   -0.1148823883E+03
          83    0.1101678078E+03    0.8495455221E+02
          84    0.2684067678E+03    0.1293315722E+03
          85    0.1617820526E+03   -0.1123341817E+03
          86    0.1106171855E+03    0.8537271630E+02
          87    0.1984718122E+03    0.1435823239E+03
          88    0.2376824176E+03    0.1798856716E+03
          89    0.2092693416E+03    0.1425721501E+03
          90    0.2271319666E+03    0.2044584076E+03
          91    0.1969834733E+03    0.1466270186E+03
          92    0.1978678036E+03   -0.1501945785E+03
          93    0.1269742768E+03   -0.9607516450E+02
          94    0.2049089786E+03    0.1504706193E+03
          95    0.2505668328E+03    0.2309957652E+03
          96    0.2434489974E+03    0.1804299742E+03
          97    0.2324529131E+03    0.1860702488E+03
          98    0.1313033346E+03    0.8813630878E+02
          99    0.3017317628E+03    0.3022544915E+03
         100    0.1928154429E+03   -0.1138412634E+03
