      rank       #data_overlap        size_overlap          feature_ID
         1                  16             0.17338   (      62    1173)
         2                  16             0.19224   (      85    1608)
         3                  16             0.19388   (      83    1608)
         4                  16             0.21699   (       5    1363)
         5                  16             0.21699   (       5     596)
         6                  16             0.22218   (       5     874)
         7                  16             0.22218   (       5    1371)
         8                  17             0.08461   (       1    1387)
         9                  17             0.08987   (       1    1399)
        10                  17             0.09123   (       1    1108)
        11                  17             0.09651   (      62    1608)
        12                  17             0.09832   (       1    1029)
        13                  17             0.10669   (       1    1400)
        14                  17             0.11563   (      62    1175)
        15                  17             0.14806   (      62    1401)
        16                  17             0.14806   (      62     239)
        17                  17             0.14885   (      62    1029)
        18                  17             0.15966   (      62    1363)
        19                  17             0.15966   (      62     596)
        20                  17             0.16776   (       5    1608)
        21                  17             0.17186   (      62    1264)
        22                  17             0.17187   (       5     846)
        23                  17             0.17187   (       5    1642)
        24                  17             0.17284   (     398    1608)
        25                  17             0.17585   (       5    1643)
        26                  17             0.19043   (     145    1608)
        27                  17             0.19162   (     150    1608)
        28                  17             0.19224   (      81    1608)
        29                  17             0.19224   (      82    1608)
        30                  17             0.19224   (      84    1608)
        31                  17             0.19224   (     143    1608)
        32                  17             0.19224   (     144    1608)
        33                  17             0.19224   (     147    1608)
        34                  17             0.19224   (     148    1608)
        35                  17             0.19224   (     149    1608)
        36                  17             0.19224   (     152    1608)
        37                  17             0.19224   (     151    1608)
        38                  17             0.21584   (       5     646)
        39                  17             0.21584   (       5    1899)
        40                  17             0.21698   (       5     853)
        41                  17             0.21698   (       5    1990)
        42                  18             0.04742   (       1    1630)
        43                  18             0.07583   (       1    1807)
        44                  18             0.08783   (      62    1068)
        45                  18             0.09430   (       7     617)
        46                  18             0.09555   (       1    1815)
        47                  18             0.12815   (      43    1608)
        48                  18             0.13239   (      62    1103)
        49                  18             0.13886   (      43    1165)
        50                  18             0.14181   (      62     371)
        51                  18             0.14760   (      61    1165)
        52                  18             0.14845   (      62    1111)
        53                  18             0.14943   (      62    1165)
        54                  18             0.14945   (      62    1171)
        55                  18             0.15571   (      62    1313)
        56                  18             0.15758   (     150    1642)
        57                  18             0.15758   (     150     846)
        58                  18             0.16001   (      43    1363)
        59                  18             0.16001   (      43     596)
        60                  18             0.16298   (       5    1644)
        61                  18             0.16496   (      62    1160)
        62                  18             0.16945   (      62    1028)
        63                  18             0.17170   (      62    1006)
        64                  18             0.18613   (      85     371)
        65                  18             0.18613   (      85    1364)
        66                  18             0.19155   (      62    1323)
        67                  18             0.19225   (     257    1608)
        68                  18             0.19747   (      62     646)
        69                  18             0.19787   (     412    1608)
        70                  18             0.19841   (      62    1141)
        71                  18             0.19988   (     150    1364)
        72                  18             0.20478   (     146     371)
        73                  18             0.20496   (     152     371)
        74                  18             0.20496   (      81     371)
        75                  18             0.20496   (     147     371)
        76                  18             0.20496   (     143     371)
        77                  18             0.20496   (     149     371)
        78                  18             0.20496   (      83    1364)
        79                  18             0.20496   (     143    1364)
        80                  18             0.20496   (     152    1364)
        81                  18             0.20496   (      81    1364)
        82                  18             0.20496   (     147    1364)
        83                  18             0.20496   (     149    1364)
        84                  18             0.20536   (     144     371)
        85                  18             0.20536   (     144    1364)
        86                  18             0.20539   (     148    1364)
        87                  18             0.20541   (      84     371)
        88                  18             0.20541   (      84    1364)
        89                  18             0.20568   (      82     371)
        90                  18             0.21515   (     150     596)
        91                  18             0.21762   (      62    1061)
        92                  18             0.21762   (      62    1140)
        93                  18             0.21837   (      85    1983)
        94                  18             0.21837   (      85     367)
        95                  18             0.21837   (      85    1609)
        96                  18             0.21997   (      83     367)
        97                  18             0.21997   (      83    1983)
        98                  18             0.21997   (      83    1609)
        99                  18             0.22011   (     150    1165)
       100                  18             0.22403   (     151     371)
