        Rank        RMSE       MaxAE  Feature_ID
           1   24.010059   60.617732  (    1230   12602)
           2   24.052126   56.313469  (     307   12602)
           3   24.110833   56.463562  (     303   12602)
           4   24.156208   56.108107  (      50   18904)
           5   24.274517   56.658092  (      11   18904)
           6   24.312537   56.640716  (      13   18904)
           7   24.392265   56.078592  (      89   18904)
           8   24.396280   83.354212  (     130   18904)
           9   24.430528   56.590165  (      21   18904)
          10   24.451747   55.797388  (     414   12602)
          11   24.489158   55.764736  (     424   12602)
          12   24.563827   65.882101  (     482   10698)
          13   24.803540   50.555847  (     364   12602)
          14   24.836052   58.785293  (    9242   10547)
          15   24.851447   55.285197  (      50   18571)
          16   24.853930   60.679504  (       1   10147)
          17   24.883641   61.424438  (       1   10001)
          18   24.896303   61.634333  (      17   10547)
          19   24.908552   59.183452  (       1   10013)
          20   24.920379   89.563332  (    2368   18904)
          21   24.926008   57.278861  (       1   10002)
          22   24.957353   64.804589  (     151   11002)
          23   24.968379   61.324423  (       1   10283)
          24   24.976854   55.737314  (     349   12602)
          25   24.998612   63.607740  (       1   10012)
          26   25.034583   61.491023  (       1   10005)
          27   25.035515   55.339420  (     597   12602)
          28   25.082150   65.112668  (     869   10982)
          29   25.083785   65.101334  (     876   10982)
          30   25.084581   61.250722  (       1   10004)
          31   25.089248   61.375758  (       1   10007)
          32   25.089965   56.860724  (       8   18904)
          33   25.092953   83.366888  (     130   18571)
          34   25.107066   59.875861  (       1   10003)
          35   25.113724   61.448790  (       1   10006)
          36   25.116255   58.301311  (       1   10277)
          37   25.124814   61.431256  (       1   10009)
          38   25.133528   58.000255  (       1   10086)
          39   25.133839   55.268877  (     640   12602)
          40   25.139735   61.417042  (       1   10010)
          41   25.202630   61.522830  (       1   10015)
          42   25.204484   61.646024  (       1   10025)
          43   25.222853   61.718596  (      17   10698)
          44   25.229271   62.843023  (       1   10357)
          45   25.229944   61.711281  (       1   10297)
          46   25.233516   61.389353  (       1   10019)
          47   25.249725   59.952320  (       1   10011)
          48   25.254146   62.039373  (    1485   12602)
          49   25.254939   59.549467  (      11   10993)
          50   25.258703   60.188919  (     457   12602)
          51   25.260314   66.132720  (     482   10547)
          52   25.279638   64.465417  (       1   10016)
          53   25.280882   55.153653  (       8   14708)
          54   25.288269   59.834693  (       1   10017)
          55   25.291790   59.724929  (       1   10008)
          56   25.292806   69.655987  (       1   10022)
          57   25.294004   60.350802  (       1   10141)
          58   25.304302   61.834939  (      16   10547)
          59   25.305642   55.952953  (      11   18571)
          60   25.308968   59.089943  (       1   10041)
          61   25.311836   63.606499  (       1   10058)
          62   25.321992   59.914040  (       1   10018)
          63   25.325112   58.921694  (    9028   10547)
          64   25.329268   57.513786  (       1   10031)
          65   25.330643   59.895745  (       1   10020)
          66   25.335570   60.542844  (    1230   12675)
          67   25.342978   59.881340  (       1   10021)
          68   25.347221   61.838826  (      20   10547)
          69   25.351680   59.546044  (      13   10993)
          70   25.355151   62.630073  (       1   10135)
          71   25.371432   57.606270  (       1   10080)
          72   25.379181   58.936812  (    9616   10547)
          73   25.381240   55.932526  (      13   18571)
          74   25.383153   58.820979  (    9242   10698)
          75   25.388833   70.782825  (     108   10698)
          76   25.389129   63.246999  (      85   10547)
          77   25.398179   60.832094  (     379   12602)
          78   25.399369   56.447534  (     418   12602)
          79   25.400049   56.250678  (     385   12602)
          80   25.407350   60.106700  (       1   10034)
          81   25.413487   59.999175  (       1   10027)
          82   25.417188   59.530210  (      11   11446)
          83   25.426121   56.224781  (    1115   12602)
          84   25.429509   59.859884  (       1   10030)
          85   25.438536   53.793884  (     442   12602)
          86   25.438969   61.980931  (       1   10028)
          87   25.439282   61.510540  (       1   10039)
          88   25.445196   65.213475  (     869   11063)
          89   25.446331   55.916565  (      30   18904)
          90   25.446425   65.202343  (     876   11063)
          91   25.447344   62.305241  (      86   19579)
          92   25.451263   56.126542  (       1   10053)
          93   25.454864   55.289623  (      89   18571)
          94   25.460008   54.429152  (     456   12602)
          95   25.462707   61.806273  (      27   10547)
          96   25.464610   56.514787  (    1108   12602)
          97   25.466193   58.760363  (       1   10050)
          98   25.469864   60.808758  (       1   10280)
          99   25.472993   58.139624  (       1   10040)
         100   25.476612   56.478584  (     519   12602)
