      rank       #data_overlap        size_overlap          feature_ID
         1                  39             0.46187   (       1)
         2                  40             0.33751   (       2)
         3                  40             0.47142   (       3)
         4                  40             0.47201   (       4)
         5                  40             0.47201   (       5)
         6                  40             0.47201   (       6)
         7                  40             0.47201   (       7)
         8                  40             0.47201   (       8)
         9                  40             0.58276   (       9)
        10                  41             0.17823   (      10)
        11                  41             0.47201   (      11)
        12                  41             0.47201   (      12)
        13                  41             0.47201   (      13)
        14                  41             0.47201   (      14)
        15                  41             0.47201   (      15)
        16                  41             0.47201   (      16)
        17                  41             0.47201   (      17)
        18                  41             0.47201   (      18)
        19                  41             0.47201   (      19)
        20                  41             0.47201   (      20)
        21                  41             0.47201   (      21)
        22                  41             0.49610   (      22)
        23                  42             0.30397   (      23)
        24                  42             0.33751   (      24)
        25                  42             0.33751   (      25)
        26                  42             0.46753   (      26)
        27                  42             0.47196   (      27)
        28                  42             0.47201   (      28)
        29                  42             0.47201   (      29)
        30                  42             0.49804   (      30)
        31                  42             0.90512   (      31)
        32                  42             0.90512   (      32)
        33                  43             0.27961   (      33)
        34                  43             0.33584   (      34)
        35                  43             0.33751   (      35)
        36                  43             0.36420   (      36)
        37                  43             0.38261   (      37)
        38                  43             0.46753   (      38)
        39                  43             0.46753   (      39)
        40                  43             0.90512   (      40)
        41                  44             0.26221   (      41)
        42                  44             0.30397   (      42)
        43                  44             0.30397   (      43)
        44                  44             0.33751   (      44)
        45                  44             0.33751   (      45)
        46                  44             0.46746   (      46)
        47                  44             0.46753   (      47)
        48                  44             0.46753   (      48)
        49                  44             0.54735   (      49)
        50                  44             0.60752   (      50)
        51                  44             0.65864   (      51)
        52                  44             0.69829   (      52)
        53                  44             0.90512   (      53)
        54                  44             0.90512   (      54)
        55                  44             0.90512   (      55)
        56                  44             0.90512   (      56)
        57                  44             0.90512   (      57)
        58                  44             0.90512   (      58)
        59                  44             1.00000   (      59)
        60                  44             1.00000   (      60)
        61                  44             1.00000   (      61)
        62                  44             1.00000   (      62)
        63                  44             1.00000   (      63)
        64                  44             1.00000   (      64)
        65                  45             0.27961   (      65)
        66                  45             0.27961   (      66)
        67                  45             0.30397   (      67)
        68                  45             0.33584   (      68)
        69                  45             0.33584   (      69)
        70                  45             0.44885   (      70)
        71                  45             0.46525   (      71)
        72                  45             0.48208   (      72)
        73                  45             0.48208   (      73)
        74                  45             0.52345   (      74)
        75                  45             0.55306   (      75)
        76                  45             0.61498   (      76)
        77                  45             0.67143   (      77)
        78                  45             0.69829   (      78)
        79                  45             0.69829   (      79)
        80                  45             0.90512   (      80)
        81                  45             0.90512   (      81)
        82                  45             1.00000   (      82)
        83                  45             1.00000   (      83)
        84                  45             1.00000   (      84)
        85                  45             1.00000   (      85)
        86                  45             1.00000   (      86)
        87                  45             1.00000   (      87)
        88                  45             1.00000   (      88)
        89                  45             1.00000   (      89)
        90                  45             1.00000   (      90)
        91                  45             1.00000   (      91)
        92                  45             1.00000   (      92)
        93                  45             1.00000   (      93)
        94                  45             1.00000   (      94)
        95                  45             1.00000   (      95)
        96                  45             1.00000   (      96)
        97                  45             1.00000   (      97)
        98                  45             1.00000   (      98)
        99                  45             1.00000   (      99)
       100                  45             1.00000   (     100)
