Model_ID, [(c_i,i=0,n)_j,j=1,ntask]
           1    0.3398991836E+03    0.3078352517E+03   -0.1551146937E+03
           2    0.2710221804E+03    0.2590563938E+03    0.1015956421E+03
           3    0.3409737135E+03    0.3096031471E+03   -0.1552973737E+03
           4    0.2683819714E+03    0.2548341221E+03   -0.1049656281E+03
           5    0.2690618939E+03    0.2904318537E+03   -0.1422108562E+03
           6    0.2717633127E+03    0.2602832547E+03    0.9970596319E+02
           7    0.2741068432E+03    0.2590760402E+03   -0.1181522654E+03
           8    0.3306357363E+03    0.3131448437E+03   -0.1794825277E+03
           9    0.3321914968E+03    0.3174772037E+03   -0.1541524267E+03
          10    0.2774936139E+03    0.2638928892E+03    0.1138311559E+03
          11    0.2737111996E+03    0.2503094410E+03    0.9937768198E+02
          12    0.2749213242E+03    0.2836922801E+03   -0.7866433846E+02
          13    0.2740576470E+03    0.2506245692E+03    0.9897742438E+02
          14    0.2787938544E+03    0.2570565242E+03    0.9236532846E+02
          15    0.3470897336E+03    0.3186887885E+03   -0.1539938672E+03
          16    0.2709531164E+03    0.2793988614E+03   -0.8229947765E+02
          17    0.2710828046E+03    0.2462877152E+03   -0.1027031033E+03
          18    0.3178509547E+03    0.3096899503E+03   -0.1379738815E+03
          19    0.2713317855E+03    0.2796580614E+03   -0.8197614889E+02
          20    0.2637787119E+03    0.2793223685E+03   -0.2919065141E+03
          21    0.3359997718E+03    0.3268769040E+03   -0.1884181820E+03
          22    0.3314964622E+03    0.3152766589E+03   -0.1610685703E+03
          23    0.3168213420E+03    0.2902075291E+03    0.1785943661E+03
          24    0.3336757518E+03   -0.3150825092E+03   -0.1961912235E+03
          25    0.3317175379E+03    0.3155206672E+03   -0.1613859122E+03
          26    0.3311263332E+03    0.3147597324E+03   -0.1605064168E+03
          27    0.3285214417E+03    0.3117223556E+03   -0.2149797619E+03
          28    0.2714451979E+03    0.2466119253E+03   -0.1022680378E+03
          29    0.2745620036E+03    0.2510033899E+03    0.9839552936E+02
          30    0.2748687468E+03    0.2514454749E+03   -0.9803168789E+02
          31    0.3308799855E+03    0.3145290352E+03   -0.1565177600E+03
          32    0.3283638443E+03    0.3113039915E+03   -0.2150240883E+03
          33    0.3307256640E+03    0.3140783131E+03   -0.1598632003E+03
          34    0.2822566305E+03    0.2874542096E+03    0.9845446526E+02
          35    0.2718991783E+03    0.2799523478E+03   -0.8147965343E+02
          36    0.3203288898E+03    0.3127276429E+03   -0.1133542707E+03
          37    0.2764822484E+03    0.2532754828E+03   -0.9507397861E+02
          38    0.3307251057E+03    0.3260485731E+03    0.1536215968E+03
          39    0.1882642382E+03    0.1620825569E+03    0.8634138548E+02
          40    0.3073051655E+03    0.2775928533E+03    0.1769473491E+03
          41    0.2696030238E+03    0.2887016835E+03   -0.8102854891E+02
          42    0.3076532686E+03    0.2888980226E+03   -0.8528989135E+02
          43    0.3288787644E+03    0.3230343889E+03    0.1800116888E+03
          44    0.2719715680E+03    0.2470033547E+03   -0.1016376648E+03
          45    0.3454094430E+03    0.3104358520E+03    0.1694062707E+03
          46    0.3323884618E+03    0.3230628565E+03   -0.1557169368E+03
          47    0.3304528306E+03    0.3135555443E+03   -0.1594084812E+03
          48    0.2709367814E+03    0.2456079117E+03    0.1035013579E+03
          49    0.3308693376E+03    0.3196602973E+03   -0.1824838627E+03
          50    0.2703075453E+03    0.2607975861E+03   -0.6786233101E+02
          51    0.3028667623E+03    0.2692300339E+03   -0.1446723906E+03
          52    0.2658989865E+03    0.2746018141E+03   -0.8884159670E+02
          53    0.3034796532E+03    0.2792629595E+03   -0.1413567201E+03
          54    0.3266450739E+03    0.3081724347E+03    0.9999577919E+02
          55    0.2745198855E+03    0.2515049745E+03    0.9735718426E+02
          56    0.1878639046E+03    0.1610278450E+03   -0.8800108858E+02
          57    0.2750219578E+03    0.2512433008E+03    0.9786591715E+02
          58    0.3358553271E+03    0.2921001457E+03   -0.1277216345E+03
          59    0.2779302505E+03    0.2553842891E+03    0.9355869898E+02
          60    0.3331069023E+03    0.3102044587E+03   -0.4004915937E+03
          61    0.3706936864E+03   -0.3711669344E+03   -0.9542507660E+02
          62    0.3192209455E+03    0.3106180566E+03   -0.1152637361E+03
          63    0.3027663004E+03    0.2689772380E+03   -0.1447349966E+03
          64    0.3179848910E+03    0.3049738750E+03   -0.1276988137E+03
          65    0.3178859476E+03    0.3048047374E+03   -0.1280261222E+03
          66    0.2894467818E+03    0.2769350320E+03    0.7572322139E+02
          67    0.3266958387E+03    0.3067767479E+03    0.9863093799E+02
          68    0.2796400217E+03    0.2582939269E+03    0.9031955655E+02
          69    0.2724381547E+03    0.2801117026E+03   -0.8099266490E+02
          70    0.2748698464E+03    0.2518232346E+03    0.9695319164E+02
          71    0.3214523231E+03    0.3101405688E+03   -0.1128880489E+03
          72    0.3315580334E+03   -0.3184325957E+03    0.1881943879E+03
          73    0.3460837106E+03    0.3147720873E+03    0.1729963417E+03
          74    0.3183729024E+03    0.3052837122E+03   -0.1230070214E+03
          75    0.2647962719E+03    0.2527478490E+03   -0.9085201904E+02
          76    0.3432424815E+03    0.3186367449E+03    0.1637064981E+03
          77    0.3159140070E+03    0.2836769738E+03   -0.1341943439E+03
          78    0.3184586691E+03    0.3093851320E+03   -0.1180415715E+03
          79    0.3187932065E+03    0.3098347209E+03   -0.1179856186E+03
          80    0.3008627326E+03    0.2776925843E+03    0.7124772369E+02
          81    0.3471828795E+03    0.1638315787E+03   -0.5766771321E+03
          82    0.3333491007E+03   -0.3174122170E+03   -0.1988157320E+03
          83    0.3299359782E+03    0.3241461999E+03    0.1606710601E+03
          84    0.2907107264E+03    0.1355847563E+03   -0.9833678998E+02
          85    0.3020969790E+03   -0.2540601727E+03    0.3196160879E+03
          86    0.2752931543E+03    0.2513230262E+03    0.9755426576E+02
          87    0.2724499343E+03    0.2472537824E+03   -0.1010668375E+03
          88    0.3295690229E+03    0.3236190563E+03    0.1601835594E+03
          89    0.3182776987E+03    0.3050353916E+03   -0.1230066139E+03
          90    0.3464772241E+03    0.3181671872E+03    0.1617592324E+03
          91    0.3460590829E+03    0.3147776185E+03   -0.1505000197E+03
          92    0.3046969235E+03    0.2803743158E+03   -0.1332113294E+03
          93    0.3396328835E+03    0.3185662691E+03    0.1050160211E+03
          94    0.3182312831E+03    0.3090133748E+03   -0.1180505501E+03
          95    0.2784270138E+03    0.2650762754E+03    0.1115006184E+03
          96    0.3301539603E+03    0.3243878538E+03    0.1609223875E+03
          97    0.2773106531E+03    0.2804484647E+03   -0.1057463156E+03
          98    0.3058731764E+03    0.2822688806E+03    0.1511274146E+03
          99    0.2937836860E+03    0.1377139962E+03    0.9447056086E+02
         100    0.3305590617E+03    0.3162748995E+03   -0.1570442856E+03
