      rank       #data_overlap        size_overlap          feature_ID
         1                  39             0.52914   (       1)
         2                  40             0.41739   (       2)
         3                  41             0.41739   (       3)
         4                  41             0.41739   (       4)
         5                  41             0.53529   (       5)
         6                  41             0.53529   (       6)
         7                  41             0.53529   (       7)
         8                  42             0.26988   (       8)
         9                  42             0.41739   (       9)
        10                  42             0.41739   (      10)
        11                  42             0.65327   (      11)
        12                  43             0.41739   (      12)
        13                  43             0.41739   (      13)
        14                  43             0.41739   (      14)
        15                  43             0.53529   (      15)
        16                  44             0.42742   (      16)
        17                  45             0.31286   (      17)
        18                  45             0.37312   (      18)
        19                  45             0.68201   (      19)
        20                  45             0.83825   (      20)
        21                  45             0.96079   (      21)
        22                  45             0.96079   (      22)
        23                  46             0.42385   (      26)
        24                  46             0.54437   (      27)
        25                  46             0.54437   (      28)
        26                  46             0.54437   (      29)
        27                  46             0.54437   (      30)
        28                  46             0.54437   (      31)
        29                  46             0.54437   (      32)
        30                  46             0.54437   (      33)
        31                  46             0.54922   (      34)
        32                  46             0.55030   (      35)
        33                  46             0.96079   (      36)
        34                  46             0.96079   (      37)
        35                  46             0.96079   (      38)
        36                  46             1.00000   (      71)
        37                  46             1.00000   (      72)
        38                  46             1.00000   (      73)
        39                  46             1.00000   (      74)
        40                  46             1.00000   (      75)
        41                  46             1.00000   (      76)
        42                  46             1.00000   (      77)
        43                  46             1.00000   (      78)
        44                  46             1.00000   (      79)
        45                  46             1.00000   (      80)
        46                  46             1.00000   (      81)
        47                  46             1.00000   (      82)
        48                  46             1.00000   (      83)
        49                  46             1.00000   (      84)
        50                  46             1.00000   (      85)
        51                  46             1.00000   (      86)
        52                  46             1.00000   (      87)
        53                  46             1.00000   (      88)
        54                  47             0.31496   (      89)
        55                  47             0.32881   (      90)
        56                  47             0.37312   (      91)
        57                  47             0.37312   (      92)
        58                  47             0.37630   (      93)
        59                  47             0.46235   (      94)
        60                  47             0.48339   (      95)
        61                  47             0.48438   (      96)
        62                  47             0.51742   (      97)
        63                  47             0.53615   (      98)
        64                  47             0.53615   (      99)
        65                  47             0.53615   (     100)
        66                  47             0.54143   (     101)
        67                  47             0.54143   (     102)
        68                  47             0.54220   (     103)
        69                  47             0.54437   (     104)
        70                  47             0.54437   (     105)
        71                  47             0.54437   (     106)
        72                  47             0.54437   (     107)
        73                  47             0.54437   (     108)
        74                  47             0.54437   (     109)
        75                  47             0.54437   (     110)
        76                  47             0.54437   (     111)
        77                  47             0.54437   (     112)
        78                  47             0.54437   (     113)
        79                  47             0.54437   (     114)
        80                  47             0.54437   (     115)
        81                  47             0.54437   (     116)
        82                  47             0.55030   (     117)
        83                  47             0.55030   (     118)
        84                  47             0.55030   (     119)
        85                  47             0.55030   (     120)
        86                  47             0.55890   (     121)
        87                  47             0.58971   (     122)
        88                  47             0.59119   (     123)
        89                  47             0.65024   (     124)
        90                  47             0.81268   (     125)
        91                  47             0.86615   (     126)
        92                  47             0.87528   (     127)
        93                  47             0.93704   (     128)
        94                  47             0.96079   (     129)
        95                  47             0.96079   (     130)
        96                  47             0.96079   (     131)
        97                  47             0.96079   (     132)
        98                  47             0.96079   (     133)
        99                  47             0.99254   (     134)
       100                  47             0.99841   (     135)
