The coordinates (x,y) of 2D-vertices arranged in clockwise direction
Task :    1
Hull    1
   -0.3593516800E+00   -0.9597000000E+00
   -0.2172859000E-01    0.2242000000E+00
    0.1301340000E-02    0.5870000000E-01
    0.1855840000E-01   -0.3699000000E+00
   -0.5798906000E-01   -0.1036400000E+01
   -0.1165467600E+00   -0.1409300000E+01
   -0.1485435000E+00   -0.1512700000E+01
Hull    2
   -0.1137132500E+00   -0.1682700000E+01
   -0.1125080400E+00   -0.1430800000E+01
   -0.8865140000E-01   -0.1105100000E+01
   -0.6891295000E-01   -0.8990000000E+00
   -0.4839790000E-01   -0.6996000000E+00
    0.4165140000E-01   -0.1512000000E+00
    0.2061255000E+00   -0.8046000000E+00
   -0.7075172000E-01   -0.1672800000E+01
