     Index              y_true              y_pred        descriptor_1        descriptor_2
         1    0.1000000000E+00    0.1305326856E+01    0.0000000000E+00    0.0000000000E+00
         2    0.2600000000E+01    0.7681528557E+00   -0.3897654487E-01   -0.1670623200E+00
         3    0.4090000000E+02    0.3135457116E+02    0.2746094583E+00   -0.3505957500E+00
         4    0.1560000000E+01    0.4114751997E+01    0.8234957194E-02   -0.1215073000E+00
         5    0.6650000000E+01    0.7596279375E+01   -0.4105645986E-02   -0.3867912700E+00
         6    0.2280000000E+01    0.4752038817E+00    0.7658006242E-03    0.5217894000E-01
         7    0.6070000000E+01    0.5958652660E+01   -0.3372356846E-01   -0.4422325500E+00
         8    0.1337000000E+02    0.8195883728E+01    0.9958336153E-01    0.1058860500E+00
         9    0.2141000000E+02    0.1909688352E+02    0.1817178132E+00   -0.1102655400E+00
        10    0.1012000000E+02    0.1093021228E+02    0.1093295981E+00   -0.3564250000E-02
        11    0.1470000000E+02    0.1538666209E+02    0.1734134303E+00    0.6328180000E-01
        12    0.4660000000E+01    0.6158576606E+01    0.6231097809E-01    0.3474688000E-01
        13    0.1128000000E+02    0.9905393438E+01    0.1197779310E+00    0.1092019400E+00
        14    0.7530000000E+01    0.1463385919E+02    0.1756717328E+00    0.1185571500E+00
        15    0.6140000000E+01    0.4287482572E+01    0.3164391037E-01   -0.1245305000E-01
        16    0.6970000000E+01    0.6713157695E+01    0.5106465310E-01   -0.5472879000E-01
        17    0.4390000000E+01    0.4957873844E+01    0.4835300790E-01    0.3356788000E-01
        18    0.3600000000E+01    0.4969725441E+01    0.7516670010E-01    0.1693021200E+00
        19    0.7350000000E+01    0.6570738400E+01    0.1133493043E+00    0.2704486400E+00
        20    0.4060000000E+01    0.2492732613E+01    0.3363751105E-01    0.1020786000E+00
        21    0.4810000000E+01    0.9456396971E+01    0.8533437454E-01   -0.3992599000E-01
        22    0.1002000000E+02    0.1458086162E+02    0.1480560498E+00   -0.1886430000E-01
        23    0.1925000000E+02    0.2205348053E+02    0.2556758412E+00    0.9405512000E-01
        24    0.2305000000E+02    0.2378475672E+02    0.3094489942E+00    0.2669472000E+00
        25    0.3366000000E+02    0.3267369493E+02    0.2796444503E+00   -0.4017031200E+00
        26    0.2492000000E+02    0.2955462904E+02    0.2553696558E+00   -0.3437941000E+00
        27    0.2638000000E+02    0.2157830997E+02    0.2365440000E+00    0.2435300000E-01
        28    0.2218000000E+02    0.2662781238E+02    0.2938952035E+00    0.2245068000E-01
        29    0.1262000000E+02    0.1704347471E+02    0.1484767307E+00   -0.1599576000E+00
        30    0.5650000000E+01    0.6397965661E+01    0.3333163475E-01   -0.1266188100E+00
        31    0.2455000000E+02    0.2756086549E+02    0.2870555320E+00   -0.6661785000E-01
        32    0.1040000000E+01    0.1313151381E+01    0.0000000000E+00   -0.4551000000E-03
        33    0.7980000000E+01    0.5876264568E+01    0.1968706407E-01   -0.1656962500E+00
        34    0.1576000000E+02    0.1079229814E+02    0.1235834508E+00    0.7697850000E-01
        35    0.2613000000E+02    0.2341741078E+02    0.2356793361E+00   -0.8701440000E-01
        36    0.2213000000E+02    0.1728650692E+02    0.2441240648E+00    0.3125444400E+00
