      rank       #data_overlap        size_overlap          feature_ID
         1                  39             0.62404   (       1)
         2                  39             0.65141   (       2)
         3                  40             0.35028   (       3)
         4                  41             0.51902   (       4)
         5                  41             0.56175   (       5)
         6                  42             0.29298   (       6)
         7                  42             0.31360   (       7)
         8                  42             0.32548   (       8)
         9                  42             0.35028   (       9)
        10                  42             0.50486   (      10)
        11                  42             0.50486   (      11)
        12                  42             0.56116   (      12)
        13                  42             0.56116   (      13)
        14                  42             0.59197   (      14)
        15                  42             0.65282   (      15)
        16                  42             0.90221   (      16)
        17                  42             0.98050   (      17)
        18                  43             0.30552   (      18)
        19                  43             0.34711   (      19)
        20                  43             0.35028   (      20)
        21                  43             0.35028   (      21)
        22                  43             0.35028   (      22)
        23                  43             0.56116   (      23)
        24                  43             0.56116   (      24)
        25                  43             0.56116   (      25)
        26                  43             0.56116   (      26)
        27                  43             0.56116   (      27)
        28                  43             0.56116   (      28)
        29                  43             0.56116   (      29)
        30                  43             0.56116   (      30)
        31                  43             0.56116   (      31)
        32                  43             0.56116   (      32)
        33                  43             0.56116   (      33)
        34                  43             0.56116   (      34)
        35                  43             0.58271   (      35)
        36                  43             0.65733   (      36)
        37                  43             0.71898   (      37)
        38                  43             0.75609   (      38)
        39                  43             0.90221   (      39)
        40                  43             0.90221   (      40)
        41                  43             0.90221   (      41)
        42                  44             0.35028   (      42)
        43                  44             0.35028   (      43)
        44                  44             0.35028   (      44)
        45                  44             0.46123   (      45)
        46                  44             0.50486   (      46)
        47                  44             0.50486   (      47)
        48                  44             0.56116   (      48)
        49                  44             0.56116   (      49)
        50                  44             0.56116   (      50)
        51                  44             0.56368   (      51)
        52                  44             0.57810   (      52)
        53                  44             0.57810   (      53)
        54                  44             0.57810   (      54)
        55                  44             0.60454   (      55)
        56                  44             0.66635   (      56)
        57                  44             0.69873   (      57)
        58                  44             0.87211   (      58)
        59                  44             0.90221   (      59)
        60                  44             0.90221   (      60)
        61                  44             0.90221   (      61)
        62                  44             0.90221   (      62)
        63                  44             0.90221   (      63)
        64                  44             1.00000   (      64)
        65                  44             1.00000   (      65)
        66                  44             1.00000   (      66)
        67                  44             1.00000   (      67)
        68                  44             1.00000   (      68)
        69                  44             1.00000   (      69)
        70                  45             0.25461   (      70)
        71                  45             0.27027   (      71)
        72                  45             0.33553   (      72)
        73                  45             0.43226   (      73)
        74                  45             0.44634   (      74)
        75                  45             0.45523   (      75)
        76                  45             0.45612   (      76)
        77                  45             0.45612   (      77)
        78                  45             0.45612   (      78)
        79                  45             0.49274   (      79)
        80                  45             0.52583   (      80)
        81                  45             0.54017   (      81)
        82                  45             0.57738   (      82)
        83                  45             0.57738   (      83)
        84                  45             0.57810   (      84)
        85                  45             0.57810   (      85)
        86                  45             0.57810   (      86)
        87                  45             0.57810   (      87)
        88                  45             0.58153   (      88)
        89                  45             0.62754   (      89)
        90                  45             0.64294   (      90)
        91                  45             0.66599   (      91)
        92                  45             0.67759   (      92)
        93                  45             0.69123   (      93)
        94                  45             0.71737   (      94)
        95                  45             0.71737   (      95)
        96                  45             0.80563   (      96)
        97                  45             0.83311   (      97)
        98                  45             0.87050   (      98)
        99                  45             0.87545   (      99)
       100                  45             0.92945   (     100)
