Model_ID, [(c_i,i=0,n)_j,j=1,ntask]
           1    0.1089472340E+02    0.7421958322E+02
           2    0.1088609417E+02    0.7407473364E+02
           3    0.1846680802E+02   -0.8892550507E+02
           4    0.1048382487E+02   -0.7909251993E+02
           5    0.1050447042E+02   -0.7885981808E+02
           6    0.1644321080E+02    0.8822212792E+02
           7    0.7650906956E+01   -0.7935868309E+02
           8    0.1306225333E+02   -0.7100303271E+02
           9    0.7653718321E+01   -0.7918162624E+02
          10    0.1141910436E+02    0.6836468459E+02
          11    0.1141900705E+02    0.6822335483E+02
          12    0.1215271149E+02    0.7239784405E+02
          13    0.1142958978E+02    0.7474739908E+02
          14    0.1143607427E+02    0.7456333753E+02
          15    0.2417085950E+02   -0.5444204088E+02
          16    0.1721944317E+02    0.3945927103E+02
          17    0.2026842950E+02    0.5771660322E+02
          18    0.2459567093E+02    0.7720421889E+02
          19    0.2034993568E+02    0.5765705941E+02
          20    0.6017691133E+02    0.5437208407E+02
          21    0.1174024315E+02    0.7297036030E+02
          22    0.1171710578E+02   -0.7285974419E+02
          23    0.1988411670E+02    0.4930487241E+02
          24    0.8439873059E+01    0.9033731222E+02
          25    0.2291989561E+02   -0.8008429760E+02
          26    0.3350815579E+01   -0.9115658704E+02
          27    0.1785271008E+02    0.3441104025E+02
          28    0.1444779319E+02    0.6847855677E+02
          29    0.7784807773E+01   -0.9074214300E+02
          30    0.2007753501E+02   -0.4917252736E+02
          31    0.3486555488E+01   -0.9065124210E+02
          32    0.2497132187E+02    0.7682965656E+02
          33    0.1934678902E+02    0.3644264922E+02
          34    0.1998679248E+02    0.5216623139E+02
          35    0.2559983562E+02    0.2157413898E+02
          36    0.1191542027E+02    0.7258755395E+02
          37    0.2497208763E+02    0.7246849283E+02
          38    0.1991462758E+02    0.8339660454E+02
          39    0.2058978618E+02    0.5191812064E+02
          40    0.1719652102E+02    0.5183104347E+02
          41    0.2271196459E+02    0.6295235638E+02
          42    0.2389256867E+02    0.6697204635E+02
          43    0.1539872095E+02    0.6620535274E+02
          44    0.2431320348E+02    0.6384631755E+02
          45    0.2016320448E+02    0.5196807230E+02
          46    0.1952853547E+02   -0.3627950364E+02
          47    0.1546664374E+02    0.6619966277E+02
          48    0.3332117193E+01    0.9040404192E+02
          49    0.2471919404E+02    0.6310030869E+02
          50    0.1735194089E+02   -0.5172724736E+02
          51    0.2276352898E+02   -0.6652079786E+02
          52    0.1563918519E+02   -0.4722957784E+02
          53    0.1374975875E+02    0.7945363782E+02
          54    0.8703957776E+01   -0.8987326758E+02
          55    0.2525537559E+02    0.7620666544E+02
          56    0.1031262352E+02    0.6242510076E+02
          57    0.9362001791E+01   -0.8798026840E+02
          58    0.2077811085E+02    0.5171588853E+02
          59    0.1226095163E+02   -0.7235287574E+02
          60    0.1859248207E+02    0.8606895823E+02
          61    0.1597438098E+02   -0.4763870140E+02
          62    0.2443409334E+02    0.6355735793E+02
          63    0.2315648140E+02    0.6317019604E+02
          64    0.2501969935E+02    0.6255642326E+02
          65    0.2115401175E+02    0.7397783034E+02
          66    0.2398924006E+02    0.6360890969E+02
          67    0.7918283438E+01   -0.7737507425E+02
          68    0.7758115529E+01   -0.9038289235E+02
          69    0.8655990659E+01    0.8912686571E+02
          70    0.7908397004E+01   -0.7723252118E+02
          71    0.8240082855E+01   -0.7618059995E+02
          72    0.8223985269E+01   -0.7605469495E+02
          73    0.7144559259E+01    0.8348482668E+02
          74    0.2410256014E+02    0.5547372874E+02
          75    0.1128715118E+02    0.4621195977E+02
          76    0.2610214240E+02    0.7624705631E+02
          77    0.9379951864E+01    0.8792134954E+02
          78    0.2542768950E+02    0.6180104013E+02
          79    0.8920423202E+01    0.8822414717E+02
          80    0.2420592406E+02   -0.3597950657E+02
          81    0.8073301959E+01   -0.7675016426E+02
          82    0.7811329408E+01   -0.9002822371E+02
          83    0.2297296409E+02    0.5520293988E+02
          84    0.8988798193E+01    0.8846746033E+02
          85    0.8060044733E+01   -0.7661665299E+02
          86    0.7322074151E+01    0.8393718649E+02
          87    0.1823069840E+02    0.3872095079E+02
          88    0.1189037861E+02    0.2957703061E+02
          89    0.9309407062E+01    0.8723569124E+02
          90    0.2632789292E+02   -0.3803939415E+02
          91    0.6842232275E+01   -0.7861143747E+02
          92    0.8073360654E+01    0.7684532788E+02
          93    0.1725135445E+02    0.6633778761E+02
          94    0.2118886908E+02   -0.5982035923E+02
          95    0.2541034375E+02    0.7582182350E+02
          96    0.1728946523E+02    0.6640611433E+02
          97    0.8061066131E+01   -0.7670939592E+02
          98    0.8061625005E+01   -0.7670047383E+02
          99    0.2812414745E+01    0.9046085216E+02
         100    0.8969252245E+01   -0.8788284130E+02
