        Rank        RMSE       MaxAE  Feature_ID
           1   12.625786   33.961226  (       1)
           2   12.634654   33.835720  (       2)
           3   13.236124   28.883394  (       3)
           4   13.323365   31.875063  (       4)
           5   13.341508   31.789699  (       5)
           6   13.362859   27.840643  (       6)
           7   13.365844   31.661481  (       7)
           8   13.374530   33.533376  (       8)
           9   13.375066   31.578059  (       9)
          10   13.377764   36.407232  (      10)
          11   13.387444   36.325212  (      11)
          12   13.400823   33.749284  (      12)
          13   13.401204   31.127088  (      13)
          14   13.414173   30.994401  (      14)
          15   13.421472   27.894401  (      15)
          16   13.426598   36.621780  (      16)
          17   13.432106   29.192512  (      17)
          18   13.456518   31.254989  (      18)
          19   13.457577   29.151508  (      19)
          20   13.472174   35.219260  (      20)
          21   13.478053   34.153968  (      21)
          22   13.479803   34.074661  (      22)
          23   13.500828   28.958610  (      23)
          24   13.510235   32.880097  (      24)
          25   13.514089   31.127025  (      25)
          26   13.531933   35.182819  (      26)
          27   13.537699   36.444785  (      27)
          28   13.555213   32.881960  (      28)
          29   13.557520   32.357232  (      29)
          30   13.562023   29.088373  (      30)
          31   13.577396   35.060932  (      31)
          32   13.578568   31.573783  (      32)
          33   13.601005   37.076628  (      33)
          34   13.604904   30.424525  (      34)
          35   13.613167   33.131850  (      35)
          36   13.616435   34.134760  (      36)
          37   13.635897   30.206805  (      37)
          38   13.638885   30.440178  (      38)
          39   13.640684   30.802754  (      39)
          40   13.642181   30.315884  (      40)
          41   13.651457   30.568123  (      41)
          42   13.660046   29.911350  (      42)
          43   13.664159   27.292503  (      43)
          44   13.667342   32.803790  (      44)
          45   13.668613   30.421424  (      45)
          46   13.669575   37.156350  (      46)
          47   13.679866   27.356239  (      47)
          48   13.685589   34.780470  (      48)
          49   13.685938   32.680351  (      49)
          50   13.688397   30.242986  (      50)
          51   13.694671   36.601328  (      51)
          52   13.695732   31.639011  (      52)
          53   13.701689   31.377045  (      53)
          54   13.701916   32.992645  (      54)
          55   13.703004   31.763269  (      55)
          56   13.706943   29.910178  (      56)
          57   13.707694   33.032518  (      57)
          58   13.707891   30.807875  (      58)
          59   13.708580   34.361123  (      59)
          60   13.723766   28.296499  (      60)
          61   13.725675   30.944828  (      61)
          62   13.726998   32.719610  (      62)
          63   13.727489   31.167236  (      63)
          64   13.728765   32.594871  (      64)
          65   13.731156   28.997420  (      65)
          66   13.732286   32.311342  (      66)
          67   13.734579   30.962767  (      67)
          68   13.735457   32.213224  (      68)
          69   13.737260   32.700936  (      69)
          70   13.738701   30.883452  (      70)
          71   13.739777   30.702814  (      71)
          72   13.741967   30.625396  (      72)
          73   13.742831   29.452239  (      73)
          74   13.745089   35.163424  (      74)
          75   13.746239   31.679947  (      75)
          76   13.750220   32.616167  (      76)
          77   13.753204   33.031228  (      77)
          78   13.753857   32.466779  (      78)
          79   13.756005   32.670580  (      79)
          80   13.759631   33.719900  (      80)
          81   13.759741   30.813432  (      81)
          82   13.760680   32.150618  (      82)
          83   13.761020   33.800103  (      83)
          84   13.761247   32.818410  (      84)
          85   13.762767   30.735150  (      85)
          86   13.764855   29.829953  (      86)
          87   13.765123   37.175322  (      87)
          88   13.768077   34.591568  (      88)
          89   13.769188   32.736777  (      89)
          90   13.769199   32.816375  (      90)
          91   13.771474   30.488870  (      91)
          92   13.771615   30.859839  (      92)
          93   13.772046   31.314523  (      93)
          94   13.773363   30.580429  (      94)
          95   13.774740   31.859820  (      95)
          96   13.774909   31.235054  (      96)
          97   13.774933   30.781340  (      97)
          98   13.775455   30.777554  (      98)
          99   13.777206   34.289730  (      99)
         100   13.780947   32.607953  (     100)
