Model_ID, [(c_i,i=0,n)_j,j=1,ntask]
           1    0.2632043139E+03    0.1844839692E+03
           2    0.2637013297E+03    0.1837108630E+03
           3    0.2722749885E+03    0.2153510433E+03
           4    0.2717044572E+03   -0.2135238375E+03
           5    0.2807140481E+03    0.2055831914E+03
           6    0.2617213120E+03    0.1942943413E+03
           7    0.2813042032E+03   -0.2082793958E+03
           8    0.2671847394E+03   -0.1233794013E+03
           9    0.2817408809E+03   -0.2071126092E+03
          10    0.2867521239E+03    0.2205577400E+03
          11    0.2874546914E+03   -0.2238252925E+03
          12    0.3010209796E+03   -0.2313523784E+03
          13    0.2854076606E+03    0.2277564457E+03
          14    0.2597886395E+03    0.1810594904E+03
          15    0.2861329783E+03   -0.2310480676E+03
          16    0.2812008762E+03   -0.2070944969E+03
          17    0.2626419117E+03    0.2080528665E+03
          18    0.2840712129E+03    0.2027530658E+03
          19    0.2619134366E+03    0.1850860820E+03
          20    0.2621483651E+03    0.2087189138E+03
          21    0.2873157287E+03    0.2223630698E+03
          22    0.2384415386E+03   -0.1781276203E+03
          23    0.2623946266E+03    0.1867679888E+03
          24    0.2013421792E+03   -0.1651905317E+03
          25    0.2634323563E+03    0.1857606690E+03
          26    0.2006685698E+03    0.1587757783E+03
          27    0.2182568852E+03   -0.1447510802E+03
          28    0.2742682291E+03    0.2191150050E+03
          29    0.2839528617E+03    0.2016488398E+03
          30    0.2693931703E+03   -0.1244400541E+03
          31    0.2811114397E+03   -0.2058322341E+03
          32    0.2475874726E+03   -0.1821255895E+03
          33    0.2859988314E+03    0.2294868457E+03
          34    0.2713939491E+03    0.1710895697E+03
          35    0.2497113306E+03   -0.1772579578E+03
          36    0.2845712989E+03   -0.2042577272E+03
          37    0.2396179606E+03    0.2076077770E+03
          38    0.2748493085E+03    0.1832845142E+03
          39    0.2779026271E+03    0.1895300538E+03
          40    0.2848824682E+03   -0.2024691741E+03
          41    0.2860889386E+03   -0.2141846084E+03
          42    0.2501577774E+03   -0.1770375855E+03
          43    0.2716681065E+03    0.2058704725E+03
          44    0.2760129846E+03    0.2171427046E+03
          45    0.2005937040E+03   -0.1599710256E+03
          46    0.2871901036E+03   -0.2208079794E+03
          47    0.2024774803E+03    0.1604988393E+03
          48    0.2838467635E+03    0.2004723510E+03
          49    0.2817845316E+03    0.2079667025E+03
          50    0.2844522372E+03    0.2031139516E+03
          51    0.2815560540E+03    0.1899760628E+03
          52    0.2606604581E+03   -0.1869127315E+03
          53    0.2258669161E+03   -0.1474512663E+03
          54    0.2417643925E+03   -0.1613437271E+03
          55    0.2858794961E+03   -0.2278234845E+03
          56    0.2742626077E+03    0.1758562425E+03
          57    0.2235959873E+03   -0.1312739716E+03
          58    0.2733354511E+03    0.2040997076E+03
          59    0.2441603777E+03    0.1826456985E+03
          60    0.2008909143E+03   -0.1592367329E+03
          61    0.2024909733E+03    0.1609694454E+03
          62    0.2715878013E+03   -0.1878753574E+03
          63    0.2888046667E+03    0.1622531091E+03
          64    0.2918728720E+03    0.2090373676E+03
          65    0.2879694039E+03    0.2233777501E+03
          66    0.2827050629E+03   -0.2037380965E+03
          67    0.2046372956E+03   -0.1704411265E+03
          68    0.2840400298E+03   -0.2035996774E+03
          69    0.2251045921E+03   -0.1746783740E+03
          70    0.2434658386E+03    0.1925723380E+03
          71    0.2503711932E+03   -0.1897460002E+03
          72    0.2937327848E+03    0.2324099551E+03
          73    0.2738442322E+03    0.1737119951E+03
          74    0.2774849041E+03    0.1865789814E+03
          75    0.2738211221E+03    0.2000439398E+03
          76    0.2785074455E+03    0.1829319641E+03
          77    0.2843454449E+03   -0.2018966550E+03
          78    0.2851558307E+03    0.2051482956E+03
          79    0.2888843285E+03   -0.1135881391E+03
          80    0.2810520709E+03    0.1871942932E+03
          81    0.2502197674E+03   -0.1642833417E+03
          82    0.2888490438E+03    0.2078796848E+03
          83    0.2012139627E+03   -0.1584675404E+03
          84    0.2023661591E+03   -0.1622928271E+03
          85    0.2731386867E+03   -0.2153603502E+03
          86    0.2300476817E+03   -0.1556914547E+03
          87    0.2745038951E+03    0.1986129365E+03
          88    0.2527522869E+03    0.2273700787E+03
          89    0.2824939723E+03    0.1852340345E+03
          90    0.2866356552E+03   -0.2047189554E+03
          91    0.2734321698E+03    0.2160340321E+03
          92    0.2928789318E+03   -0.2295349245E+03
          93    0.2866907477E+03    0.2303360692E+03
          94    0.2264011303E+03   -0.1408088948E+03
          95    0.2724435825E+03    0.2002685417E+03
          96    0.2901248650E+03   -0.2119810038E+03
          97    0.2534470160E+03    0.2260815186E+03
          98    0.2554129500E+03    0.2250001353E+03
          99    0.2552209508E+03   -0.2253299645E+03
         100    0.2829393258E+03    0.1842671797E+03
