Model_ID, [(c_i,i=0,n)_j,j=1,ntask]
           1    0.1855968934E+03    0.1011481299E+03    0.4369207288E+03
           2    0.1900596702E+03    0.1048348789E+03    0.3609582321E+03
           3    0.1735164379E+03    0.1418016125E+03   -0.2418727288E+03
           4    0.1739401447E+03    0.1404711923E+03    0.2431456078E+03
           5    0.1006778318E+03    0.2166717870E+03    0.8459667437E+02
           6    0.1112328023E+03    0.2024258328E+03    0.7266114435E+02
           7    0.1842339562E+03   -0.2850774870E+03    0.7327544198E+02
           8    0.1825655145E+03    0.2473361458E+03    0.1262543417E+03
           9    0.1810234847E+03    0.7166520586E+02    0.9330364777E+02
          10    0.1768487781E+03   -0.2447470329E+03    0.1353272110E+03
          11    0.1842220184E+03    0.1122892766E+03    0.1485011011E+03
          12    0.1608713052E+03    0.1488982965E+03    0.2312646590E+03
          13    0.1917489115E+03    0.1028255436E+03    0.2026037692E+03
          14    0.1840948697E+03    0.1122126883E+03    0.1489239974E+03
          15    0.3110100127E+03    0.2272684030E+03    0.1191022925E+03
          16    0.1879084682E+03    0.1103665516E+03    0.1396887544E+03
          17    0.1747876900E+03    0.1379126311E+03   -0.2448903233E+03
          18    0.1839186316E+03    0.9725415736E+02    0.4792403992E+03
          19    0.1014554390E+03    0.2168687604E+03    0.8388547538E+02
          20    0.1404418446E+03    0.1824023753E+03    0.8487536638E+02
          21    0.1288653635E+03    0.1759673848E+03   -0.4435928184E+02
          22    0.1828943360E+03    0.9261134394E+02   -0.1047088972E+03
          23    0.2387161580E+03    0.1462135599E+03    0.1243952138E+03
          24    0.9971049984E+02    0.2190863562E+03    0.7488048613E+02
          25    0.1890721993E+03    0.1002975236E+03    0.2294152289E+03
          26    0.1090614144E+03    0.2060330559E+03    0.6612695330E+02
          27    0.2378563772E+03   -0.2832286959E+03    0.3669949967E+02
          28    0.1696194678E+03    0.1196110188E+03    0.1581602148E+03
          29    0.1116674567E+03    0.2047311750E+03    0.7177219206E+02
          30    0.1053826521E+03    0.2148317822E+03    0.5063361925E+03
          31    0.1891663650E+03    0.1002287039E+03    0.2285042851E+03
          32    0.1655033422E+03    0.1012791464E+03    0.1119411537E+03
          33    0.1891283951E+03    0.1002091680E+03    0.2288780006E+03
          34    0.1080972294E+03    0.1977954058E+03    0.8402811668E+02
          35    0.2645277566E+03    0.8671756024E+02    0.3779051918E+03
          36    0.1018280833E+03    0.2155305540E+03    0.8185524389E+02
          37    0.1698583032E+03   -0.2751535976E+03    0.1136797516E+03
          38    0.1707698588E+03   -0.6710050240E+02    0.7052958993E+02
          39    0.1255435798E+03    0.1844631226E+03    0.8117292600E+02
          40    0.2221381792E+03   -0.2828317043E+03    0.3124975663E+02
          41    0.1240233407E+03    0.1905338286E+03    0.6722998959E+02
          42    0.2411526681E+03    0.1320885771E+03    0.1419618894E+03
          43    0.2039968196E+03    0.9924857427E+02   -0.9881460773E+02
          44    0.1930816596E+03    0.1045200881E+03    0.1863640613E+03
          45    0.1106683441E+03    0.2077172255E+03   -0.1707257534E+03
          46    0.1935665580E+03    0.1042969871E+03    0.1850945202E+03
          47    0.1893245061E+03    0.1000301857E+03    0.2287823361E+03
          48    0.1155244855E+03    0.2168528796E+03   -0.6893498921E+02
          49    0.1077243269E+03    0.1961069196E+03    0.8764063760E+02
          50    0.1754236384E+03    0.1361408778E+03    0.2450441031E+03
          51    0.1980493523E+03   -0.2793654389E+03    0.4084813045E+02
          52    0.1003203918E+03    0.2192948277E+03    0.7452144959E+02
          53    0.1405511551E+03    0.1773440185E+03    0.8196976739E+02
          54    0.1098434990E+03    0.2055425163E+03   -0.1873070633E+03
          55    0.2410061512E+03    0.1341995297E+03    0.1066353025E+03
          56    0.1652048754E+03    0.1263986389E+03   -0.1544393782E+03
          57    0.1951119173E+03    0.1050173427E+03   -0.2304609646E+03
          58    0.1037733909E+03    0.2098919605E+03    0.7734842585E+02
          59    0.1876390629E+03    0.9257462590E+02    0.1428372734E+03
          60    0.9645932834E+02    0.2166617968E+03    0.9531801949E+02
          61    0.1834409114E+03    0.7697667254E+02    0.9159803238E+02
          62    0.1116862470E+03    0.2006377876E+03    0.7340587490E+02
          63    0.1523388465E+03    0.7741977264E+02   -0.4200735502E+02
          64    0.2372621587E+03   -0.2826180955E+03    0.3804231872E+02
          65    0.2005842080E+03    0.2436981507E+03    0.6241548508E+02
          66    0.2099097121E+03   -0.2820834356E+03    0.4890359181E+02
          67    0.1935738931E+03    0.1041742603E+03    0.1856309284E+03
          68    0.2286983169E+03    0.1512033187E+03    0.1171907101E+03
          69    0.1042138488E+03    0.1972687571E+03    0.9174882308E+02
          70    0.2370190780E+03   -0.2714015960E+03    0.3699565581E+02
          71    0.1602029927E+03    0.1030447500E+03    0.8048760440E+02
          72    0.1901983182E+03    0.9361421195E+02    0.4428677081E+02
          73    0.1670435658E+03    0.1010087270E+03    0.9171383902E+02
          74    0.1027504126E+03    0.2178693811E+03   -0.5653526897E+02
          75    0.1515751347E+03    0.1807692903E+03   -0.1851630453E+03
          76    0.1186195827E+03    0.2184694511E+03    0.2072912151E+03
          77    0.2364411422E+03    0.1553754514E+03    0.1074925357E+03
          78    0.1095029016E+03    0.2080855958E+03    0.6532988319E+02
          79    0.2174721028E+03   -0.2594725366E+03    0.3455093554E+02
          80    0.1886032738E+03    0.1112860898E+03    0.2106276403E+03
          81    0.1888481743E+03    0.1048268945E+03   -0.1146228782E+03
          82    0.2613366108E+03   -0.2736068044E+03    0.9635235765E+02
          83    0.1928819098E+03    0.1018948900E+03   -0.1564917067E+03
          84    0.1546932692E+03    0.1774349592E+03   -0.1703856422E+03
          85    0.1319137967E+03    0.1885856898E+03    0.3475931093E+03
          86    0.9790223585E+02    0.2154900148E+03    0.9018234717E+02
          87    0.2247221980E+03   -0.2825867990E+03    0.5925210176E+02
          88    0.1498348587E+03    0.1823492500E+03   -0.1909975682E+03
          89    0.1248545968E+03    0.1861016759E+03    0.8259819509E+02
          90    0.1002982158E+03    0.2186347070E+03    0.7551865442E+02
          91    0.1010241707E+03    0.2123103527E+03    0.8546831782E+02
          92    0.1084074919E+03    0.2011512793E+03   -0.1543256799E+03
          93    0.2770635125E+03    0.1094427770E+03    0.1878513974E+03
          94    0.2250840171E+03    0.9680826067E+02   -0.2110048544E+03
          95    0.1083618428E+03    0.2010160792E+03   -0.1550164948E+03
          96    0.9644313416E+02    0.2161304618E+03    0.9615904159E+02
          97    0.1745000788E+03    0.7771805925E+02    0.5392663979E+02
          98    0.1862374093E+03    0.9213813853E+02    0.1376738929E+03
          99    0.1440251611E+03    0.1960364781E+03    0.1347967900E+03
         100    0.1689842269E+03    0.7257980920E+02   -0.6073019720E+02
