Model_ID, [(c_i,i=0,n)_j,j=1,ntask]
           1    0.2859433944E+03    0.2772241251E+03
           2    0.1968114119E+03    0.1827915532E+03
           3    0.1977705075E+03   -0.1869773542E+03
           4    0.1976421924E+03   -0.1798445290E+03
           5    0.2230721304E+03   -0.1727557660E+03
           6    0.2350470164E+03    0.2048584532E+03
           7    0.2545517323E+03    0.2190101457E+03
           8    0.2007645936E+03   -0.1949073931E+03
           9    0.1963309012E+03   -0.1846549214E+03
          10    0.2227407371E+03    0.1713765745E+03
          11    0.2417011999E+03    0.2148453207E+03
          12    0.2480685612E+03   -0.1175467754E+03
          13    0.2219762350E+03   -0.1720346601E+03
          14    0.2164005622E+03    0.1664009967E+03
          15    0.2224516151E+03    0.1701500468E+03
          16    0.2231164387E+03    0.1721813080E+03
          17    0.2006137920E+03    0.1930761402E+03
          18    0.1959604347E+03   -0.1819457409E+03
          19    0.1631625071E+03    0.1202330999E+03
          20    0.1845001305E+03   -0.1707388305E+03
          21    0.2537956836E+03    0.2192843403E+03
          22    0.2017695223E+03   -0.1764549257E+03
          23    0.2171139021E+03    0.1664056088E+03
          24    0.2004495581E+03    0.1915802125E+03
          25    0.1609037839E+03    0.1121719833E+03
          26    0.2128146361E+03    0.1684556301E+03
          27    0.1996918746E+03   -0.1937880386E+03
          28    0.2550657104E+03    0.2180246011E+03
          29    0.2167736155E+03   -0.1683473773E+03
          30    0.1985131655E+03   -0.1809633293E+03
          31    0.2236475953E+03   -0.1699300427E+03
          32    0.1604362573E+03    0.1177242672E+03
          33    0.2009578096E+03    0.1939640987E+03
          34    0.1633231335E+03    0.1148214709E+03
          35    0.1464919702E+03    0.1210201804E+03
          36    0.2825218961E+03    0.2722710725E+03
          37    0.2225172049E+03   -0.1694900557E+03
          38    0.2428088464E+03    0.2103945514E+03
          39    0.2437741329E+03    0.2149065664E+03
          40    0.2426062502E+03    0.2134591595E+03
          41    0.1968701557E+03    0.1777512396E+03
          42    0.2826563731E+03    0.2729128932E+03
          43    0.1852700727E+03   -0.1665671912E+03
          44    0.2478853967E+03   -0.1141227018E+03
          45    0.1585051203E+03    0.1098669052E+03
          46    0.2066498230E+03    0.1856669683E+03
          47    0.2075915228E+03    0.1635565122E+03
          48    0.2176404239E+03   -0.1636668775E+03
          49    0.2183462097E+03   -0.1654845492E+03
          50    0.2273227797E+03   -0.1736408359E+03
          51    0.2430551151E+03    0.2167190727E+03
          52    0.2018470764E+03   -0.1912331236E+03
          53    0.2029233325E+03   -0.1731322971E+03
          54    0.5203392748E+02    0.9943995428E+02
          55    0.2180178166E+03    0.1600586860E+03
          56    0.2112634370E+03    0.1611544653E+03
          57    0.2634628135E+03    0.2322841676E+03
          58    0.2027211953E+03   -0.1829111729E+03
          59    0.1868249943E+03   -0.1299100691E+03
          60    0.1658436650E+03    0.1207410896E+03
          61    0.2270987198E+03   -0.1633707947E+03
          62    0.1272706374E+03    0.9686003618E+02
          63    0.2797872829E+03    0.2703587655E+03
          64    0.2192501502E+03   -0.1633906162E+03
          65    0.6380743704E+02    0.1085496720E+03
          66    0.3171196881E+03   -0.2735978083E+03
          67    0.2531500539E+03    0.2084803207E+03
          68    0.2176864356E+03   -0.1619160365E+03
          69    0.2101765233E+03   -0.1327343722E+03
          70    0.1272098069E+03    0.1048531119E+03
          71    0.2800675808E+03    0.2719076421E+03
          72    0.2006822124E+03   -0.1905251942E+03
          73    0.2193635399E+03   -0.1749495482E+03
          74    0.1812557792E+03   -0.1688636799E+03
          75    0.1441501306E+03    0.1133319776E+03
          76    0.2210166575E+03   -0.1610546033E+03
          77    0.2139845724E+03   -0.1696407275E+03
          78    0.2808008448E+03    0.2718214270E+03
          79    0.1473294363E+03    0.1121995023E+03
          80    0.1981264208E+03    0.1837073651E+03
          81    0.2538762328E+03    0.2073285536E+03
          82    0.2080480218E+03   -0.1882867712E+03
          83    0.2306431102E+03   -0.1829686264E+03
          84    0.2165950116E+03    0.1624761254E+03
          85    0.2806719357E+03    0.2678273333E+03
          86    0.1181354768E+03    0.9074272049E+02
          87    0.2809302551E+03    0.2724526615E+03
          88    0.1834416825E+03   -0.1769507293E+03
          89    0.2262378783E+03   -0.1727083806E+03
          90    0.2270104358E+03    0.1719152386E+03
          91    0.2016798557E+03   -0.1752901030E+03
          92    0.2273715964E+03    0.1729463335E+03
          93    0.2146475709E+03   -0.1353000756E+03
          94    0.2354419546E+03    0.1940915109E+03
          95    0.1609532556E+03    0.1085182393E+03
          96    0.2185175158E+03   -0.1574922814E+03
          97    0.2431780192E+03    0.2122035623E+03
          98    0.2163512926E+03   -0.1652895001E+03
          99    0.2196297420E+03   -0.1509235717E+03
         100    0.1413391602E+03    0.1061084780E+03
