        Rank        RMSE       MaxAE  Feature_ID
           1   31.271109   74.365654  (       1)
           2   31.480590   79.349972  (       2)
           3   31.633348   74.959675  (       3)
           4   31.757920   80.934938  (       4)
           5   31.782236   65.573551  (       5)
           6   31.827692   73.509157  (       6)
           7   31.924813   75.222751  (       7)
           8   31.938343   66.592048  (       8)
           9   31.946324   78.303035  (       9)
          10   31.989271   64.673723  (      10)
          11   32.051994   81.126461  (      11)
          12   32.063903   77.634733  (      12)
          13   32.067197   64.180451  (      13)
          14   32.117427   65.882211  (      14)
          15   32.122190   63.879086  (      15)
          16   32.150391   65.381096  (      16)
          17   32.215378   66.446210  (      17)
          18   32.233561   80.894282  (      18)
          19   32.240157   62.872411  (      19)
          20   32.245308   93.502987  (      20)
          21   32.262170   74.528514  (      21)
          22   32.263376   79.586147  (      22)
          23   32.270353   71.255274  (      23)
          24   32.326491   67.268548  (      24)
          25   32.326850   69.515722  (      25)
          26   32.375414   68.897485  (      26)
          27   32.376835   67.054942  (      27)
          28   32.392537   75.514560  (      28)
          29   32.421235   71.881654  (      29)
          30   32.442205   79.146858  (      30)
          31   32.449661   64.984392  (      31)
          32   32.472217   66.624279  (      32)
          33   32.475852   66.327779  (      33)
          34   32.489927   68.489802  (      34)
          35   32.522652   64.417694  (      35)
          36   32.524479   78.877352  (      36)
          37   32.548981   63.672660  (      37)
          38   32.584055   68.084764  (      38)
          39   32.593488   83.231158  (      39)
          40   32.603653   81.312606  (      40)
          41   32.618039   83.422894  (      41)
          42   32.624713   79.222466  (      42)
          43   32.629373   96.349033  (      43)
          44   32.652345   84.565490  (      44)
          45   32.663681   77.273443  (      45)
          46   32.700959   97.684269  (      46)
          47   32.702655   76.752823  (      47)
          48   32.708731   72.754550  (      48)
          49   32.715589   72.029052  (      49)
          50   32.719082   66.009372  (      50)
          51   32.720372   83.452160  (      51)
          52   32.732646   66.023724  (      52)
          53   32.756822   81.155975  (      53)
          54   32.766720   69.195491  (      54)
          55   32.773387   80.732724  (      55)
          56   32.777437   77.068698  (      56)
          57   32.787600   89.837297  (      57)
          58   32.791171   93.203939  (      58)
          59   32.811464   78.450542  (      59)
          60   32.812023   71.310829  (      60)
          61   32.818193   65.732117  (      61)
          62   32.820782   97.415463  (      62)
          63   32.835068   69.161716  (      63)
          64   32.836272   76.851447  (      64)
          65   32.850124   61.407771  (      65)
          66   32.869418   58.507261  (      66)
          67   32.870091   72.254789  (      67)
          68   32.879059   79.587479  (      68)
          69   32.891410   69.669827  (      69)
          70   32.910381   65.198431  (      70)
          71   32.918465   69.913935  (      71)
          72   32.931476   67.500027  (      72)
          73   32.959986   62.769129  (      73)
          74   32.996740   98.372724  (      74)
          75   32.997850   86.654372  (      75)
          76   33.002392   72.494149  (      76)
          77   33.015998   71.460811  (      77)
          78   33.016175   70.620930  (      78)
          79   33.020508   88.031611  (      79)
          80   33.034548   77.284250  (      80)
          81   33.044865   72.477652  (      81)
          82   33.061426  110.176969  (      82)
          83   33.067023   67.036687  (      83)
          84   33.089848   74.786551  (      84)
          85   33.101527   69.275078  (      85)
          86   33.116964   70.823527  (      86)
          87   33.119360   70.942669  (      87)
          88   33.121340   86.266292  (      88)
          89   33.125156   64.330081  (      89)
          90   33.129575   64.597053  (      90)
          91   33.141608   80.630647  (      91)
          92   33.149017   65.615481  (      92)
          93   33.165665   64.182705  (      93)
          94   33.181385   85.793814  (      94)
          95   33.195646   80.892508  (      95)
          96   33.203059   82.273361  (      96)
          97   33.214600   81.233185  (      97)
          98   33.216543   72.699269  (      98)
          99   33.233218   74.052309  (      99)
         100   33.233993  100.987924  (     100)
