        Rank        RMSE       MaxAE  Feature_ID
           1    4.755060   13.593821  (       1)
           2    4.755206   13.675919  (       2)
           3    4.786876   13.393120  (       3)
           4    4.791532   12.150186  (       4)
           5    4.791802   13.563522  (       5)
           6    4.799614   12.199166  (       6)
           7    4.802062   13.535378  (       7)
           8    4.822313   13.545074  (       8)
           9    4.834924   13.533729  (       9)
          10    4.844622   12.627421  (      10)
          11    4.845728   13.795077  (      11)
          12    4.847053   13.516213  (      12)
          13    4.851309   13.516282  (      13)
          14    4.855471   13.419793  (      14)
          15    4.862918   13.487345  (      15)
          16    4.866340   13.203201  (      16)
          17    4.883676   15.531149  (      17)
          18    4.892499   13.480136  (      18)
          19    4.894946   12.345630  (      19)
          20    4.907619   13.820262  (      20)
          21    4.908877   15.889849  (      21)
          22    4.912761   18.227352  (      22)
          23    4.918659   15.533314  (      23)
          24    4.921681   13.302591  (      24)
          25    4.932410   15.899849  (      25)
          26    4.933351   14.940780  (      26)
          27    4.948007   18.438899  (      27)
          28    4.948033   13.559091  (      28)
          29    4.948185   16.133693  (      29)
          30    4.960691   15.965926  (      30)
          31    4.967496   14.894270  (      31)
          32    4.967999   14.686135  (      32)
          33    4.972192   13.120666  (      33)
          34    4.972793   17.229269  (      34)
          35    4.973319   13.522572  (      35)
          36    4.976756   12.093945  (      36)
          37    4.976998   17.593603  (      37)
          38    4.980077   17.579909  (      38)
          39    4.986929   13.701645  (      39)
          40    4.987620   14.652299  (      40)
          41    4.989756   12.931145  (      41)
          42    4.990595   15.802082  (      42)
          43    4.991312   18.317261  (      43)
          44    4.993996   15.769746  (      44)
          45    4.994736   14.836336  (      45)
          46    4.995132   13.195917  (      46)
          47    5.000391   12.906879  (      47)
          48    5.001680   13.283850  (      48)
          49    5.002443   13.029893  (      49)
          50    5.005399   14.241695  (      50)
          51    5.007313   15.727033  (      51)
          52    5.015147   14.329797  (      52)
          53    5.015767   17.320423  (      53)
          54    5.017552   16.649699  (      54)
          55    5.017806   13.775533  (      55)
          56    5.018056   16.735291  (      56)
          57    5.018512   16.716814  (      57)
          58    5.018549   18.377777  (      58)
          59    5.019346   16.275421  (      59)
          60    5.019745   15.768410  (      60)
          61    5.022539   12.378479  (      61)
          62    5.023716   15.731896  (      62)
          63    5.027398   15.379473  (      63)
          64    5.028174   14.318807  (      64)
          65    5.031455   16.260850  (      65)
          66    5.032895   12.540592  (      66)
          67    5.033282   16.287466  (      67)
          68    5.033311   15.724191  (      68)
          69    5.034428   17.657964  (      69)
          70    5.035040   13.622928  (      70)
          71    5.037434   15.913731  (      71)
          72    5.041320   15.827413  (      72)
          73    5.042779   15.856364  (      73)
          74    5.047102   17.137166  (      74)
          75    5.050105   18.529827  (      75)
          76    5.050528   13.265844  (      76)
          77    5.053614   14.163593  (      77)
          78    5.055204   13.226038  (      78)
          79    5.055647   18.519891  (      79)
          80    5.056261   14.656081  (      80)
          81    5.056571   16.224465  (      81)
          82    5.057653   14.478386  (      82)
          83    5.058385   13.378230  (      83)
          84    5.058830   16.762672  (      84)
          85    5.061374   13.092173  (      85)
          86    5.062504   14.863291  (      86)
          87    5.063299   16.514652  (      87)
          88    5.064123   13.367618  (      88)
          89    5.064459   16.510255  (      89)
          90    5.065382   14.784921  (      90)
          91    5.066001   16.875571  (      91)
          92    5.066575   15.235161  (      92)
          93    5.067683   17.846235  (      93)
          94    5.069571   14.722391  (      94)
          95    5.069724   18.503487  (      95)
          96    5.073636   15.761570  (      96)
          97    5.074981   12.873961  (      97)
          98    5.075089   15.372232  (      98)
          99    5.076895   16.249800  (      99)
         100    5.077229   17.442417  (     100)
