Model_ID, [(c_i,i=0,n)_j,j=1,ntask]
           1    0.2562525568E+02   -0.1924839637E+02
           2    0.3998522859E+02    0.2701525383E+02
           3    0.4835693779E+02   -0.3186413821E+02
           4    0.3032827510E+02   -0.2085426657E+02
           5    0.3471514097E+02   -0.2250745105E+02
           6    0.2523881415E+02    0.1921478940E+02
           7    0.7223526057E+01    0.2857911444E+02
           8    0.3485959625E+02   -0.2458164743E+02
           9    0.2741591450E+02    0.1794932829E+02
          10    0.2249566021E+02    0.7003961227E+02
          11    0.4200593472E+02   -0.2730993716E+02
          12    0.2296833183E+02    0.6919575038E+02
          13    0.2833244017E+02   -0.2322316042E+02
          14    0.2550411695E+02    0.2019809925E+02
          15    0.2415262971E+02   -0.1982442236E+02
          16    0.2561787985E+02    0.1878999704E+02
          17    0.3012569433E+02    0.2040492779E+02
          18    0.3852820211E+02    0.2305472920E+02
          19    0.3904193010E+02    0.2318555097E+02
          20    0.3439375990E+02    0.2198711953E+02
          21    0.2540306132E+02    0.1751611060E+02
          22    0.3891687290E+02    0.2731368963E+02
          23    0.2624667222E+02   -0.1877224963E+02
          24    0.2676456722E+02    0.1823344964E+02
          25    0.3915861727E+02    0.2354583843E+02
          26    0.2359093090E+02    0.2356959594E+02
          27    0.3633163790E+02    0.2248431714E+02
          28    0.3030260254E+02    0.1453463802E+02
          29    0.2809565917E+02    0.2273801141E+02
          30    0.1450025402E+02   -0.2180468196E+02
          31    0.2786082503E+02    0.4504912348E+02
          32    0.1625830062E+02    0.5822676686E+02
          33    0.3208386155E+02    0.1372216857E+02
          34    0.4102615690E+02    0.3339591966E+02
          35    0.2866605964E+02    0.2228117760E+02
          36    0.3587756744E+02    0.2094021076E+02
          37    0.4746364707E+02    0.3077685455E+02
          38    0.2549220340E+02   -0.1913023030E+02
          39    0.1624978665E+02    0.3341102989E+02
          40    0.2174714234E+02   -0.2457773360E+02
          41    0.2404797822E+02    0.2596744817E+02
          42    0.4006955104E+02    0.2378198408E+02
          43    0.4193232166E+02   -0.3405772257E+02
          44    0.4110742740E+02   -0.3146927377E+02
          45    0.3998180923E+02    0.2371761041E+02
          46    0.2679032525E+02    0.3505049169E+02
          47    0.1457093014E+02    0.2175378784E+02
          48    0.4224077383E+01    0.2512325123E+02
          49    0.2448220974E+02   -0.4388001896E+02
          50    0.5046841261E+02   -0.3446964089E+02
          51    0.1497301314E+02    0.3083420352E+02
          52    0.1222583331E+02   -0.3242229700E+02
          53    0.2609905344E+02    0.1015790911E+03
          54    0.2609427432E+02    0.1015646427E+03
          55    0.2613259633E+02    0.1014865922E+03
          56    0.4949327470E+02   -0.2937809546E+02
          57    0.5073297355E+02   -0.3482598026E+02
          58    0.2368956537E+02    0.1653965478E+02
          59    0.2415949252E+02    0.1935667772E+02
          60    0.2609840226E+02    0.1013164927E+03
          61    0.4142847299E+02    0.2648333469E+02
          62    0.4067929552E+02    0.2786868198E+02
          63    0.4130117729E+02    0.3462214708E+02
          64    0.3134581110E+02    0.1959894041E+02
          65    0.3989295955E+02    0.3164891819E+02
          66    0.5492790505E+02   -0.4302161365E+02
          67    0.3296247071E+02    0.1743233678E+02
          68    0.2271714647E+02    0.1633600238E+02
          69    0.3408130277E+02    0.2294892276E+02
          70    0.1990098819E+02    0.1511678653E+02
          71    0.1844180048E+02    0.3330111341E+02
          72    0.3461214466E+02    0.2376190086E+02
          73    0.2817526285E+02    0.9612768165E+02
          74    0.3289157612E+02   -0.2287083062E+02
          75    0.2814768902E+02    0.9597151756E+02
          76    0.2568175431E+02    0.1023857824E+03
          77    0.1741849812E+02   -0.6294346594E+02
          78    0.2785592947E+02    0.9703421491E+02
          79    0.3955802724E+02   -0.1577762913E+02
          80    0.3388566604E+02    0.2220817994E+02
          81    0.2785154202E+02    0.9701894503E+02
          82    0.1856871295E+02    0.3430643615E+02
          83    0.2621781069E+02    0.1834229570E+02
          84    0.2565147795E+02    0.1022333923E+03
          85    0.3338127877E+02   -0.2541483421E+02
          86    0.3564666935E+02    0.2083243360E+02
          87    0.5076044609E+02   -0.3498393192E+02
          88    0.2729714570E+02    0.1783256730E+02
          89    0.4144546995E+02   -0.3293672372E+02
          90    0.3993801197E+02    0.3189418343E+02
          91    0.2043908421E+02    0.1781534323E+02
          92    0.2661139126E+02    0.1001592241E+03
          93    0.2660672888E+02    0.1001445855E+03
          94    0.1397929243E+02    0.3128183256E+02
          95    0.1291651659E+02    0.3188118075E+02
          96    0.1379857229E+02    0.3108348518E+02
          97    0.2781534810E+02    0.4550359754E+02
          98    0.2341412742E+02    0.6435083940E+02
          99    0.5450622735E+02   -0.4297135234E+02
         100    0.3540274989E+02   -0.2372075040E+02
