Materials	feature1	feature2	feature3	feature4	feature5	feature6	feature7	feature8	feature9	feature10	feature11	feature12	feature13	feature14	feature15	feature16	feature17	feature18	feature19	feature20	feature21	feature22	feature23	feature24
sample1_group1	0.0000	0.0000	0.0000	0.0000	0.0000	0.0000	0.0000	0.0000	0.0000	0.0000	0.0000	0.0000	0.0000	0.0000	0.0000	0.0000	0.0000	0.0000	0.0000	0.0000	0.0000	1.0000	1.0000	0.9783
sample2_group1	0.0000	0.0000	0.0000	0.0000	0.0000	0.0000	0.0000	0.0000	0.0000	0.0000	0.0000	0.0000	0.0000	0.0000	0.0000	0.2414	0.0000	0.0000	0.1777	0.0000	0.4991	0.9425	0.5608	0.9410
sample3_group1	0.0000	0.0000	0.0000	0.0000	0.0000	0.0000	0.0000	0.0000	0.0000	0.0000	0.0000	0.0000	0.0000	0.0000	0.0000	0.7816	0.0000	0.7326	0.3805	0.0000	0.6772	0.1967	0.3635	0.3956
sample4_group1	0.0000	0.0000	0.0000	0.0000	1.0000	0.0000	0.0000	0.0000	0.0000	0.0000	0.0000	0.0000	0.0000	0.0000	0.0000	0.1207	0.0144	0.4535	0.2280	0.0000	0.0963	0.9682	0.9178	0.9819
sample5_group1	0.0000	0.0000	0.0000	0.0000	0.0000	1.0000	0.0000	0.0000	0.0000	0.0000	0.0000	0.0000	0.0000	0.0000	0.0000	0.3908	0.0133	0.3605	0.4366	0.0000	0.4503	0.9480	0.8039	1.0000
sample6_group1	0.0000	0.0000	0.0000	0.0000	0.0000	0.0000	1.0000	0.0000	0.0000	0.0000	0.0000	0.0000	0.0000	0.0000	0.0000	0.4885	0.0047	0.3372	1.0000	0.0000	0.6513	0.9036	0.6514	0.9528
sample7_group1	0.0000	0.0000	0.0000	0.0000	0.0000	0.0000	0.0000	1.0000	0.0000	0.0000	0.0000	0.0000	0.0000	0.0000	0.0000	0.7356	0.0022	0.4535	0.4058	0.0000	0.5735	0.6513	0.5382	0.8847
sample8_group1	0.0000	0.0000	0.0000	0.0000	0.0000	0.0000	0.0000	0.0000	0.0000	0.0000	0.0000	0.0000	0.0000	0.0000	0.0000	0.0632	0.4029	0.0000	0.1330	0.1777	0.1295	0.9682	0.7795	0.9588
sample9_group1	0.0000	0.0000	0.0000	0.0000	0.0000	0.0000	0.0000	0.0000	0.0000	0.0000	0.0000	0.0000	0.0000	0.0000	0.0000	0.1897	0.3148	0.7326	0.0949	0.3807	0.1787	0.7253	0.7336	0.7804
sample10_group1	0.0000	0.0000	0.0000	0.0000	0.0000	0.0000	0.0000	0.0000	0.0000	0.0000	0.0000	0.0000	0.0000	0.0000	0.0000	0.4080	1.0000	0.0000	0.2217	0.1777	0.6210	0.9098	0.3253	0.9297
sample11_group1	0.0000	0.0000	0.0000	0.0000	0.0000	0.0000	0.0000	0.0000	0.0000	0.0000	0.0000	0.0000	0.0000	0.0000	0.0000	0.5230	0.2949	0.7326	0.2787	0.2335	0.5969	0.2725	0.2768	0.4368
sample12_group1	0.0000	0.0000	0.0000	0.0000	0.0000	0.0000	0.0000	0.0000	0.0000	0.0000	0.0000	0.0000	0.0000	0.0000	0.0000	0.6552	0.9731	0.7326	0.3294	0.2030	0.6351	0.1622	0.5501	0.4810
sample13_group1	0.0000	0.0000	0.0000	0.0000	0.0000	0.0000	0.0000	0.0000	0.0000	0.0000	0.0000	0.0000	0.0000	0.0000	0.0000	0.3851	0.3427	0.7326	0.2724	0.3807	0.5588	0.1051	0.8326	0.1500
sample14_group1	0.0000	0.0000	1.0000	0.0000	0.0000	0.0000	0.0000	0.0000	0.0000	0.0000	0.0000	0.0000	0.0000	0.0000	0.0000	0.5460	0.2753	1.0000	0.2724	0.2208	0.6616	0.5524	0.3850	0.7115
sample15_group1	0.0000	0.0000	0.0000	0.3333	0.0000	0.0000	0.0000	0.0000	0.0000	0.0000	0.0000	0.0000	0.0000	0.0000	0.0000	0.3621	0.3360	0.6395	0.2762	0.3934	0.5295	0.7416	0.5008	0.8684
sample16_group1	0.0000	0.0000	0.0000	0.6667	0.0000	0.0000	0.0000	0.0000	0.0000	0.0000	0.0000	0.0000	0.0000	0.0000	0.0000	0.4943	0.3146	0.6395	0.3738	0.4543	0.5593	0.7365	0.4973	0.8506
sample17_group1	0.0000	0.0000	0.0000	0.0000	0.0000	0.2500	0.0000	0.0000	0.0000	0.0000	0.0000	0.0000	0.0000	0.0000	0.0000	0.2989	0.2373	0.3605	0.2420	0.2589	0.4788	0.8432	0.6468	0.8848
sample18_group1	0.0000	0.0000	0.0000	0.0000	0.0000	0.5000	0.0000	0.0000	0.0000	0.0000	0.0000	0.0000	0.0000	0.0000	0.0000	0.3391	0.2236	0.3605	0.3066	0.2995	0.4778	0.8468	0.6613	0.8824
sample19_group1	0.0000	0.0000	0.0000	0.0000	0.0000	0.0000	0.0000	0.0000	0.2500	0.0000	0.0000	0.0000	0.0000	0.0000	0.0000	0.4368	0.4777	0.3605	0.2863	0.4365	0.5885	0.8098	0.4610	0.8756
sample20_group1	0.0000	0.0000	0.0000	0.0000	0.0000	0.0000	0.0000	0.0000	0.5000	0.0000	0.0000	0.0000	0.0000	0.0000	0.0000	0.6207	0.5013	0.3605	0.3966	0.5051	0.7117	0.8193	0.4759	0.8747
sample21_group1	0.0000	0.0000	0.0000	0.0000	0.0000	0.0000	0.0000	0.0000	0.7500	0.0000	0.0000	0.0000	0.0000	0.0000	0.0000	0.8046	0.2761	0.3605	0.5056	0.4365	0.8045	0.8137	0.4297	0.8756
sample22_group1	0.0000	0.0000	0.0000	0.0000	0.0000	0.0000	0.0000	0.0000	0.0000	0.0000	1.0000	0.0000	0.0000	0.0000	0.0000	0.2989	0.2223	0.4070	0.2344	0.2284	0.5344	0.8617	0.6197	0.8606
sample23_group1	0.0000	0.0000	0.0000	0.0000	0.0000	0.0000	0.0000	0.0000	0.0000	0.0000	0.0000	0.0000	0.0000	0.0000	0.0000	0.7989	0.0184	0.7326	0.3738	0.0254	0.7533	0.1619	0.0688	0.3723
sample24_group1	1.0000	0.0000	0.0000	0.0000	0.0000	0.0000	0.0000	0.0000	0.0000	0.0000	0.0000	0.0000	0.0000	0.0000	0.0000	0.7874	0.2540	0.7326	0.4892	0.4365	0.7987	0.0463	0.4129	0.3740
sample25_group1	0.0000	0.0000	0.0000	0.0000	0.0000	0.0000	0.0000	0.0000	0.0000	0.0000	0.0000	0.0000	0.0000	0.0000	0.0000	0.7874	0.2515	0.7326	0.4245	0.1777	0.6971	0.0000	0.3249	0.4410
sample26_group1	0.0000	1.0000	0.0000	0.0000	0.0000	0.0000	0.0000	0.0000	0.0000	0.0000	0.0000	0.0000	0.0000	0.0000	0.0000	0.6264	0.1599	1.0000	0.3332	0.1904	0.5960	0.2647	0.0466	0.0000
sample27_group1	0.0000	0.0000	0.5000	0.0000	0.0000	0.0000	0.0000	0.0000	0.0000	0.0000	0.0000	0.0000	0.0000	0.0000	0.0000	0.7931	0.0089	1.0000	0.3776	0.0127	0.7197	0.1419	0.3788	0.4230
sample28_group1	0.0000	0.0000	1.0000	0.0000	0.0000	0.0000	0.0000	0.0000	0.0000	0.0000	0.0000	0.0000	0.0000	0.0000	0.0000	0.8103	0.0060	1.0000	0.3738	0.0152	0.7433	0.3782	0.0000	0.5924
sample29_group1	0.0000	0.0000	0.0000	0.3333	0.0000	0.0000	0.0000	0.0000	0.0000	0.0000	0.0000	0.0000	0.0000	0.0000	0.0000	0.7701	0.2070	0.7326	0.4283	0.1904	0.6603	0.5504	0.4083	0.6227
sample30_group1	0.0000	0.0000	0.0000	1.0000	0.0000	0.0000	0.0000	0.0000	0.0000	0.0000	0.0000	0.0000	0.0000	0.0000	0.0000	0.7184	0.1367	0.7326	0.5234	0.1904	0.6455	0.8906	0.5887	0.9335
sample31_group1	0.0000	0.0000	0.0000	0.0000	0.0000	0.0000	0.0000	0.5000	0.0000	0.0000	0.0000	0.0000	0.0000	0.0000	0.0000	0.7586	0.0232	0.7326	0.3928	0.0279	0.6282	0.3458	0.2324	0.6584
sample32_group1	0.0000	0.0000	0.0000	0.0000	0.0000	0.0000	0.0000	0.0000	0.0000	0.0000	0.0000	0.0000	0.0000	0.0000	0.0000	0.3966	0.3664	0.7326	0.2280	0.4112	0.4343	0.4288	0.8701	0.1743
sample33_group1	0.0000	0.0000	0.0000	0.0000	0.0000	0.0000	0.0000	0.0000	0.0000	0.0000	1.0000	0.0000	0.0000	0.0000	0.0000	0.2989	0.2563	0.4070	0.2787	0.2386	0.6422	0.8460	0.3597	0.8493
sample34_group1	0.0000	0.0000	0.0000	0.0000	0.0000	0.0000	0.0000	0.0000	0.0000	0.0000	0.0000	0.0000	0.0000	1.0000	0.0000	0.5747	0.2778	0.0000	0.3561	0.5025	0.9518	0.8623	0.0096	0.9122
sample35_group1	0.0000	1.0000	0.0000	0.0000	0.0000	0.0000	0.0000	0.0000	0.0000	0.0000	0.0000	0.0000	0.0000	0.0000	0.0000	0.5000	0.2815	1.0000	0.2825	0.2284	0.5571	0.3112	0.1288	0.1621
sample36_group1	0.0000	0.0000	0.0000	0.3333	0.0000	0.0000	0.0000	0.0000	0.0000	0.0000	0.0000	0.0000	0.0000	0.0000	0.0000	0.5000	0.3320	0.7326	0.3269	0.3782	0.5793	0.4400	0.5218	0.6145
sample1_group2	0.0000	0.0000	0.0000	0.0000	0.0000	0.0000	0.0000	0.0000	0.0000	0.0000	0.0000	0.0000	0.0000	0.0000	0.0000	0.8678	0.0053	0.0000	0.3556	0.0000	0.9755	0.8642	0.0268	0.9131
sample2_group2	0.0000	0.0000	0.0000	0.0000	0.0000	0.0000	0.0000	0.0000	1.0000	0.0000	0.0000	0.0000	0.0000	0.0000	0.0000	0.9885	0.0107	0.3605	0.6144	0.0000	0.9244	0.8467	0.5345	0.8670
sample3_group2	0.0000	0.0000	0.0000	0.0000	0.0000	0.0000	0.0000	0.0000	0.0000	0.0000	0.0000	0.0000	0.0000	0.0000	0.0000	0.1552	0.6928	0.0000	0.0886	0.3553	0.2628	0.9476	0.6119	0.9492
sample4_group2	0.0000	0.0000	0.0000	0.0000	0.0000	0.0000	0.0000	0.0000	0.0000	0.0000	0.0000	0.0000	0.0000	0.0000	0.0000	0.3908	0.1705	0.0000	0.1773	0.4112	0.5061	0.8819	0.1071	0.9178
sample5_group2	0.0000	0.0000	0.0000	0.0000	0.0000	0.0000	0.0000	0.0000	0.0000	0.0000	0.0000	0.0000	0.0000	0.0000	0.0000	0.3621	0.5382	0.7326	0.1900	0.4396	0.3476	0.3470	0.4317	0.4190
sample6_group2	0.0000	0.0000	0.0000	0.0000	0.0000	0.0000	0.0000	0.0000	0.7500	0.0000	0.0000	0.0000	0.0000	0.0000	0.0000	0.8908	0.1119	0.7326	0.6005	0.0571	0.8756	0.3929	0.7729	0.1262
sample7_group2	0.0000	0.0000	0.0000	0.0000	0.0000	0.0000	0.0000	0.0000	0.0000	0.3333	0.0000	0.0000	0.0000	0.0000	0.0000	0.4598	0.8153	0.3372	0.4283	1.0000	0.6601	0.8437	0.4040	0.8971
sample8_group2	0.0000	0.0000	0.0000	0.0000	0.0000	0.7500	0.0000	0.0000	0.0000	0.0000	0.0000	0.0000	0.0000	0.0000	0.0000	0.4943	0.0799	0.7326	0.4220	0.0558	0.5108	0.7414	0.6962	0.7529
sample9_group2	0.0000	0.0000	0.0000	0.0000	0.0000	0.0000	0.0000	0.0000	0.0000	0.0000	0.0000	0.0000	0.0000	0.0000	0.0000	0.5632	0.2718	0.0000	0.2661	0.2056	0.7381	0.8890	0.2026	0.9226
sample10_group2	0.0000	0.0000	0.0000	0.0000	0.0000	0.0000	0.0000	0.0000	0.0000	0.0000	0.0000	0.0000	0.0000	0.0000	0.0000	0.7126	0.1599	0.0000	0.3117	0.1777	0.8598	0.8772	0.1087	0.9144
sample11_group2	0.0000	0.0000	0.0000	0.0000	0.0000	0.0000	0.0000	0.0000	0.0000	0.0000	0.0000	0.0000	0.0000	0.0000	0.0000	0.5115	0.2878	0.7326	0.3675	0.4391	0.6113	0.4671	0.2893	0.3405
sample12_group2	0.0000	0.0000	0.5000	0.0000	0.0000	0.0000	0.0000	0.0000	0.0000	0.0000	0.0000	0.0000	0.0000	0.0000	0.0000	0.2989	0.2345	1.0000	0.2255	0.4772	0.5755	0.8228	0.5668	0.8722
sample13_group2	0.0000	0.0000	0.0000	0.0000	0.0000	0.0000	0.0000	0.0000	0.0000	0.0000	0.0000	0.0000	1.0000	0.0000	0.0000	0.3851	0.3411	0.9651	0.2699	0.3680	0.5876	0.5269	0.8069	0.5335
sample14_group2	0.0000	0.0000	0.0000	0.0000	0.0000	0.0000	0.0000	0.0000	0.0000	1.0000	0.0000	0.0000	0.0000	0.0000	0.0000	1.0000	0.2931	0.7326	0.9785	0.7970	1.0000	0.7814	0.3244	0.8781
sample15_group2	0.0000	0.0000	0.0000	0.0000	0.0000	0.0000	0.0000	0.0000	0.0000	0.6667	0.0000	0.0000	0.0000	0.0000	0.0000	0.9310	0.5276	0.7326	0.7794	0.9213	0.8845	0.5229	0.0718	0.6536
sample16_group2	0.0000	0.0000	0.0000	0.0000	0.0000	0.0000	0.0000	0.0000	0.0000	0.3333	0.0000	0.0000	0.0000	0.0000	0.0000	0.8621	0.5116	0.7326	0.5792	0.7995	0.7820	0.5854	0.3177	0.4957
sample17_group2	0.0000	0.0000	0.0000	0.0000	0.0000	0.0000	0.0000	0.0000	0.0000	0.0000	0.0000	0.0000	0.0000	0.0000	0.0000	0.2586	0.5755	0.7326	0.1839	0.5266	0.3177	0.4284	0.8745	0.1731
sample18_group2	0.0000	1.0000	0.0000	0.0000	0.0000	0.0000	0.0000	0.0000	0.0000	0.0000	0.0000	0.0000	0.0000	0.0000	0.0000	0.4368	0.3997	1.0000	0.2375	0.2198	0.4279	0.4496	0.3178	0.3167
sample19_group2	0.0000	0.0000	0.0000	0.0000	0.0000	0.0000	0.0000	0.0000	0.0000	0.0000	0.0000	0.0000	0.0000	0.0000	0.0000	0.5402	0.3464	0.7326	0.3172	0.2066	0.6875	0.4128	0.8043	0.1463
sample20_group2	0.0000	0.0000	0.0000	0.0000	0.0000	0.0000	0.0000	0.0000	0.0000	0.0000	0.0000	0.0000	0.0000	0.0000	0.0000	0.3218	0.4423	0.7326	0.2283	0.4708	0.4358	0.4224	0.8543	0.1611
sample21_group2	0.0000	0.0000	0.5000	0.0000	0.0000	0.0000	0.0000	0.0000	0.0000	0.0000	0.0000	0.0000	0.0000	0.0000	0.0000	0.3276	0.3144	1.0000	0.1809	0.3010	0.4643	0.8158	0.6009	0.8642
sample22_group2	0.0000	0.0000	0.0000	0.0000	0.0000	0.0000	0.0000	0.0000	0.0000	0.0000	0.0000	0.0000	1.0000	0.0000	0.0000	0.2816	0.4370	0.9651	0.2255	0.4594	0.4710	0.5794	0.8324	0.5364
sample23_group2	0.0000	0.0000	0.0000	0.0000	0.0000	0.0000	0.0000	0.0000	0.0000	0.0000	0.0000	0.0000	0.0000	0.0000	0.0000	0.6724	0.1492	0.7326	0.3231	0.0279	0.7061	0.4376	0.0807	0.4199
sample24_group2	0.0000	1.0000	0.0000	0.0000	0.0000	0.0000	0.0000	0.0000	0.0000	0.0000	0.0000	0.0000	0.0000	0.0000	0.0000	0.3793	0.2291	1.0000	0.2315	0.1980	0.5023	0.5817	0.3403	0.4474
sample25_group2	0.0000	0.0000	0.0000	0.0000	0.0000	0.0000	0.0000	0.0000	0.0000	0.3333	0.0000	0.0000	0.0000	0.0000	0.0000	0.5920	0.7461	0.7326	0.4778	0.9518	0.7096	0.6161	0.3147	0.6693
sample26_group2	0.0000	0.0000	0.0000	0.0000	0.0000	0.0000	0.0000	0.0000	0.0000	0.0000	0.0000	1.0000	0.0000	0.0000	0.0000	0.3678	0.2238	0.7326	0.2344	0.1954	0.4834	0.4358	0.2708	0.1931
sample27_group2	0.0000	1.0000	0.0000	0.0000	0.0000	0.0000	0.0000	0.0000	0.0000	0.0000	0.0000	0.0000	0.0000	0.0000	0.0000	0.5115	0.1705	1.0000	0.3269	0.1832	0.6720	0.3658	0.1032	0.1716
sample28_group2	0.0000	1.0000	0.0000	0.0000	0.0000	0.0000	0.0000	0.0000	0.0000	0.0000	0.0000	0.0000	0.0000	0.0000	0.0000	0.3103	0.3144	1.0000	0.1875	0.3122	0.3853	0.6138	0.3896	0.3245
sample29_group2	0.0000	0.0000	0.0000	0.0000	0.0000	0.0000	0.0000	0.0000	0.0000	0.0000	0.0000	1.0000	0.0000	0.0000	0.0000	0.2989	0.3144	0.7326	0.1900	0.3122	0.3520	0.5076	0.4474	0.3636
sample30_group2	0.0000	1.0000	0.5000	0.0000	0.0000	0.0000	0.0000	0.0000	0.0000	0.0000	0.0000	0.0000	0.0000	0.0000	0.0000	0.3218	0.3144	1.0000	0.1837	0.3020	0.4220	0.7182	0.3537	0.7671
