     Index              y_true              y_pred        descriptor_1
         1    0.3200000000E+01    0.2512170620E+01    0.9964000000E+00
         2    0.8872000000E+02    0.7495545560E+02   -0.1570031400E+00
         3    0.2045000000E+02    0.2991905263E+02    0.5600423200E+00
         4    0.2078000000E+02    0.2506705403E+02    0.6372932400E+00
         5    0.5301000000E+02    0.4991386679E+02    0.2416956100E+00
         6    0.2548000000E+02    0.2708396029E+02    0.6051811400E+00
         7    0.6524000000E+02    0.5557500141E+02    0.1515620600E+00
         8    0.1845000000E+02    0.1078288125E+02    0.8647181800E+00
         9    0.4263000000E+02    0.5418689788E+02    0.1736627000E+00
        10    0.6056000000E+02    0.4646876584E+02    0.2965466600E+00
        11    0.5090000000E+02    0.4520279682E+02    0.3167027400E+00
        12    0.1790000000E+02    0.3313336637E+02    0.5088657400E+00
        13    0.4216000000E+02    0.2819857577E+02    0.5874348300E+00
        14    0.1464000000E+02    0.2838323027E+02    0.5844948600E+00
        15    0.2796000000E+02    0.2600910435E+02    0.6222944200E+00
        16    0.3187000000E+02    0.3154981600E+02    0.5340781800E+00
        17    0.3120000000E+02    0.3297287171E+02    0.5114210500E+00
        18    0.1790000000E+02    0.2411694981E+02    0.6524202900E+00
        19    0.3007000000E+02    0.3493863883E+02    0.4801231600E+00
        20    0.2681000000E+02    0.2922372774E+02    0.5711129100E+00
        21    0.3682000000E+02    0.6092215799E+02    0.6642750000E-01
        22    0.5646000000E+02    0.7576945550E+02   -0.1699632100E+00
        23    0.6900000000E+02    0.7668112607E+02   -0.1844783400E+00
        24    0.7520000000E+02    0.7851307195E+02   -0.2136456000E+00
        25    0.8285000000E+02    0.7391759374E+02   -0.1404788600E+00
        26    0.6942000000E+02    0.6783965825E+02   -0.4370923000E-01
        27    0.7737000000E+02    0.6824161061E+02   -0.5010890000E-01
        28    0.5774000000E+02    0.4581648725E+02    0.3069318900E+00
        29    0.4307000000E+02    0.6057968885E+02    0.7188011000E-01
        30    0.6276000000E+02    0.5148948636E+02    0.2166094400E+00
        31    0.5060000000E+01    0.4634359770E+02    0.2985395200E+00
        32    0.5015000000E+02    0.3320058318E+02    0.5077955500E+00
        33    0.2680000000E+02    0.2244924888E+02    0.6789725300E+00
        34    0.9080000000E+02    0.7993394633E+02   -0.2362680000E+00
        35    0.7420000000E+02    0.5028848121E+02    0.2357312000E+00
        36    0.6511000000E+02    0.5055962211E+02    0.2314142400E+00
