Model_ID, [(c_i,i=0,n)_j,j=1,ntask]
           1    0.2982540976E+01    0.6796961999E+02   -0.1703852383E+03
           2    0.3012324276E+01    0.6802008451E+02   -0.1639504201E+03
           3    0.3723013325E+01    0.2243632369E+02   -0.3836465108E+03
           4    0.3042897507E+01   -0.2513138733E+02    0.5590647560E+02
           5    0.7066956954E+01   -0.8664190335E+02   -0.2467901169E+02
           6    0.2797866917E+01   -0.2408768182E+02    0.8211446267E+02
           7    0.5836546549E+01   -0.6098715804E+02   -0.5604265551E+02
           8    0.3742008300E+01    0.2213700704E+02    0.1342035535E+03
           9    0.6037142312E+01   -0.4596869160E+02   -0.7039023896E+02
          10    0.5812747207E+01   -0.6131276691E+02   -0.5556156997E+02
          11    0.5889260280E+01   -0.6005155983E+02   -0.5735644242E+02
          12    0.3826833795E+01    0.2250541838E+02   -0.1297129967E+03
          13    0.5863843823E+01   -0.6040048419E+02   -0.5680385091E+02
          14    0.6966250054E+01   -0.8677786377E+02   -0.2496941908E+02
          15    0.6951123765E+01   -0.8688339572E+02   -0.2497297565E+02
          16    0.6978135460E+01   -0.8739970997E+02   -0.1818226788E+02
          17    0.5837680154E+01   -0.9112717950E+02   -0.2299238126E+02
          18    0.3246020958E+01    0.6483888311E+02   -0.1783970505E+03
          19    0.2825941058E+01   -0.2430888985E+02    0.8047239595E+02
          20    0.6936152585E+01   -0.8711104770E+02   -0.2491426178E+02
          21    0.5690052166E+01   -0.8280973225E+02   -0.7018847483E+02
          22    0.1956517077E+01    0.2600795744E+02   -0.4014286014E+03
          23    0.5749623356E+01   -0.4843066285E+02   -0.6639364199E+02
          24    0.6157407451E+01   -0.5632444960E+02   -0.6090993092E+02
          25    0.6910679306E+01   -0.8722832406E+02   -0.2470628052E+02
          26    0.5899856512E+01   -0.4829140732E+02   -0.6677691469E+02
          27    0.1961770935E+01   -0.7962038061E+02   -0.2901799299E+02
          28   -0.2170759510E+01   -0.3210724022E+02   -0.6130054183E+02
          29    0.6890757099E+01   -0.8728091384E+02   -0.2463916610E+02
          30    0.7261844165E+01   -0.8496495596E+02   -0.1344596573E+02
          31    0.6099388082E+01   -0.6133851212E+02   -0.1495667184E+03
          32    0.6086076539E+01   -0.5751979883E+02   -0.5886117051E+02
          33    0.5961748535E+01   -0.5864693265E+02   -0.5792792540E+02
          34    0.5798477094E+01   -0.8508592161E+02   -0.1845734870E+03
          35    0.6069107067E+01   -0.6170901421E+02   -0.1479530516E+03
          36    0.5820059880E+01   -0.4701712055E+02   -0.6804402589E+02
          37    0.6614376647E+01   -0.8690022684E+02   -0.2439318322E+02
          38    0.5934312330E+01   -0.5902697135E+02   -0.5728521760E+02
          39    0.7127229288E+01   -0.8583286762E+02   -0.6113617621E+02
          40    0.3282507371E+01    0.6492049048E+02   -0.1690983504E+03
          41    0.6150439926E+01   -0.6840997866E+02   -0.4287250600E+02
          42    0.5855724609E+01    0.4456984218E+02   -0.5912939335E+02
          43    0.7312188068E+01   -0.8399478104E+02   -0.1530580140E+02
          44    0.6152407813E+01   -0.6047988221E+02   -0.1524046373E+03
          45    0.7464859892E+01   -0.8410746159E+02   -0.2026560247E+02
          46    0.5569692645E+01   -0.6460471957E+02   -0.4925812582E+02
          47    0.5628997210E+01   -0.6611848844E+02   -0.6177991423E+02
          48    0.5806008407E+01   -0.4707421637E+02   -0.6786524506E+02
          49    0.5118869871E+01   -0.3116775222E+02   -0.6626823663E+02
          50    0.6114732221E+01   -0.6280488463E+02   -0.6603857362E+02
          51    0.6053932916E+01   -0.6353316288E+02   -0.6480178532E+02
          52    0.6408780104E+01   -0.6359608009E+02   -0.4580473341E+02
          53    0.6120063201E+01   -0.6087469212E+02   -0.1505857574E+03
          54    0.5593532121E+01   -0.6656984723E+02   -0.6088784318E+02
          55    0.5452589882E+01   -0.5403261268E+02   -0.6981004619E+02
          56    0.6470198462E+01   -0.6291292088E+02   -0.4651467467E+02
          57    0.5517008968E+01   -0.6051132816E+02   -0.6603596858E+02
          58    0.5801299448E+01   -0.6559316181E+02   -0.7577065775E+02
          59    0.5562844863E+01   -0.6695648735E+02   -0.6004761433E+02
          60    0.5867763065E+01    0.4693372571E+02   -0.1315669772E+03
          61    0.5862559516E+01    0.4699215906E+02   -0.1311500517E+03
          62    0.5788899994E+01   -0.6588338682E+02   -0.7474008041E+02
          63    0.5747707298E+01   -0.6536457250E+02   -0.4820438567E+02
          64    0.5773435671E+01   -0.6503983000E+02   -0.4863353304E+02
          65   -0.2194498015E+01   -0.3259932358E+02   -0.6156970001E+02
          66    0.5753400832E+01   -0.6631554200E+02   -0.7379014805E+02
          67    0.5687499002E+01   -0.7309536440E+02   -0.6517364971E+02
          68    0.5876328113E+01    0.4683707997E+02   -0.1317421671E+03
          69    0.5871074018E+01    0.4689596450E+02   -0.1313191149E+03
          70    0.6584734031E+01   -0.6267737353E+02   -0.4901886208E+02
          71    0.6622275968E+01   -0.6227620536E+02   -0.4948865859E+02
          72    0.5725132102E+01   -0.6446744840E+02   -0.6456289192E+02
          73    0.4968889172E+01   -0.6754514002E+02   -0.5820045994E+02
          74    0.6254322698E+01   -0.5456403183E+02   -0.6253264692E+02
          75    0.5847288155E+01   -0.4775087506E+02   -0.6715253210E+02
          76    0.5606447554E+01   -0.6390618606E+02   -0.4982389163E+02
          77    0.5796209860E+01   -0.7144524658E+02   -0.6757004608E+02
          78    0.2456538130E+01   -0.2519401578E+02    0.2175409955E+03
          79    0.5412987137E+01    0.4912114426E+02   -0.5124063845E+02
          80    0.7066101371E+01   -0.8419101129E+02   -0.2215768194E+02
          81    0.5819916081E+01    0.4745981613E+02   -0.1273798890E+03
          82    0.5147395737E+01   -0.4879304400E+02   -0.6925480018E+02
          83    0.5685081380E+01   -0.6497630329E+02   -0.6339917704E+02
          84    0.5828013148E+01    0.4736736885E+02   -0.1275002440E+03
          85    0.5018658971E+01   -0.6201563388E+02   -0.3402877846E+02
          86    0.6199812852E+01   -0.6143916925E+02   -0.6783256841E+02
          87    0.5366773941E+01   -0.4832138805E+02   -0.6817542304E+02
          88    0.6164107962E+01   -0.6186483276E+02   -0.6704951965E+02
          89    0.6181598051E+01    0.9842655309E+02   -0.1736418421E+03
          90    0.5614902879E+01   -0.7358778747E+02   -0.3547543367E+02
          91    0.5583755338E+01    0.4794554148E+02   -0.5230572924E+02
          92    0.6351422783E+01   -0.5619211310E+02   -0.6602374667E+02
          93    0.6087133117E+01    0.9574769261E+02   -0.6588493331E+02
          94    0.6132667992E+01   -0.6223522842E+02   -0.6631680161E+02
          95    0.5650572361E+01   -0.6541127394E+02   -0.6232738594E+02
          96    0.1930620325E+01   -0.7793898583E+02   -0.3025821241E+02
          97   -0.1927819881E+01   -0.3222342416E+02   -0.5817932062E+02
          98    0.2927707006E+01   -0.2385620028E+02    0.7958574412E+02
          99    0.2962873249E+01   -0.7480707689E+02   -0.2238973175E+02
         100    0.3854692267E+01   -0.2275329433E+02    0.3947258840E+03
