        Rank        RMSE       MaxAE  Feature_ID
           1   29.226314   96.358732  (    1389   15804)
           2   29.833474  102.268831  (       1   10001)
           3   30.098936   96.115181  (      23   10003)
           4   30.119524  100.198512  (       1   10361)
           5   30.149138  100.064245  (       1   10002)
           6   30.153760   97.320413  (      40   10003)
           7   30.156577  100.271556  (      23   10001)
           8   30.165471   95.693692  (      49   10003)
           9   30.233630   98.572514  (       1   10003)
          10   30.233917  111.287849  (       1   10004)
          11   30.245482   95.939030  (       1   13196)
          12   30.263346   95.295395  (     103   10003)
          13   30.264774  101.219950  (       1   10030)
          14   30.280408   99.565535  (    2159   18851)
          15   30.298312   92.966271  (       1   17702)
          16   30.300728  100.850743  (     103   18851)
          17   30.305618   98.055158  (      50   10003)
          18   30.312412  100.722541  (     103   17664)
          19   30.312833  101.556331  (      49   10087)
          20   30.317235  101.250770  (     103   10087)
          21   30.330431   94.411685  (     127   10003)
          22   30.330505   99.952437  (      49   10001)
          23   30.331727  101.611297  (      40   10001)
          24   30.335377  101.882330  (      23   10087)
          25   30.362778  101.030810  (      49   17664)
          26   30.364174  101.160079  (      49   18851)
          27   30.366811  100.322252  (       1   13328)
          28   30.366976   99.450626  (    2159   17664)
          29   30.382498  103.173940  (      40   10087)
          30   30.384683  101.176157  (       2   19798)
          31   30.388459   96.971318  (       1   10781)
          32   30.395222  100.601575  (       1   13654)
          33   30.419057   93.129850  (       1   10706)
          34   30.423381  100.666150  (     103   16393)
          35   30.427624  114.338301  (       1   10243)
          36   30.428774   99.814359  (      23   10059)
          37   30.433467  101.357389  (      23   17664)
          38   30.437033   99.447759  (      49   10059)
          39   30.437440   98.716713  (       1   14692)
          40   30.438207  102.636901  (       1   10008)
          41   30.445308  104.738754  (      40   11389)
          42   30.447289  101.487224  (      23   18851)
          43   30.450056  103.357660  (      23   11597)
          44   30.462910  100.974011  (      49   16393)
          45   30.463594  103.093343  (      49   11597)
          46   30.464231   99.538997  (      23   11906)
          47   30.464566  105.526613  (      50   11389)
          48   30.468820  103.154561  (    2159   19749)
          49   30.472444  107.292951  (       1   10007)
          50   30.473871   99.102464  (     103   10059)
          51   30.477064  100.464353  (     103   16799)
          52   30.477094  100.465325  (     103   16803)
          53   30.481473   98.666536  (      23   13654)
          54   30.486466   99.039110  (       1   10025)
          55   30.488770   98.010827  (       1   13120)
          56   30.495687   98.131243  (       1   11321)
          57   30.495817   98.132310  (       1   11322)
          58   30.495947   98.132931  (       1   11327)
          59   30.496098  102.361673  (      50   10001)
          60   30.496881  100.768527  (      49   16799)
          61   30.496982  100.769500  (      49   16803)
          62   30.497745   98.137011  (       1   11345)
          63   30.498310   98.123972  (       1   11301)
          64   30.498406   98.123857  (       1   11300)
          65   30.499209  104.574705  (      40   12969)
          66   30.500076   98.122131  (       1   11299)
          67   30.500154   98.140148  (       1   11362)
          68   30.500199   98.122020  (       1   11298)
          69   30.501847  102.850968  (     103   11597)
          70   30.504184  101.089161  (      40   10059)
          71   30.505276   98.144865  (       1   11403)
          72   30.506920   98.146121  (       1   11414)
          73   30.506964  110.457724  (       1   10267)
          74   30.508556  111.761091  (      50   11003)
          75   30.509294   98.046151  (       1   13326)
          76   30.511943  101.563957  (       1   10005)
          77   30.511984  101.563169  (       1   10006)
          78   30.513446   98.114486  (       1   11303)
          79   30.515012  101.477905  (       1   11906)
          80   30.515279   98.113773  (       1   11305)
          81   30.515464   97.345612  (     103   11141)
          82   30.515530   98.113678  (       1   11306)
          83   30.515889   98.151917  (       1   11467)
          84   30.518035   98.164181  (       1   12465)
          85   30.518205   98.164349  (       1   12451)
          86   30.518272   98.162391  (       1   12636)
          87   30.519069   98.164985  (       1   12401)
          88   30.519812   98.161703  (       1   12756)
          89   30.520190   98.161587  (       1   12776)
          90   30.521237   98.161319  (       1   12823)
          91   30.522444   98.166566  (       1   12270)
          92   30.522636   98.163949  (       1   12671)
          93   30.523061   98.166798  (       1   12253)
          94   30.523441  101.300521  (      23   16393)
          95   30.523631   98.167004  (       1   12241)
          96   30.524712   98.110658  (       1   11316)
          97   30.525768  105.328896  (      50   12969)
          98   30.526598   98.160489  (       1   13025)
          99   30.528497   91.140720  (       1   10239)
         100   30.529433   97.974922  (       1   11130)
