Model_ID, [(c_i,i=0,n)_j,j=1,ntask]
           1    0.3965974819E+03    0.1721758024E+03
           2    0.3983295074E+03    0.1677172389E+03
           3    0.3757973328E+03    0.1571566510E+03
           4    0.2601934178E+03    0.1506599530E+03
           5    0.3723868684E+03    0.1543576350E+03
           6    0.3647796165E+03    0.1527015711E+03
           7    0.3678229852E+03    0.1549460090E+03
           8    0.4043388143E+03    0.1689901894E+03
           9    0.3846785270E+03    0.2888301840E+03
          10    0.3883388642E+03    0.2883775886E+03
          11    0.4008170362E+03    0.1671523733E+03
          12    0.3852024975E+03    0.1427869053E+03
          13    0.4027307813E+03    0.1730228513E+03
          14    0.3285383842E+03    0.2451333027E+03
          15    0.2607409259E+03    0.1605533318E+03
          16    0.2411492230E+03   -0.1264381444E+03
          17    0.2545884636E+03   -0.1425664375E+03
          18    0.1659695096E+03    0.1166324164E+03
          19    0.3657999077E+03    0.2420863219E+03
          20    0.3785590912E+03    0.2821340490E+03
          21    0.3786050536E+03    0.2824677625E+03
          22    0.3633324053E+03    0.2428689302E+03
          23    0.3980050362E+03    0.1729839452E+03
          24    0.3551488476E+03    0.2426771410E+03
          25    0.3648351633E+03    0.2865792883E+03
          26    0.3564253494E+03   -0.1381318858E+03
          27    0.1210579493E+03    0.1094631829E+03
          28    0.3670983704E+03    0.1447332252E+03
          29    0.3832757049E+03    0.1682571575E+03
          30    0.3599688718E+03   -0.1431541099E+03
          31    0.3002848667E+03    0.1897590163E+03
          32    0.3002872505E+03    0.1897514548E+03
          33    0.3840513649E+03    0.2834457965E+03
          34    0.3694028649E+03    0.1988435082E+03
          35    0.3626809573E+03    0.1458906667E+03
          36    0.3613135239E+03    0.2228326424E+03
          37    0.2996664537E+03    0.1941650912E+03
          38    0.3776703372E+03    0.1406458354E+03
          39    0.3802461492E+03    0.1641683709E+03
          40    0.3967243290E+03    0.1715930093E+03
          41    0.3595185599E+03    0.2225548375E+03
          42    0.3674763448E+03   -0.1555688214E+03
          43    0.3754473204E+03    0.1658967589E+03
          44    0.3749624101E+03    0.2732967267E+03
          45    0.3597587326E+03    0.1391306884E+03
          46    0.2678516257E+03   -0.1744176993E+03
          47    0.3589678631E+03    0.2315640119E+03
          48    0.3520496136E+03    0.2728500830E+03
          49    0.3982023041E+03    0.1729862631E+03
          50    0.3960622360E+03   -0.1708689308E+03
          51    0.3633376912E+03    0.3045988265E+03
          52    0.3966094912E+03    0.1717226075E+03
          53    0.3719329908E+03   -0.1619504078E+03
          54    0.2316260315E+03   -0.1407858986E+03
          55    0.3712896961E+03    0.1524076239E+03
          56    0.3697006754E+03    0.2058152240E+03
          57    0.3732922731E+03    0.2786590545E+03
          58    0.3688331485E+03    0.2406414295E+03
          59    0.4065106984E+03    0.1678858161E+03
          60    0.3656698353E+03    0.2492878007E+03
          61    0.2848870380E+03    0.1647062848E+03
          62    0.2359465860E+03   -0.1088485703E+03
          63    0.3004558954E+03    0.1928435924E+03
          64    0.2699084020E+03   -0.1848275905E+03
          65    0.1059188386E+03    0.1232691549E+03
          66    0.3871291464E+03   -0.1545906803E+03
          67    0.1836545954E+03    0.8229614030E+02
          68    0.3562778347E+03    0.2264765690E+03
          69    0.3818718920E+03    0.1629833388E+03
          70    0.3884970711E+03    0.1627123414E+03
          71    0.2487959642E+03   -0.1305918577E+03
          72    0.7690922918E+02    0.9595221271E+02
          73    0.2938498195E+03   -0.1921126742E+03
          74    0.3744346357E+03    0.2559606217E+03
          75    0.3699522991E+03    0.1480549065E+03
          76    0.3744166926E+03    0.2558138698E+03
          77    0.3923143794E+03    0.1656513779E+03
          78    0.1755716022E+03    0.1029518692E+03
          79    0.3591873816E+03    0.2244074287E+03
          80    0.3444918241E+03    0.2234496280E+03
          81    0.1857422425E+03    0.7965787203E+02
          82    0.1994706075E+03    0.9331845758E+02
          83    0.2838795610E+03    0.1650204982E+03
          84    0.3629005245E+03    0.2404543638E+03
          85    0.1638225347E+03    0.8649802754E+02
          86    0.3732107864E+03    0.2784753098E+03
          87    0.3038634310E+03    0.1824372056E+03
          88    0.3672548305E+03    0.2832054899E+03
          89    0.3040556545E+03    0.1818704642E+03
          90    0.3421468586E+03    0.2240878609E+03
          91    0.3633092030E+03    0.1460787290E+03
          92    0.2618436014E+03   -0.1685461768E+03
          93    0.3691631206E+03    0.1464111365E+03
          94    0.2765937912E+03    0.1970390035E+03
          95    0.3667786033E+03    0.2398899064E+03
          96    0.2744549991E+03    0.2009083647E+03
          97    0.2572373658E+03   -0.1668241053E+03
          98    0.3716356504E+03    0.1252244636E+03
          99    0.3756016545E+03    0.8292182500E+02
         100    0.3755523304E+03    0.2680702626E+03
