        Rank        RMSE       MaxAE  Feature_ID
           1    7.736740   20.842620  (     523   13658)
           2    7.759799   18.348957  (    1276   10091)
           3    7.793706   20.058316  (    5233   11896)
           4    7.800114   19.997222  (    5233   11972)
           5    7.803885   19.407093  (    5233   11067)
           6    7.811205   19.353207  (    5233   11122)
           7    7.855934   18.967876  (     523   18418)
           8    7.880222   18.938632  (     523   18388)
           9    7.899623   18.488915  (    4523   11203)
          10    7.904709   20.017008  (    1276   12380)
          11    7.914322   18.717748  (     523   13166)
          12    7.914639   17.686632  (    1276   10348)
          13    7.929578   18.543047  (     523   11972)
          14    7.935636   18.509222  (    4523   11350)
          15    7.947016   19.798868  (    5233   13166)
          16    7.949096   19.162422  (    5233   11680)
          17    7.957598   18.561129  (     523   11896)
          18    7.966418   20.608715  (     523   13215)
          19    7.983215   19.264418  (     523   15003)
          20    8.000620   20.196248  (     523   12968)
          21    8.011812   18.981985  (     523   15151)
          22    8.024630   21.568650  (     523   17968)
          23    8.026772   20.533297  (     523   13280)
          24    8.036271   18.757312  (    8758   17968)
          25    8.037846   20.256479  (     523   13023)
          26    8.041907   19.083022  (     523   14399)
          27    8.050245   19.380005  (    1276   10133)
          28    8.060573   18.622210  (     384   12968)
          29    8.065060   21.591957  (      80   11476)
          30    8.068022   18.746263  (     384   13023)
          31    8.071947   19.083888  (     523   14402)
          32    8.078514   19.402467  (    5233   11924)
          33    8.084815   21.262300  (    1585   11972)
          34    8.084953   21.433899  (      89   11476)
          35    8.087623   21.317860  (    1585   11896)
          36    8.088693   20.872679  (     523   11924)
          37    8.089948   18.323930  (     523   18880)
          38    8.090729   20.323116  (     523   11680)
          39    8.091257   17.874118  (     523   19860)
          40    8.098281   20.137449  (     523   11122)
          41    8.110852   23.608244  (    1413   19832)
          42    8.112523   17.956559  (     384   11972)
          43    8.118008   20.067659  (     523   11067)
          44    8.118036   20.330939  (    6373   13658)
          45    8.118759   23.536860  (      77   12380)
          46    8.119240   17.987488  (     384   11896)
          47    8.121050   26.106001  (     564   15649)
          48    8.129144   16.074734  (     704   12968)
          49    8.130568   19.556029  (     523   15053)
          50    8.133836   18.620044  (     523   19286)
          51    8.137625   17.481861  (     809   11203)
          52    8.139040   23.991396  (    2222   19832)
          53    8.139346   24.570611  (      80   14347)
          54    8.140483   19.009947  (     523   14289)
          55    8.140870   16.161343  (     704   13023)
          56    8.143480   16.496472  (    8454   19832)
          57    8.149948   18.221225  (    4523   11924)
          58    8.153832   19.171043  (    1276   10272)
          59    8.156698   18.479402  (     384   11203)
          60    8.156897   17.502624  (     809   11350)
          61    8.161013   24.462892  (     567   10055)
          62    8.166367   21.264506  (      95   10016)
          63    8.166901   20.878732  (    5233   11203)
          64    8.167320   19.377894  (     523   13983)
          65    8.169042   18.914628  (    4523   10128)
          66    8.171502   16.602951  (    4523   12968)
          67    8.172502   18.376593  (    1276   10067)
          68    8.173074   16.642389  (    4523   13023)
          69    8.173526   19.231815  (    8758   13658)
          70    8.175763   21.032195  (    5233   12968)
          71    8.177516   21.091022  (    1585   13166)
          72    8.177565   18.591657  (    4523   11318)
          73    8.178075   20.014390  (     523   13558)
          74    8.180014   17.747562  (     384   13166)
          75    8.180083   24.198388  (    2773   19832)
          76    8.182271   19.287861  (    1658   10177)
          77    8.183612   25.872959  (     564   11183)
          78    8.190663   18.643648  (     384   11350)
          79    8.190991   18.991777  (    4523   18017)
          80    8.191216   20.418604  (     523   12903)
          81    8.191255   24.434236  (      89   14347)
          82    8.192620   20.504807  (     523   12460)
          83    8.197317   18.976902  (    4523   18102)
          84    8.201671   20.269294  (    6373   13215)
          85    8.207081   20.047452  (    5233   15003)
          86    8.207624   24.473971  (       4   10128)
          87    8.209556   21.169965  (    5233   13023)
          88    8.212281   18.310223  (    4523   16323)
          89    8.213282   20.800810  (    1616   12380)
          90    8.214330   16.130725  (    4019   11203)
          91    8.215218   19.331797  (    4523   14536)
          92    8.217717   20.465563  (    6373   11680)
          93    8.219813   21.801112  (     523   11203)
          94    8.220638   17.946785  (     523   17913)
          95    8.221882   20.665389  (    6373   11122)
          96    8.222033   19.586413  (    1276   12961)
          97    8.222741   17.952152  (     704   11203)
          98    8.226290   18.339333  (    5439   11972)
          99    8.226416   18.354622  (     523   15495)
         100    8.227748   19.287664  (    4523   16350)
