        Rank        RMSE       MaxAE  Feature_ID
           1   11.196507   33.702647  (       1)
           2   11.221960   32.181866  (       2)
           3   11.237691   34.762165  (       3)
           4   11.245854   36.343484  (       4)
           5   11.258177   31.106435  (       5)
           6   11.263849   33.999819  (       6)
           7   11.291323   30.941205  (       7)
           8   11.292598   33.876897  (       8)
           9   11.299209   34.085294  (       9)
          10   11.299739   34.100166  (      10)
          11   11.341494   34.154421  (      11)
          12   11.345599   34.162826  (      12)
          13   11.349897   34.171185  (      13)
          14   11.365197   31.352575  (      14)
          15   11.372397   34.119885  (      15)
          16   11.380698   34.348563  (      16)
          17   11.390447   33.960781  (      17)
          18   11.398429   30.753780  (      18)
          19   11.403127   34.222543  (      19)
          20   11.407085   32.765577  (      20)
          21   11.407298   34.236780  (      21)
          22   11.411965   32.185983  (      22)
          23   11.431946   31.428464  (      23)
          24   11.439339   31.379443  (      24)
          25   11.447500   33.421236  (      25)
          26   11.453255   34.320366  (      26)
          27   11.461550   31.455576  (      27)
          28   11.466333   31.463949  (      28)
          29   11.472236   31.391197  (      29)
          30   11.472885   31.469903  (      30)
          31   11.475678   36.582073  (      31)
          32   11.479545   31.475849  (      32)
          33   11.484838   31.484187  (      33)
          34   11.490532   31.547968  (      34)
          35   11.493202   30.569918  (      35)
          36   11.495265   31.917204  (      36)
          37   11.509822   33.507588  (      37)
          38   11.516978   30.950617  (      38)
          39   11.521085   31.559581  (      39)
          40   11.525735   33.381340  (      40)
          41   11.536697   34.081939  (      41)
          42   11.548253   31.188131  (      42)
          43   11.549486   34.857999  (      43)
          44   11.550574   30.296827  (      44)
          45   11.568912   34.268071  (      45)
          46   11.571497   33.413390  (      46)
          47   11.573799   31.001278  (      47)
          48   11.592023   34.980599  (      48)
          49   11.595651   29.183368  (      49)
          50   11.598420   35.632211  (      50)
          51   11.604039   31.546487  (      51)
          52   11.608542   33.287604  (      52)
          53   11.610077   41.454799  (      53)
          54   11.611435   40.728697  (      54)
          55   11.621553   31.583752  (      55)
          56   11.621804   31.570556  (      56)
          57   11.624226   31.081876  (      57)
          58   11.633650   33.558347  (      58)
          59   11.643493   29.996876  (      59)
          60   11.651167   30.213227  (      60)
          61   11.671934   31.137185  (      61)
          62   11.675068   31.846514  (      62)
          63   11.680409   31.128875  (      63)
          64   11.680575   31.802789  (      64)
          65   11.681811   34.105402  (      65)
          66   11.682791   28.772194  (      66)
          67   11.683812   34.857619  (      67)
          68   11.686342   30.989893  (      68)
          69   11.691007   32.700840  (      69)
          70   11.692373   36.098861  (      70)
          71   11.695194   36.304409  (      71)
          72   11.696289   31.087540  (      72)
          73   11.699659   39.956106  (      73)
          74   11.702992   34.100785  (      74)
          75   11.709507   33.634970  (      75)
          76   11.710892   37.768471  (      76)
          77   11.712464   30.161561  (      77)
          78   11.718513   33.758359  (      78)
          79   11.724349   31.842248  (      79)
          80   11.724364   37.259165  (      80)
          81   11.727049   29.696097  (      81)
          82   11.728636   31.489935  (      82)
          83   11.729203   33.418031  (      83)
          84   11.734117   39.183550  (      84)
          85   11.735451   35.521182  (      85)
          86   11.735521   32.278586  (      86)
          87   11.735785   31.505819  (      87)
          88   11.736576   33.152601  (      88)
          89   11.737096   37.400055  (      89)
          90   11.739352   32.561408  (      90)
          91   11.742216   34.599565  (      91)
          92   11.742589   31.765413  (      92)
          93   11.746140   37.308399  (      93)
          94   11.746955   30.776824  (      94)
          95   11.747281   32.377399  (      95)
          96   11.755216   33.314120  (      96)
          97   11.761947   32.026660  (      97)
          98   11.768454   24.852456  (      98)
          99   11.768697   32.437553  (      99)
         100   11.768953   32.096745  (     100)
