Model_ID, [(c_i,i=0,n)_j,j=1,ntask]
           1    0.4395689921E+02   -0.3497120829E+02    0.2093487913E+04
           2    0.4473298167E+02    0.4065264774E+02    0.2256829974E+04
           3    0.6344811767E+02   -0.5913565169E+02    0.5339968527E+03
           4    0.5404604392E+02    0.2188516163E+02   -0.9384484458E+03
           5    0.4252911440E+02    0.3826351456E+02    0.2122054167E+04
           6    0.4557689101E+02    0.3527912861E+02    0.2137874704E+04
           7    0.5076414501E+02   -0.4337941474E+02    0.6879316507E+03
           8    0.4861669135E+02   -0.3805900813E+02   -0.8234588894E+03
           9    0.4327507586E+02   -0.3518901111E+02    0.1728423919E+04
          10    0.4654996340E+02    0.4901664984E+02    0.1057264325E+04
          11    0.5032872867E+02   -0.4429783183E+02    0.6896295609E+03
          12    0.4984579243E+02    0.3438176904E+02   -0.8953573031E+03
          13    0.5057961119E+02   -0.4375406911E+02    0.6930921808E+03
          14    0.4452413778E+02    0.3631332353E+02   -0.8231841643E+03
          15    0.4902767678E+02   -0.3737280434E+02   -0.9486903973E+03
          16    0.6049982028E+02    0.2413989338E+02    0.2208250936E+04
          17    0.5019615993E+02    0.4449143121E+02    0.6846601065E+03
          18    0.6437132892E+02    0.3005849701E+02   -0.9415263462E+03
          19    0.5038786781E+02   -0.4436487236E+02    0.6992408490E+03
          20    0.5190766683E+02    0.3441376159E+02    0.1703559643E+04
          21    0.4790526624E+02    0.4344055784E+02    0.6419247042E+03
          22    0.5019061560E+02   -0.4414902253E+02    0.6941841939E+03
          23    0.5355566086E+02    0.2206297202E+02   -0.7896122197E+03
          24    0.4941625549E+02    0.3483404285E+02   -0.7660444458E+03
          25    0.6524027441E+02   -0.5898901979E+02    0.5462462253E+03
          26    0.4571569867E+02   -0.3930850777E+02   -0.2241756732E+03
          27    0.5049718296E+02   -0.4380881272E+02    0.6932776968E+03
          28    0.4423293392E+02    0.3512321446E+02   -0.9858317285E+03
          29    0.4392983343E+02    0.3304762932E+02   -0.3596369030E+03
          30    0.4464017847E+02   -0.3852285430E+02   -0.5316859875E+03
          31    0.4455030419E+02    0.3864732331E+02   -0.5279515576E+03
          32    0.4939539905E+02    0.3290390258E+02    0.1646848238E+04
          33    0.4377469368E+02   -0.3447057624E+02    0.3624081393E+04
          34    0.4744757989E+02   -0.4403542001E+02    0.6252124709E+03
          35    0.4889253419E+02    0.3239273806E+02    0.1657770330E+04
          36    0.4775788569E+02   -0.3920095968E+02   -0.2294154526E+03
          37    0.5901976606E+02    0.4293988352E+02   -0.9329692684E+03
          38    0.4411508146E+02    0.3416243584E+02    0.5654493515E+03
          39    0.4900776456E+02    0.3933641011E+02    0.1740570864E+04
          40    0.5080514448E+02    0.4414545496E+02    0.6716677049E+03
          41    0.4313038231E+02    0.3452797025E+02    0.5903026416E+03
          42    0.5055158222E+02    0.4356499449E+02    0.6935132578E+03
          43    0.5023631931E+02    0.3310126599E+02   -0.9114834092E+03
          44    0.4822417055E+02   -0.3430228392E+02   -0.7490590789E+03
          45    0.4389911272E+02    0.3482342331E+02    0.1876652967E+04
          46    0.4337397894E+02    0.3549726712E+02    0.1631530771E+04
          47    0.5088290174E+02   -0.4246663290E+02    0.6740104628E+03
          48    0.5856384620E+02    0.2321592564E+02    0.2124575214E+04
          49    0.4824010212E+02    0.4977518843E+02    0.6448615444E+03
          50    0.4774060407E+02    0.3560442702E+02    0.2171910103E+04
          51    0.4983152473E+02    0.3361034612E+02   -0.7849343069E+03
          52    0.5001665190E+02    0.4476003733E+02    0.6672068637E+03
          53    0.4523944116E+02   -0.4060527872E+02   -0.2069004227E+03
          54    0.5390422402E+02    0.2123959294E+02   -0.9495263676E+03
          55    0.6305955408E+02    0.5427744707E+02   -0.9009562186E+03
          56    0.4298164027E+02    0.3503528373E+02    0.5718384137E+03
          57    0.5529398411E+02    0.4011437090E+02   -0.6034902503E+03
          58    0.4403461705E+02    0.3249478660E+02   -0.3532873546E+03
          59    0.4467976060E+02    0.3551177182E+02   -0.8462752738E+03
          60    0.6078039261E+02   -0.5380797016E+02   -0.8945792501E+03
          61    0.4625000208E+02   -0.3636102066E+02   -0.4868322547E+03
          62    0.5022642338E+02    0.4126216639E+02   -0.1518912043E+03
          63    0.4400525528E+02    0.4086413963E+02    0.1861859760E+04
          64    0.4624081665E+02    0.3745514630E+02   -0.2254266139E+03
          65    0.5111544725E+02   -0.4203038813E+02    0.6698443134E+03
          66    0.4994041684E+02    0.4456029024E+02    0.6717308408E+03
          67    0.6408517502E+02    0.2932215505E+02   -0.9701293958E+03
          68    0.4304560855E+02    0.3424790130E+02   -0.3528226752E+03
          69    0.4267993107E+02    0.3710325621E+02   -0.2174975859E+03
          70    0.4702884393E+02    0.3739180227E+02    0.1740755518E+04
          71    0.4599374506E+02    0.3608283085E+02   -0.9205654265E+03
          72    0.5521210410E+02    0.4013719056E+02   -0.6032485178E+03
          73    0.4859185659E+02   -0.3370941620E+02   -0.8616256916E+03
          74    0.4356014268E+02    0.3394465105E+02   -0.3417486026E+03
          75    0.6115182386E+02    0.2828896973E+02   -0.8851494288E+03
          76    0.5199452595E+02    0.3896602949E+02    0.2091502748E+04
          77    0.4992425294E+02    0.4455418813E+02    0.6707989521E+03
          78    0.4759451995E+02    0.3552365404E+02    0.2150068048E+04
          79    0.4548287286E+02    0.3892713994E+02   -0.2259933921E+03
          80    0.4805186683E+02    0.3936587592E+02   -0.5338170277E+03
          81    0.2097347723E+02    0.5978351662E+02    0.1945394298E+03
          82    0.4390583324E+02    0.3558529479E+02   -0.9211180250E+03
          83    0.4400539240E+02    0.3653427119E+02   -0.6870545901E+03
          84    0.4896261709E+02    0.4940060425E+02   -0.2143029115E+03
          85    0.5135637054E+02    0.3825344291E+02    0.2098012795E+04
          86    0.6239176600E+02   -0.6113779830E+02    0.5715701546E+03
          87    0.4383287151E+02    0.3735264260E+02    0.2069857636E+04
          88    0.4990795957E+02   -0.4454695937E+02    0.6698477736E+03
          89    0.4761446235E+02    0.5137960396E+02   -0.4221417996E+03
          90    0.4548072894E+02   -0.3695183161E+02   -0.2175862815E+03
          91    0.4347597306E+02    0.3571669552E+02   -0.5096524037E+03
          92    0.4684115086E+02    0.3798459239E+02   -0.2127580689E+03
          93    0.5040751572E+02    0.4597507180E+02   -0.4138504584E+03
          94    0.3735223834E+02    0.2415600511E+02    0.1881277575E+03
          95    0.4251982249E+02   -0.3721401552E+02   -0.2163323786E+03
          96    0.5057674963E+02   -0.4307092761E+02    0.6838941517E+03
          97    0.4551420337E+02   -0.3870380888E+02   -0.2234644546E+03
          98    0.4989256794E+02   -0.4453915860E+02    0.6689385700E+03
          99    0.4655702565E+02    0.3935484907E+02   -0.5451406384E+03
         100    0.4580187254E+02   -0.3793929023E+02   -0.5043433131E+03
