Model_ID, [(c_i,i=0,n)_j,j=1,ntask]
           1    0.3236166134E+03   -0.2387151435E+03    0.3175024359E+03
           2    0.3267549272E+03   -0.2477447470E+03    0.2818528447E+03
           3    0.3131552856E+03   -0.2262112003E+03    0.1819911438E+03
           4    0.2753083663E+03    0.1546678163E+03    0.2354201939E+03
           5    0.2737255672E+03    0.1528570638E+03    0.2515105804E+03
           6    0.3140019552E+03   -0.2289468519E+03    0.1787882763E+03
           7    0.3706031468E+03    0.2790145109E+03    0.3439630118E+03
           8    0.3838933560E+03   -0.2938283541E+03    0.1626310099E+03
           9    0.3101077074E+03   -0.2213014445E+03    0.1710829057E+03
          10    0.2812024351E+03    0.1492541382E+03    0.2494248808E+03
          11    0.2757270375E+03    0.1453978884E+03    0.2378724885E+03
          12    0.2737671959E+03    0.8281865705E+02   -0.2137851406E+03
          13    0.2812422905E+03    0.1582041334E+03    0.2478688145E+03
          14    0.2736881197E+03    0.8289307548E+02    0.2140584650E+03
          15    0.2740872089E+03    0.1437072276E+03    0.2547150654E+03
          16    0.3722960490E+03    0.3067045334E+03   -0.6009201834E+03
          17    0.3124076013E+03   -0.2228147903E+03   -0.1772681653E+03
          18    0.2794672437E+03    0.1473671112E+03    0.2661229700E+03
          19    0.3111812085E+03   -0.2225864485E+03    0.1733207014E+03
          20    0.3130357624E+03   -0.2258109669E+03    0.1789213966E+03
          21    0.2750874261E+03    0.1494200052E+03    0.2627354614E+03
          22    0.3111181569E+03   -0.2197644801E+03   -0.1757216268E+03
          23    0.3693404719E+03    0.2791373784E+03    0.3500503520E+03
          24    0.3169401123E+03   -0.1912670540E+03    0.1117214746E+03
          25    0.3131208356E+03   -0.2258223493E+03    0.1788810251E+03
          26    0.3214292008E+03   -0.2271099684E+03    0.2825262404E+03
          27    0.3429177770E+03   -0.2408387650E+03   -0.3011516444E+03
          28    0.3736970133E+03    0.3039392625E+03    0.1658861209E+03
          29    0.3148149592E+03   -0.2231188658E+03    0.1785292720E+03
          30    0.3138770613E+03   -0.2251167159E+03    0.1795080060E+03
          31    0.1984820147E+03    0.1008631919E+03    0.2916669332E+03
          32    0.2795514890E+03    0.1561725819E+03    0.2639117199E+03
          33    0.3131989780E+03   -0.2258280751E+03    0.1787717124E+03
          34    0.3806597447E+03    0.2858565515E+03    0.1626272434E+03
          35    0.3116688727E+03   -0.2226638974E+03    0.1766971607E+03
          36    0.3166010450E+03   -0.1863931422E+03    0.1135562066E+03
          37    0.3169075280E+03    0.1858145202E+03    0.1137535257E+03
          38    0.2766106795E+03   -0.1438150091E+03    0.2592590864E+03
          39    0.3677296703E+03    0.2723391042E+03    0.3356473511E+03
          40    0.2813344180E+03    0.1665445255E+03    0.2271480207E+03
          41    0.2750521256E+03   -0.1403794518E+03    0.2714959061E+03
          42    0.3135834925E+03   -0.2277389896E+03    0.1773228622E+03
          43    0.2734548897E+03   -0.1454523063E+03    0.2318481045E+03
          44    0.3117497073E+03   -0.2226733989E+03    0.1766202895E+03
          45    0.3818478770E+03    0.2853558007E+03    0.1609612264E+03
          46    0.2754350287E+03   -0.1438968492E+03    0.2352375034E+03
          47    0.3139366514E+03   -0.2249920133E+03    0.1785140218E+03
          48    0.3134099848E+03   -0.2200027397E+03    0.1761298753E+03
          49    0.3124792278E+03   -0.2219580403E+03    0.1771037429E+03
          50    0.3121653714E+03   -0.2263388871E+03    0.1761189587E+03
          51    0.3118242095E+03   -0.2226785253E+03    0.1764764813E+03
          52    0.3136102579E+03   -0.2248082233E+03   -0.1709301454E+03
          53    0.2771228388E+03   -0.1447139099E+03    0.2493604060E+03
          54    0.2125761735E+03    0.1115898400E+03    0.2368470186E+03
          55    0.2023977862E+03    0.9878733926E+02    0.2710032290E+03
          56    0.2754688685E+03   -0.1407941134E+03    0.2743650608E+03
          57    0.2887878142E+03    0.1691040315E+03    0.2190359965E+03
          58    0.3054463081E+03    0.2325722841E+03    0.2343964120E+03
          59    0.2738094455E+03   -0.1422444153E+03    0.2520606907E+03
          60    0.3053957007E+03    0.2324205105E+03   -0.2346705596E+03
          61    0.3123358534E+03   -0.1890157813E+03   -0.1117802600E+03
          62    0.3687290749E+03    0.2756746776E+03    0.3343983395E+03
          63    0.2864687805E+03    0.1660817154E+03    0.2196975830E+03
          64    0.3717232421E+03    0.3075516811E+03   -0.5878983198E+03
          65    0.3225106007E+03    0.2516864669E+03   -0.1137973126E+03
          66    0.1987423921E+03    0.1004083295E+03    0.2903500288E+03
          67    0.1987486313E+03    0.1028300871E+03    0.2806186602E+03
          68    0.3733321736E+03    0.2900736727E+03   -0.5838059089E+03
          69    0.3437887143E+03    0.2421409249E+03   -0.3013286831E+03
          70    0.3108389450E+03   -0.2232407846E+03    0.1740606666E+03
          71    0.2105168421E+03    0.1121298046E+03    0.2433456174E+03
          72    0.2887797585E+03   -0.1735501086E+03    0.2148691713E+03
          73    0.2870312615E+03    0.1695467364E+03    0.2074151595E+03
          74    0.3121688145E+03   -0.2245537486E+03    0.1745873665E+03
          75    0.3417327457E+03    0.2379981734E+03   -0.3005075763E+03
          76    0.2775659579E+03   -0.1452066573E+03    0.2522064673E+03
          77    0.2642688736E+03   -0.1325093734E+03    0.2636207726E+03
          78    0.3690177533E+03    0.2751743139E+03    0.3395158100E+03
          79    0.2808419116E+03    0.1533771914E+03    0.2719685154E+03
          80    0.3100718570E+03   -0.1920227164E+03    0.1085469808E+03
          81    0.2749173536E+03    0.1403574701E+03    0.2728822824E+03
          82    0.3192481046E+03   -0.2042094239E+03   -0.2150307359E+03
          83    0.3125411466E+03   -0.2218494566E+03    0.1760899432E+03
          84    0.3188376933E+03   -0.2034280912E+03   -0.2140696127E+03
          85    0.3820975214E+03    0.2892359648E+03    0.1627293822E+03
          86    0.2759065004E+03   -0.1442218189E+03    0.2380600625E+03
          87    0.2753431478E+03   -0.1405507907E+03    0.2613743023E+03
          88    0.3213058752E+03   -0.2315711430E+03    0.3057562738E+03
          89    0.2723070270E+03    0.1532518656E+03    0.2340866859E+03
          90    0.2983312129E+03   -0.2228819226E+03    0.4495374426E+03
          91    0.2880743289E+03    0.1656027176E+03    0.2496739168E+03
          92    0.3122700997E+03   -0.2217951798E+03   -0.1686325672E+03
          93    0.3118216966E+03   -0.2262183335E+03    0.1741801025E+03
          94    0.2913542731E+03   -0.1796208888E+03    0.2211450956E+03
          95    0.3171639953E+03   -0.1944694754E+03    0.1030307578E+03
          96    0.2747267950E+03   -0.1395025467E+03    0.2685888912E+03
          97    0.2750123789E+03   -0.1405768906E+03    0.2634326659E+03
          98    0.3704842823E+03    0.2981125164E+03   -0.5872735074E+03
          99    0.3119111486E+03   -0.1980449605E+03   -0.2081070863E+03
         100    0.2752606136E+03   -0.1403635818E+03    0.2610874886E+03
