      rank       #data_overlap        size_overlap          feature_ID
         1                  20             0.12516   (       1    1301)
         2                  20             0.22458   (     903    1296)
         3                  20             0.24892   (     277     286)
         4                  21             0.12828   (       1    1639)
         5                  21             0.12828   (       1    1658)
         6                  21             0.14116   (       1    1306)
         7                  21             0.14229   (       1    1759)
         8                  21             0.17184   (       1    1360)
         9                  21             0.17527   (       1    1356)
        10                  21             0.18594   (       1    1424)
        11                  21             0.19277   (      57     978)
        12                  21             0.19277   (     978    1328)
        13                  21             0.20279   (       1    1404)
        14                  21             0.22472   (     903    1298)
        15                  21             0.24649   (     286     533)
        16                  22             0.12255   (       1    1535)
        17                  22             0.12771   (       1    1551)
        18                  22             0.13605   (       1    1426)
        19                  22             0.14682   (       1    1056)
        20                  22             0.14682   (       1    1422)
        21                  22             0.14682   (       1    1423)
        22                  22             0.14685   (       1    1542)
        23                  22             0.14687   (       1    1402)
        24                  22             0.15955   (     903    1018)
        25                  22             0.16542   (       1    1137)
        26                  22             0.16570   (       1    1534)
        27                  22             0.18055   (       1    1420)
        28                  22             0.19017   (      40    1328)
        29                  22             0.19017   (      40      57)
        30                  22             0.19398   (      11      57)
        31                  22             0.19398   (      11    1328)
        32                  22             0.24213   (       2    1600)
        33                  22             0.26629   (     286     544)
        34                  22             0.28432   (     158    1563)
        35                  23             0.12185   (       1    1545)
        36                  23             0.12756   (     903    1008)
        37                  23             0.12756   (     270     903)
        38                  23             0.13161   (     903    1328)
        39                  23             0.13161   (      57     903)
        40                  23             0.13538   (       1    1738)
        41                  23             0.14631   (       1    1546)
        42                  23             0.14682   (       1    1537)
        43                  23             0.14682   (       1    1538)
        44                  23             0.14682   (       1    1539)
        45                  23             0.14682   (       1    1541)
        46                  23             0.14682   (       1    1544)
        47                  23             0.14682   (       1    1549)
        48                  23             0.14683   (       1    1540)
        49                  23             0.14687   (       1    1548)
        50                  23             0.15021   (       1    1304)
        51                  23             0.16118   (     288     978)
        52                  23             0.16118   (     978    1734)
        53                  23             0.16224   (       1    1041)
        54                  23             0.16224   (       1    1049)
        55                  23             0.16414   (       1    1143)
        56                  23             0.20129   (       1    1405)
        57                  23             0.21019   (     152    1051)
        58                  23             0.21720   (     903    1010)
        59                  23             0.21720   (     155     903)
        60                  23             0.22061   (     903    1418)
        61                  23             0.22101   (     903    1301)
        62                  23             0.22235   (      24    1563)
        63                  23             0.22721   (       8    1563)
        64                  23             0.23665   (       4    1563)
        65                  23             0.23728   (     158     911)
        66                  23             0.29161   (     903    1534)
        67                  24             0.09243   (       1    1403)
        68                  24             0.12071   (       1    1061)
        69                  24             0.12732   (     903     918)
        70                  24             0.12756   (     903    1005)
        71                  24             0.14004   (       1    1419)
        72                  24             0.14165   (     903    1500)
        73                  24             0.15333   (       1    1418)
        74                  24             0.16374   (      40    1734)
        75                  24             0.17811   (      40     554)
        76                  24             0.18037   (     903    1528)
        77                  24             0.18430   (       1    1018)
        78                  24             0.18465   (      57     152)
        79                  24             0.18494   (       1    1384)
        80                  24             0.18596   (     903    1734)
        81                  24             0.19237   (     554     978)
        82                  24             0.19961   (      40    1049)
        83                  24             0.19961   (      40    1041)
        84                  24             0.20342   (     903    1019)
        85                  24             0.20342   (     558     903)
        86                  24             0.21720   (     903    1020)
        87                  24             0.21720   (     297     903)
        88                  24             0.22235   (      14    1840)
        89                  24             0.22235   (      14    1846)
        90                  24             0.22645   (       9    1563)
        91                  24             0.22721   (       7    1563)
        92                  24             0.23152   (      15    1600)
        93                  24             0.23665   (      27    1563)
        94                  24             0.23665   (      30    1563)
        95                  24             0.23665   (       6    1563)
        96                  24             0.23665   (      31    1563)
        97                  24             0.23707   (      35    1563)
        98                  24             0.24034   (       9    1567)
        99                  24             0.24286   (      31    1567)
       100                  24             0.28085   (     903    1698)
