        Rank        RMSE       MaxAE  Feature_ID
           1    5.000460   11.843515  (       1)
           2    5.030331   12.401219  (       2)
           3    5.642431   13.648592  (       3)
           4    5.645012   15.601086  (       4)
           5    5.736242   15.694239  (       5)
           6    5.740019   15.726549  (       6)
           7    5.745944   15.756548  (       7)
           8    5.766138   15.854878  (       8)
           9    5.780551   15.918238  (       9)
          10    5.781678   15.911142  (      10)
          11    5.782892   15.918908  (      11)
          12    5.783524   15.930588  (      12)
          13    5.783793   15.883173  (      13)
          14    5.784566   15.942774  (      14)
          15    5.784718   15.937933  (      15)
          16    5.784857   14.543709  (      16)
          17    5.790581   15.947927  (      17)
          18    5.791117   15.987707  (      18)
          19    5.792253   15.935590  (      19)
          20    5.793310   15.910679  (      20)
          21    5.801241   15.969431  (      21)
          22    5.819904   15.806821  (      22)
          23    5.828303   16.017297  (      23)
          24    5.845467   16.176188  (      24)
          25    5.845665   15.757857  (      25)
          26    5.846822   15.684730  (      26)
          27    5.851750   16.069908  (      27)
          28    5.860154   15.677656  (      28)
          29    5.862093   15.919820  (      29)
          30    5.867021   15.539018  (      30)
          31    5.875451   11.433600  (      31)
          32    5.877097   15.665721  (      32)
          33    5.885126   15.766986  (      33)
          34    5.894754   12.480670  (      34)
          35    5.902345   16.553371  (      35)
          36    5.910443   15.146699  (      36)
          37    5.935041   14.999660  (      37)
          38    5.949706   16.175262  (      38)
          39    5.966263   15.456369  (      39)
          40    5.966833   15.403117  (      40)
          41    5.973233   15.970404  (      41)
          42    5.975715   16.138423  (      42)
          43    5.975783   16.078544  (      43)
          44    5.979581   15.530870  (      44)
          45    5.987168   15.911422  (      45)
          46    5.996768   16.349726  (      46)
          47    6.003257   16.869593  (      47)
          48    6.009597   14.335352  (      48)
          49    6.011654   15.666005  (      49)
          50    6.014957   16.264837  (      50)
          51    6.019102   16.125445  (      51)
          52    6.024455   13.362494  (      52)
          53    6.025792   15.469324  (      53)
          54    6.034003   12.366321  (      54)
          55    6.037264   16.212201  (      55)
          56    6.039706   16.340985  (      56)
          57    6.043131   13.335250  (      57)
          58    6.050436   15.561347  (      58)
          59    6.052119   13.329947  (      59)
          60    6.056898   16.533007  (      60)
          61    6.056939   15.482214  (      61)
          62    6.078910   15.503006  (      62)
          63    6.080537   16.401260  (      63)
          64    6.109245   16.050635  (      64)
          65    6.111704   18.823201  (      65)
          66    6.112681   17.144928  (      66)
          67    6.122695   14.309109  (      67)
          68    6.126417   15.129129  (      68)
          69    6.144834   16.102891  (      69)
          70    6.146548   15.133655  (      70)
          71    6.152435   16.155405  (      71)
          72    6.154629   15.256564  (      72)
          73    6.163090   18.082559  (      73)
          74    6.165784   16.215576  (      74)
          75    6.167969   16.692953  (      75)
          76    6.174143   14.882437  (      76)
          77    6.175036   13.331610  (      77)
          78    6.178643   17.835535  (      78)
          79    6.180683   13.465035  (      79)
          80    6.184489   13.487111  (      80)
          81    6.185859   15.432877  (      81)
          82    6.187072   13.346638  (      82)
          83    6.189755   10.178631  (      83)
          84    6.193394   15.293533  (      84)
          85    6.196621   14.729105  (      85)
          86    6.197738   16.196487  (      86)
          87    6.198463   16.910984  (      87)
          88    6.201707   17.396727  (      88)
          89    6.205618   13.370593  (      89)
          90    6.212272   16.733343  (      90)
          91    6.215009   15.500505  (      91)
          92    6.221370   17.554536  (      92)
          93    6.228524   15.149568  (      93)
          94    6.231299   16.350600  (      94)
          95    6.232418   15.516579  (      95)
          96    6.232660   16.310742  (      96)
          97    6.234593   16.196434  (      97)
          98    6.241469   16.017209  (      98)
          99    6.242245   14.282747  (      99)
         100    6.242519   13.420365  (     100)
