        Rank        RMSE       MaxAE  Feature_ID
           1    2.307685    5.197747  (       2   16359)
           2    2.346036    5.137807  (       2   17834)
           3    2.363972    6.208978  (       1   10024)
           4    2.406223    5.828699  (       1   10016)
           5    2.427109    5.092529  (       2   10264)
           6    2.432683    4.421886  (       2   10427)
           7    2.449628    4.670348  (       1   10427)
           8    2.460158    5.013259  (       2   11681)
           9    2.467066    7.349571  (       1   10518)
          10    2.470540    5.633071  (       1   10704)
          11    2.477432    5.114750  (       2   12964)
          12    2.483212    5.514661  (       1   10013)
          13    2.489121    8.150391  (       1   13303)
          14    2.489184    7.364714  (       1   12568)
          15    2.489197    7.508496  (       1   15002)
          16    2.493124    7.125800  (       1   10312)
          17    2.493390    7.093427  (       1   10226)
          18    2.495887    7.319820  (       1   12192)
          19    2.496565    7.968536  (       1   11735)
          20    2.498374    7.478249  (       1   12282)
          21    2.500973    5.889211  (       1   10008)
          22    2.502047    7.492200  (       1   12367)
          23    2.503448    7.536248  (       1   12086)
          24    2.509512    7.218619  (       1   10753)
          25    2.511501    5.846833  (       1   10007)
          26    2.513791    6.366335  (       1   10229)
          27    2.513813    7.216522  (       1   10796)
          28    2.515616    8.023002  (       1   11222)
          29    2.516071    5.651929  (       1   11983)
          30    2.517194    7.891488  (       1   11618)
          31    2.518742    5.604668  (       2   11849)
          32    2.519077    7.966659  (       1   12032)
          33    2.519137    7.012522  (       1   15473)
          34    2.522370    7.117723  (       1   10625)
          35    2.526463    7.893769  (       1   11119)
          36    2.527409    7.340053  (       1   11135)
          37    2.530943    7.198822  (       1   11683)
          38    2.531761    7.842394  (       1   10641)
          39    2.532032    6.873006  (       1   10011)
          40    2.535090    7.384059  (       1   12093)
          41    2.535286    7.405469  (       1   12298)
          42    2.535381    8.162016  (       1   14917)
          43    2.535530    6.353745  (       1   10006)
          44    2.539324    4.855130  (       1   14706)
          45    2.539371    6.949971  (       1   14710)
          46    2.539394    6.123167  (       1   10046)
          47    2.540155    7.470606  (       1   13167)
          48    2.541234    5.698371  (       1   10248)
          49    2.542790    7.301020  (       1   17237)
          50    2.542898    6.975387  (       1   15482)
          51    2.543830    7.979606  (       1   12539)
          52    2.543884    4.914281  (       1   11701)
          53    2.545061    7.091567  (       1   18014)
          54    2.546453    6.285811  (       1   10005)
          55    2.547774    5.554554  (       1   10131)
          56    2.549337    4.842559  (       1   12328)
          57    2.549838    7.147899  (       1   16800)
          58    2.550994    6.236443  (       1   11611)
          59    2.551739    7.537872  (       1   14660)
          60    2.552633    6.850437  (       1   13165)
          61    2.552638    6.951188  (       1   14708)
          62    2.557206    7.560952  (       1   15377)
          63    2.557252    6.914342  (       1   11478)
          64    2.557453    4.790253  (       2   11559)
          65    2.561346    7.208247  (       1   11257)
          66    2.561908    6.961602  (       1   15826)
          67    2.562445    7.770600  (       1   12585)
          68    2.562572    4.587689  (       1   10264)
          69    2.563604    4.796875  (       1   12828)
          70    2.567056    5.715561  (       2   13075)
          71    2.567620    5.577876  (       2   13642)
          72    2.569454    6.728138  (       1   10466)
          73    2.569853    4.919810  (       1   13017)
          74    2.570575    5.431785  (       1    1831)
          75    2.571687    8.149040  (       1   16230)
          76    2.572767    6.740003  (       1   11330)
          77    2.573530    5.992378  (       1   11258)
          78    2.574054    5.752368  (       1   10012)
          79    2.574059    6.553913  (       1   10520)
          80    2.574393    8.139704  (       1   16211)
          81    2.574519    7.437097  (       1   12385)
          82    2.575868    6.838489  (       1   13508)
          83    2.575877    7.052133  (       1   10822)
          84    2.576142    6.816040  (       1   13182)
          85    2.576582    6.861456  (       1   13955)
          86    2.576658    4.777021  (       1   11176)
          87    2.576785    4.786512  (       1   12572)
          88    2.578554    6.546183  (       1   10525)
          89    2.578812    6.380460  (       1   10009)
          90    2.578910    6.926529  (       1   10044)
          91    2.578983    6.111421  (       1   15000)
          92    2.579138    4.905584  (       1   12691)
          93    2.579348    7.868803  (       1   12500)
          94    2.579352    6.760942  (       1   12476)
          95    2.580722    6.189403  (       1   10032)
          96    2.580931    7.994241  (       1   13659)
          97    2.581202    6.894833  (       1   11320)
          98    2.581264    6.760088  (       1   12505)
          99    2.582183    6.880914  (       1   13371)
         100    2.582732    5.575497  (       1   10031)
