        Rank        RMSE       MaxAE  Feature_ID
           1    4.292330   12.729192  (       1)
           2    4.303772    8.635571  (       2)
           3    4.321856   13.847776  (       3)
           4    4.322643   10.556118  (       4)
           5    4.343706   13.766944  (       5)
           6    4.347650   10.729098  (       6)
           7    4.361462   10.028755  (       7)
           8    4.384217    9.583015  (       8)
           9    4.394016   10.150132  (       9)
          10    4.395244   10.945967  (      10)
          11    4.396438   12.948109  (      11)
          12    4.411831   11.378510  (      12)
          13    4.425117   14.093770  (      13)
          14    4.438389   11.722759  (      14)
          15    4.438592   11.075585  (      15)
          16    4.447332   11.403803  (      16)
          17    4.449657   10.412802  (      17)
          18    4.449716   10.417073  (      18)
          19    4.450427   10.450666  (      19)
          20    4.452952   10.376094  (      20)
          21    4.453152   10.378490  (      21)
          22    4.453208   10.348179  (      22)
          23    4.458009   14.073795  (      23)
          24    4.459900   10.364093  (      24)
          25    4.471801   10.389158  (      25)
          26    4.476493   14.101592  (      26)
          27    4.476588   14.099653  (      27)
          28    4.476882   14.101833  (      28)
          29    4.477344   14.110085  (      29)
          30    4.479474   14.102517  (      30)
          31    4.484142   10.382431  (      31)
          32    4.484175   10.532296  (      32)
          33    4.486859   14.108236  (      33)
          34    4.486997   10.385404  (      34)
          35    4.487849   14.108626  (      35)
          36    4.489873   10.297116  (      36)
          37    4.491951   10.051658  (      37)
          38    4.492769   14.115702  (      38)
          39    4.493529   13.205115  (      39)
          40    4.495785   14.115722  (      40)
          41    4.497589   14.115520  (      41)
          42    4.498040   14.115834  (      42)
          43    4.502318   14.122753  (      43)
          44    4.510153   14.628080  (      44)
          45    4.512274   14.127271  (      45)
          46    4.516068   14.129039  (      46)
          47    4.517846   10.399186  (      47)
          48    4.529197   10.601619  (      48)
          49    4.532252   13.049342  (      49)
          50    4.532443   14.823366  (      50)
          51    4.533003   14.158011  (      51)
          52    4.533150   11.230458  (      52)
          53    4.554978   14.189330  (      53)
          54    4.559092   10.784539  (      54)
          55    4.559470   11.590925  (      55)
          56    4.573487   11.199129  (      56)
          57    4.575737   10.499314  (      57)
          58    4.577772   11.228459  (      58)
          59    4.588160   10.762155  (      59)
          60    4.589227   12.693085  (      60)
          61    4.595274   11.535425  (      61)
          62    4.602139   10.513620  (      62)
          63    4.602467   12.597201  (      63)
          64    4.608639   13.353622  (      64)
          65    4.615836   11.086287  (      65)
          66    4.615966   13.432927  (      66)
          67    4.616594   12.372383  (      67)
          68    4.618806   14.951937  (      68)
          69    4.621903   11.963453  (      69)
          70    4.623315   11.998935  (      70)
          71    4.624227   14.238270  (      71)
          72    4.625292   12.429678  (      72)
          73    4.625526    9.819300  (      73)
          74    4.625737   10.009649  (      74)
          75    4.629036    9.946517  (      75)
          76    4.631316   12.234856  (      76)
          77    4.635400   14.232778  (      77)
          78    4.635624   12.278879  (      78)
          79    4.636674   10.905420  (      79)
          80    4.637138   13.146743  (      80)
          81    4.638816   10.554284  (      81)
          82    4.641174   12.395753  (      82)
          83    4.646120   10.825380  (      83)
          84    4.652650   11.728895  (      84)
          85    4.652652    9.862074  (      85)
          86    4.652972   10.659695  (      86)
          87    4.653393   14.626978  (      87)
          88    4.654917   14.299543  (      88)
          89    4.655495   15.130489  (      89)
          90    4.656288   11.571477  (      90)
          91    4.659048   13.492301  (      91)
          92    4.670696   14.323359  (      92)
          93    4.672413   10.193237  (      93)
          94    4.674891   11.584115  (      94)
          95    4.681158   10.075790  (      95)
          96    4.684008   12.744214  (      96)
          97    4.689179   13.314489  (      97)
          98    4.690074   11.850818  (      98)
          99    4.690268   11.646359  (      99)
         100    4.693219   13.934102  (     100)
