      rank       #data_overlap        size_overlap          feature_ID
         1                  13             0.11880   (      44    1004)
         2                  14             0.09877   (      50    1844)
         3                  14             0.16709   (      44    1345)
         4                  15             0.11466   (      44    1879)
         5                  15             0.17011   (     119    1195)
         6                  15             0.17038   (     233    1195)
         7                  15             0.17745   (      44    1027)
         8                  16             0.08909   (      44    1873)
         9                  16             0.11793   (      44    1195)
        10                  16             0.13287   (     212    1195)
        11                  16             0.13810   (      44    1609)
        12                  16             0.13999   (      44    1001)
        13                  16             0.14974   (      44    1157)
        14                  16             0.15686   (     604    1271)
        15                  16             0.16709   (      44    1159)
        16                  16             0.17011   (     234    1195)
        17                  16             0.17011   (     115    1195)
        18                  16             0.17011   (     118    1195)
        19                  16             0.17011   (     120    1195)
        20                  16             0.17011   (     226    1195)
        21                  16             0.17011   (     227    1195)
        22                  16             0.17011   (     231    1195)
        23                  16             0.17011   (     232    1195)
        24                  16             0.17011   (     236    1195)
        25                  16             0.17011   (      50    1195)
        26                  16             0.17196   (     228    1195)
        27                  16             0.17491   (     230    1195)
        28                  16             0.17579   (     235    1195)
        29                  17             0.06690   (       1    1002)
        30                  17             0.07396   (       3    1004)
        31                  17             0.07941   (       1    1326)
        32                  17             0.07941   (       1    1327)
        33                  17             0.10895   (      44    1034)
        34                  17             0.10985   (      44    1271)
        35                  17             0.10987   (      30    1001)
        36                  17             0.11377   (       2    1001)
        37                  17             0.12324   (      30    1002)
        38                  17             0.13575   (      30    1004)
        39                  17             0.13801   (      44    1817)
        40                  17             0.14128   (      44    1352)
        41                  17             0.15113   (      44    1353)
        42                  17             0.15341   (      44    1158)
        43                  17             0.15513   (      44    1009)
        44                  17             0.15572   (      30    1318)
        45                  17             0.15738   (      44    1161)
        46                  17             0.15761   (       9      94)
        47                  17             0.15761   (       9    1534)
        48                  17             0.16341   (       8     128)
        49                  17             0.16532   (     229    1195)
        50                  17             0.16709   (      44    1341)
        51                  17             0.16709   (      44    1343)
        52                  17             0.16709   (      44    1344)
        53                  17             0.16709   (      44    1347)
        54                  17             0.16709   (      44    1355)
        55                  17             0.16712   (      44    1346)
        56                  17             0.16712   (      44    1340)
        57                  17             0.16752   (      44    1278)
        58                  17             0.16768   (     126    1195)
        59                  17             0.17020   (     431    1195)
        60                  17             0.17357   (      94     212)
        61                  17             0.17745   (      44    1002)
        62                  17             0.17745   (      44    1028)
        63                  17             0.17843   (     432    1195)
        64                  17             0.18705   (     424    1001)
        65                  17             0.19133   (     233    1909)
        66                  17             0.21132   (     212    1310)
        67                  17             0.21772   (      94     233)
        68                  17             0.22170   (     604    1827)
        69                  17             0.22774   (     126    1755)
        70                  17             0.23747   (     604    1722)
        71                  17             0.26559   (     603    1310)
        72                  18             0.13909   (      44    1035)
        73                  18             0.14699   (     210     233)
        74                  18             0.15027   (     120     210)
        75                  18             0.15916   (       5     210)
        76                  18             0.16226   (     118    1844)
        77                  18             0.16660   (     603    1195)
        78                  18             0.16681   (      50    1385)
        79                  18             0.16879   (     233    1844)
        80                  18             0.16929   (      44    1036)
        81                  18             0.16957   (     231    1844)
        82                  18             0.17060   (     211     233)
        83                  18             0.17279   (      44    1882)
        84                  18             0.17369   (     212    1534)
        85                  18             0.17708   (      44    1668)
        86                  18             0.17745   (      44    1029)
        87                  18             0.17745   (      44    1030)
        88                  18             0.17745   (      44    1032)
        89                  18             0.18657   (     126    1844)
        90                  18             0.20589   (      95     233)
        91                  18             0.20591   (      97     233)
        92                  18             0.20662   (     233    1879)
        93                  18             0.20858   (     233    1755)
        94                  18             0.20858   (     212    1755)
        95                  18             0.20858   (     117    1755)
        96                  18             0.20858   (     115    1755)
        97                  18             0.21751   (     117    1879)
        98                  18             0.21800   (     118    1879)
        99                  18             0.21800   (     120    1879)
       100                  18             0.22469   (     234    1755)
