The coordinates (x,y) of 2D-vertices arranged in clockwise direction
Task :    1
Hull    1
   -0.1147000000E+00   -0.1605206306E+00
    0.0000000000E+00    0.0000000000E+00
    0.1081000000E+00    0.4917904643E-01
    0.2777000000E+00    0.4057052596E-01
    0.8047000000E+00   -0.7876459929E-02
    0.9666000000E+00   -0.1823792866E+00
    0.1000000000E+01   -0.9783000000E+00
Hull    2
    0.3153000000E+00   -0.1628366850E-02
    0.3350000000E+00    0.7002871155E-01
    0.3843000000E+00    0.1315047507E+00
    0.1408400000E+01    0.6581029070E-01
    0.1499700000E+01    0.1615711991E-01
    0.1483700000E+01   -0.9089690400E-04
    0.1336100000E+01   -0.4310225932E-01
    0.8142000000E+00   -0.1311741173E+00
