Model_ID, [(c_i,i=0,n)_j,j=1,ntask]
           1    0.3193107952E+02    0.8905368030E+02
           2    0.5472692015E+02    0.8951731239E+02
           3    0.3124304163E+02   -0.1160794263E+03
           4    0.5986576069E+02    0.1179764291E+03
           5    0.1619673970E+03    0.8694457826E+02
           6    0.8055239896E+02    0.1294502415E+03
           7    0.6263383961E+02    0.9901477250E+02
           8    0.3268519680E+02    0.1371186482E+03
           9    0.3514073381E+02    0.9974885777E+02
          10    0.1662710080E+03    0.9051257582E+02
          11    0.1134475221E+02    0.9860365082E+02
          12    0.1907524174E+03    0.1853245810E+03
          13    0.2672342835E+03    0.2418108187E+03
          14    0.2677990084E+03    0.2414686850E+03
          15    0.2023487494E+03   -0.1902409444E+03
          16    0.2690273140E+03    0.2427527646E+03
          17    0.5343843053E+02    0.7949388001E+02
          18    0.1864006249E+03   -0.9709559024E+02
          19    0.4792686200E+02    0.9425688083E+02
          20    0.1963701012E+03    0.1632104014E+03
          21    0.1908246541E+03    0.1836762795E+03
          22    0.2670951194E+03    0.2409515126E+03
          23    0.3600415447E+02    0.1122000990E+03
          24    0.1086594339E+03    0.8427973060E+02
          25    0.2473566714E+03    0.2321413893E+03
          26    0.2277198049E+03    0.1860934390E+03
          27    0.1550113207E+03    0.9644518593E+02
          28    0.2356655429E+03   -0.1959425831E+03
          29    0.1907964231E+03    0.1624416022E+03
          30    0.5722027079E+02   -0.1009585857E+03
          31    0.7987490569E+02   -0.1324761100E+03
          32    0.2274295675E+03   -0.1845838146E+03
          33    0.3026869736E+03    0.3141729809E+03
          34    0.2108214718E+03   -0.8528250757E+02
          35    0.1810707548E+03   -0.1097121113E+03
          36    0.1986459252E+03   -0.1453574513E+03
          37    0.1975965043E+03    0.1168753012E+03
          38    0.9558474571E+02    0.9357382182E+02
          39    0.3028863186E+03    0.3143213056E+03
          40    0.2475539325E+03    0.1038131311E+03
          41    0.2604125126E+03    0.2385617415E+03
          42    0.1399492980E+03    0.1047070403E+03
          43    0.2288332884E+03    0.1280603425E+03
          44    0.1916496673E+03   -0.1465813162E+03
          45    0.2274746773E+03    0.1844569376E+03
          46    0.1910624044E+03    0.1831457095E+03
          47    0.2774626708E+03    0.1221674310E+03
          48    0.2089393457E+03   -0.9489270769E+02
          49    0.2332832524E+03   -0.1378620987E+03
          50    0.1939442987E+03    0.2086715514E+03
          51    0.2538830966E+03    0.1028620151E+03
          52    0.1504248713E+03    0.1681894697E+03
          53    0.3023948723E+03   -0.1301025587E+03
          54    0.2071575365E+03    0.1425509083E+03
          55    0.2332850113E+03    0.1875097923E+03
          56    0.1417857411E+03   -0.1269427954E+03
          57    0.2327131537E+03   -0.1407781444E+03
          58    0.1399802323E+03   -0.1071347869E+03
          59    0.4835661535E+02    0.1076520350E+03
          60    0.6770882183E+02    0.8405024324E+02
          61    0.2995208006E+03   -0.3061024349E+03
          62    0.1414034486E+03    0.8507109881E+02
          63    0.3002219868E+03    0.3073965081E+03
          64    0.2239377773E+03   -0.1368643204E+03
          65    0.1506469999E+03    0.1691115564E+03
          66    0.2938739263E+03    0.3063954156E+03
          67    0.6048798136E+02    0.9807441542E+02
          68    0.1876251571E+03    0.7656665246E+02
          69    0.8191678834E+02    0.1058478682E+03
          70    0.2535196517E+03   -0.1588235508E+03
          71    0.2595782919E+03    0.2389770418E+03
          72    0.1668910766E+03    0.1139785958E+03
          73    0.2610008164E+03    0.2373679560E+03
          74    0.2275647045E+03   -0.1841200511E+03
          75    0.1976937700E+03    0.1744676336E+03
          76    0.2329837813E+03   -0.1857766452E+03
          77    0.2951742408E+03    0.1366244684E+03
          78    0.1527607261E+03    0.7999486068E+02
          79    0.1466690946E+03    0.1309367432E+03
          80    0.2341793077E+03   -0.9553919004E+02
          81    0.1978281786E+03    0.1341585713E+03
          82    0.3006691477E+03    0.3082217771E+03
          83    0.1853193044E+03    0.1849108232E+03
          84    0.1446080938E+03    0.8861253682E+02
          85    0.1914181045E+03    0.1285724992E+03
          86    0.1966238183E+03    0.1453933856E+03
          87    0.1943603432E+03    0.2085254546E+03
          88    0.1853047183E+03    0.1346440696E+03
          89    0.2814995197E+03    0.1900827361E+03
          90    0.1687106822E+03    0.6367579686E+02
          91    0.1298056607E+03    0.1081174807E+03
          92    0.3010228533E+03    0.3084825428E+03
          93    0.2672871370E+03    0.2328766842E+03
          94    0.2672961498E+03    0.2328459433E+03
          95    0.2673938312E+03    0.2325024253E+03
          96    0.6331586383E+02   -0.1155539271E+03
          97    0.1979794075E+03    0.1441646221E+03
          98    0.2180373193E+03   -0.1511269493E+03
          99    0.6560032172E+02    0.1124847728E+03
         100    0.1594024287E+03    0.7165770907E+02
