Model_ID, [(c_i,i=0,n)_j,j=1,ntask]
           1    0.1194494977E+03    0.1468425652E+03   -0.2963007567E+03
           2    0.2376159925E+03    0.1279218215E+03    0.1310104701E+03
           3    0.1257227160E+03    0.1414910685E+03   -0.5601721228E+03
           4    0.2083931391E+03    0.1281593340E+03   -0.1053517703E+03
           5    0.1914122403E+03    0.1246690907E+03    0.1036539104E+03
           6    0.2426916715E+03    0.1263163089E+03    0.1634900874E+03
           7    0.2383178511E+03    0.1545773770E+03    0.3924729556E+04
           8    0.2335481260E+03    0.1276677789E+03    0.1239475722E+03
           9    0.2081422892E+03    0.1157292447E+03   -0.1329094586E+03
          10    0.1206913796E+03    0.1452986093E+03   -0.2820403641E+03
          11    0.1230780665E+03    0.1440843610E+03   -0.2828519167E+03
          12    0.2142587647E+03    0.1146411204E+03   -0.1401520385E+03
          13    0.2257882392E+03    0.1403197700E+03   -0.1300481380E+03
          14    0.2230122220E+03    0.1410190556E+03   -0.1261988050E+03
          15    0.2248272981E+03    0.1402328422E+03   -0.1281126017E+03
          16    0.1220567129E+03    0.1444960900E+03   -0.2835395946E+03
          17    0.1948662335E+03    0.1279646581E+03   -0.8827008090E+02
          18    0.2171322848E+03    0.1100893667E+03    0.1174696301E+03
          19    0.2308226880E+03    0.1261411482E+03    0.1415795590E+03
          20    0.1329952579E+03    0.1034329799E+03   -0.4023675753E+03
          21    0.2118649325E+03    0.1235205563E+03   -0.1066035110E+03
          22    0.1218781880E+03    0.1306433299E+03   -0.4401661119E+03
          23    0.2295768118E+03    0.1381441704E+03   -0.1316961915E+03
          24    0.2345666154E+03    0.1304979975E+03    0.1269455865E+03
          25    0.2412992538E+03    0.1524924126E+03    0.3807794910E+04
          26    0.2084293110E+03    0.1338972004E+03    0.1070536801E+03
          27    0.2027830643E+03    0.1166402710E+03   -0.1262858265E+03
          28    0.2037237817E+03    0.1329998776E+03    0.1051956913E+03
          29    0.1217745263E+03    0.1439037972E+03   -0.2672344250E+03
          30    0.1204038629E+03    0.1290420503E+03   -0.4013320641E+03
          31    0.1222516787E+03    0.1433556755E+03   -0.2612779193E+03
          32    0.2731928751E+03    0.1302184039E+03    0.1633898548E+03
          33    0.1220310330E+03    0.1409935101E+03    0.2576276612E+03
          34    0.1218331422E+03    0.1419595678E+03    0.2442383429E+03
          35    0.1211027529E+03    0.1414285487E+03    0.2593659007E+03
          36    0.2452464823E+03    0.1225518679E+03    0.1401288800E+03
          37    0.1240575299E+03    0.1405284064E+03   -0.5579285224E+03
          38    0.1266820180E+03    0.1425737380E+03   -0.1073988259E+03
          39    0.2447779041E+03    0.1236184479E+03    0.1406226884E+03
          40    0.2303620086E+03    0.1180686568E+03    0.1028798478E+03
          41    0.1266284046E+03    0.1432866044E+03    0.8284830829E+02
          42    0.1277908850E+03    0.1429089835E+03   -0.1247331377E+03
          43    0.1257650876E+03    0.1291906116E+03   -0.3829092824E+03
          44    0.2650139537E+03    0.1144008961E+03    0.1492562688E+03
          45    0.2922758503E+03    0.1365311317E+03    0.1872762629E+03
          46    0.1206851563E+03    0.1403831700E+03    0.6684232441E+03
          47    0.1342357178E+03    0.1344522439E+03   -0.3116539156E+03
          48    0.1270722278E+03    0.1426729026E+03   -0.1812610049E+03
          49    0.1287180653E+03    0.1437007935E+03   -0.7463994376E+02
          50    0.1252930776E+03    0.1392168297E+03   -0.3369411117E+03
          51    0.1212883496E+03    0.1418872983E+03   -0.1299871266E+04
          52    0.1959994864E+03    0.1249170078E+03   -0.9039434609E+02
          53    0.1274558945E+03    0.1436498860E+03   -0.7267889072E+02
          54    0.1268757540E+03    0.1390850669E+03   -0.3479453701E+03
          55    0.1116133579E+03    0.1344539195E+03    0.3582422445E+03
          56    0.1276451312E+03    0.1391490459E+03   -0.3622211130E+03
          57    0.1250555384E+03    0.1433793841E+03   -0.1418276295E+03
          58    0.2275110695E+03    0.1352218161E+03   -0.1352501303E+03
          59    0.1090667438E+03    0.1327887124E+03   -0.3042195310E+03
          60    0.1262833034E+03    0.1403887172E+03   -0.3592597152E+03
          61    0.1282539793E+03    0.1371464428E+03   -0.8005411985E+03
          62    0.1288584717E+03    0.1398260947E+03   -0.3618831107E+03
          63    0.1241064869E+03    0.1406254526E+03   -0.1269479110E+03
          64    0.1271319497E+03    0.1392902458E+03   -0.1701743018E+03
          65    0.1297576613E+03    0.1399425060E+03   -0.3778615500E+03
          66    0.1991831118E+03    0.1354710994E+03   -0.9352862805E+02
          67    0.1995527100E+03    0.1356923629E+03   -0.9337582021E+02
          68    0.1994199462E+03    0.1168919778E+03    0.9348668631E+02
          69    0.1970778410E+03    0.1176201065E+03   -0.1192469438E+03
          70    0.1289404668E+03    0.1398313489E+03   -0.3623483036E+03
          71    0.1163534270E+03    0.1416734775E+03    0.1481559265E+03
          72    0.1295173096E+03    0.1428237365E+03   -0.9871993195E+02
          73    0.1163897432E+03    0.1416137616E+03    0.1475535822E+03
          74    0.1183845038E+03    0.1278611898E+03    0.3183418670E+03
          75    0.2076450075E+03    0.1156408449E+03   -0.1312261507E+03
          76    0.1293831818E+03    0.1396907210E+03   -0.3921452843E+03
          77    0.1936156649E+03    0.1242240475E+03   -0.8440088767E+02
          78    0.1288293838E+03    0.1363377733E+03   -0.2893827122E+03
          79    0.2290232809E+03    0.1270414054E+03    0.1103293790E+03
          80    0.1243581761E+03    0.1428702469E+03    0.2087672744E+03
          81    0.2275881552E+03    0.1352265042E+03   -0.1357132238E+03
          82    0.1284130074E+03    0.1394947820E+03   -0.3724768827E+03
          83    0.1297052197E+03    0.1399795529E+03   -0.4034034071E+03
          84    0.9881531177E+02    0.1241472400E+03   -0.3407427482E+04
          85    0.2920880000E+03    0.8387829329E+02    0.1988565818E+03
          86    0.2403148406E+03    0.1346165572E+03    0.1566870962E+03
          87    0.2040497962E+03    0.1293324506E+03    0.8655496802E+02
          88    0.1968721997E+03    0.1342409114E+03   -0.9378391296E+02
          89    0.1961803610E+03    0.1325006008E+03   -0.9080454051E+02
          90    0.2252219248E+03    0.1296827791E+03    0.1162207452E+03
          91    0.1863973033E+03    0.1317399590E+03   -0.7817997857E+02
          92    0.1256975805E+03    0.1423096820E+03   -0.1328296832E+03
          93    0.1286653181E+03    0.1397219022E+03   -0.3814169405E+03
          94    0.1252252998E+03    0.1396655277E+03   -0.1223790057E+03
          95    0.1274794310E+03    0.1422445179E+03   -0.9198090714E+02
          96    0.1150693701E+03    0.1360642313E+03    0.9644271407E+02
          97    0.2138154234E+03    0.1113320276E+03    0.1217341788E+03
          98    0.1220977808E+03    0.1386353964E+03    0.3815405130E+03
          99    0.1174468901E+03    0.1421568324E+03   -0.3866232677E+03
         100    0.1230522711E+03    0.1270272015E+03   -0.1496003442E+03
