     Index              y_true              y_pred        descriptor_1        descriptor_2
         1    0.9070000000E+02    0.9031853744E+02    0.0000000000E+00    0.0000000000E+00
         2    0.2566500000E+03    0.2394943791E+03   -0.5243000000E+00    0.0000000000E+00
         3    0.8950000000E+02    0.1056617314E+03   -0.1751363300E+00    0.1926600649E+00
         4    0.2490000000E+03    0.2536265714E+03   -0.6516691800E+00    0.1235008975E+00
         5    0.3674300000E+03    0.3387373024E+03   -0.7361672500E+00   -0.2176557846E+00
         6    0.9034100000E+02    0.9915653032E+02   -0.3106240000E-01    0.0000000000E+00
         7    0.1588000000E+03    0.1842454329E+03   -0.4197792000E+00    0.1425109784E+00
         8    0.1743000000E+03    0.1946548469E+03   -0.3667050000E+00    0.0000000000E+00
         9    0.3945000000E+03    0.3459125505E+03   -0.9269489000E+00    0.4550151494E-01
        10    0.4711500000E+03    0.4985987892E+03   -0.1489508420E+01    0.8670324663E-01
        11    0.2990000000E+03    0.2864934734E+03   -0.7544959200E+00    0.1033325843E+00
        12    0.3260000000E+03    0.3281437332E+03   -0.9059363100E+00    0.1113666228E+00
        13    0.3275000000E+03    0.3366384645E+03   -0.9577483500E+00    0.1462650970E+00
        14    0.2480000000E+03    0.2401636127E+03   -0.5447448500E+00    0.2875780600E-01
        15    0.2396000000E+03    0.2135373476E+03   -0.4535258000E+00    0.3251339406E-01
        16    0.2466500000E+03    0.2614606919E+03   -0.5909269500E+00   -0.1681151374E-01
        17    0.2530000000E+03    0.2666511876E+03   -0.6078222800E+00   -0.1895318656E-01
        18    0.2886400000E+03    0.2634599912E+03   -0.6200064600E+00    0.1824050690E-01
        19    0.2744000000E+03    0.2666318818E+03   -0.6498666800E+00    0.4798286207E-01
        20    0.2720000000E+03    0.2725197012E+03   -0.7532238500E+00    0.1793739178E+00
        21    0.3334000000E+03    0.3771169815E+03   -0.1124491740E+01    0.1851685914E+00
        22    0.4780000000E+03    0.4863801386E+03   -0.1173143400E+01   -0.3478901869E+00
        23    0.4920000000E+03    0.4903474639E+03   -0.1447979700E+01    0.6679000647E-01
        24    0.4460000000E+03    0.4259531856E+03   -0.1095122510E+01   -0.1343319900E+00
        25    0.3860000000E+03    0.3575292399E+03   -0.1305865600E+01    0.5828816000E+00
        26    0.3450000000E+03    0.3700560555E+03   -0.1202023540E+01    0.3478480917E+00
        27    0.3990000000E+03    0.4094270285E+03   -0.1187494440E+01    0.1048120907E+00
        28    0.2561000000E+03    0.2509880903E+03   -0.5491941200E+00   -0.2464021560E-01
        29    0.4150000000E+03    0.3731153745E+03   -0.1217160780E+01    0.3548176232E+00
        30    0.2680300000E+03    0.2779286156E+03   -0.6269590800E+00   -0.5153622685E-01
        31    0.1693000000E+03    0.1834337211E+03   -0.3501496200E+00    0.3637159570E-01
        32    0.2634000000E+03    0.2264062832E+03   -0.4783000000E+00    0.0000000000E+00
        33    0.4680000000E+03    0.4621224794E+03   -0.1253137700E+01   -0.8522858876E-01
        34    0.3891500000E+03    0.4207948973E+03   -0.1107533440E+01   -0.8578890000E-01
        35    0.3602000000E+03    0.3364929736E+03   -0.9173764000E+00    0.8290797570E-01
        36    0.2516000000E+03    0.3031417151E+03   -0.8242369600E+00    0.1211797503E+00
