      rank       #data_overlap        size_overlap          feature_ID
         1                   0            -0.07095   (       1)
         2                   0            -0.04727   (       2)
         3                   0            -0.04676   (       3)
         4                   0            -0.04110   (       4)
         5                   0            -0.04060   (       5)
         6                   0            -0.04056   (       6)
         7                   0            -0.04056   (       7)
         8                   0            -0.04056   (       8)
         9                   0            -0.03541   (       9)
        10                   0            -0.03541   (      10)
        11                   0            -0.03541   (      11)
        12                   0            -0.03541   (      12)
        13                   0            -0.03450   (      13)
        14                   0            -0.03189   (      14)
        15                   0            -0.03039   (      15)
        16                   0            -0.03039   (      16)
        17                   0            -0.03039   (      17)
        18                   0            -0.03034   (      18)
        19                   0            -0.02831   (      19)
        20                   0            -0.02831   (      20)
        21                   0            -0.02831   (      21)
        22                   0            -0.02504   (      22)
        23                   0            -0.02461   (      23)
        24                   0            -0.02461   (      24)
        25                   0            -0.02353   (      25)
        26                   0            -0.02110   (      26)
        27                   0            -0.02110   (      27)
        28                   0            -0.02110   (      28)
        29                   0            -0.02098   (      29)
        30                   0            -0.02050   (      30)
        31                   0            -0.01968   (      31)
        32                   0            -0.01950   (      32)
        33                   0            -0.01950   (      33)
        34                   0            -0.01950   (      34)
        35                   0            -0.01950   (      35)
        36                   0            -0.01950   (      36)
        37                   0            -0.01950   (      37)
        38                   0            -0.01950   (      38)
        39                   0            -0.01950   (      39)
        40                   0            -0.01950   (      40)
        41                   0            -0.01950   (      41)
        42                   0            -0.01875   (      42)
        43                   0            -0.01875   (      43)
        44                   0            -0.01726   (      44)
        45                   0            -0.01694   (      45)
        46                   0            -0.01596   (      46)
        47                   0            -0.01592   (      47)
        48                   0            -0.01592   (      48)
        49                   0            -0.01592   (      49)
        50                   0            -0.01592   (      50)
        51                   0            -0.01592   (      51)
        52                   0            -0.01592   (      52)
        53                   0            -0.01592   (      53)
        54                   0            -0.01592   (      54)
        55                   0            -0.01592   (      55)
        56                   0            -0.01592   (      56)
        57                   0            -0.01592   (      57)
        58                   0            -0.01592   (      58)
        59                   0            -0.01592   (      59)
        60                   0            -0.01592   (      60)
        61                   0            -0.01592   (      61)
        62                   0            -0.01592   (      62)
        63                   0            -0.01592   (      63)
        64                   0            -0.01592   (      64)
        65                   0            -0.01592   (      65)
        66                   0            -0.01586   (      66)
        67                   0            -0.01487   (      67)
        68                   0            -0.01477   (      68)
        69                   0            -0.01391   (      69)
        70                   0            -0.01391   (      70)
        71                   0            -0.01391   (      71)
        72                   0            -0.01380   (      72)
        73                   0            -0.01380   (      73)
        74                   0            -0.01354   (      74)
        75                   0            -0.01354   (      75)
        76                   0            -0.01354   (      76)
        77                   0            -0.01354   (      77)
        78                   0            -0.01354   (      78)
        79                   0            -0.01354   (      79)
        80                   0            -0.01354   (      80)
        81                   0            -0.01354   (      81)
        82                   0            -0.01294   (      82)
        83                   0            -0.01259   (      83)
        84                   0            -0.01204   (      84)
        85                   0            -0.00991   (      85)
        86                   0            -0.00991   (      86)
        87                   0            -0.00991   (      87)
        88                   0            -0.00991   (      88)
        89                   0            -0.00991   (      89)
        90                   0            -0.00991   (      90)
        91                   0            -0.00991   (      91)
        92                   0            -0.00977   (      92)
        93                   0            -0.00973   (      93)
        94                   0            -0.00973   (      94)
        95                   0            -0.00973   (      95)
        96                   0            -0.00883   (      96)
        97                   0            -0.00883   (      97)
        98                   0            -0.00883   (      98)
        99                   0            -0.00834   (      99)
       100                   0            -0.00786   (     100)
