Model_ID, [(c_i,i=0,n)_j,j=1,ntask]
           1    0.2609591539E+02   -0.9345930679E+01    0.7449985024E+02
           2    0.2607304317E+02   -0.9337881889E+01   -0.7470647070E+02
           3    0.2565131174E+02   -0.8919268493E+01    0.3799040551E+02
           4    0.2459945327E+02   -0.8409956846E+01    0.2522366076E+02
           5    0.2595412889E+02   -0.9018660128E+01    0.3313400744E+02
           6    0.2601394679E+02   -0.9306216071E+01   -0.3294624979E+02
           7    0.2608405560E+02   -0.9353617284E+01    0.3266053134E+02
           8    0.2608029388E+02   -0.9106216130E+01    0.3357293829E+02
           9    0.2635076871E+02   -0.9252702628E+01    0.2929257539E+02
          10    0.2081102516E+02   -0.1116298250E+02    0.2449388588E+02
          11    0.1893329924E+02   -0.9619070811E+01   -0.1896649416E+02
          12    0.1877231894E+02    0.1014929515E+02    0.5285117925E+02
          13    0.1920261903E+02    0.1074823500E+02   -0.5441046323E+02
          14    0.1936319139E+02    0.1060558474E+02    0.2833804976E+02
          15    0.2702360025E+02   -0.9397486367E+01   -0.7941670831E+02
          16    0.2705029632E+02   -0.9405805920E+01    0.7914397869E+02
          17    0.1892310307E+02    0.1041051778E+02   -0.6887676753E+02
          18    0.1934820294E+02    0.1079258094E+02   -0.3942384068E+02
          19    0.1895311680E+02   -0.1153026200E+02    0.5673964194E+02
          20    0.1932286124E+02    0.1085232591E+02   -0.3907889907E+02
          21    0.1933156489E+02    0.1079029904E+02    0.3938464792E+02
          22    0.1942805045E+02    0.1075296212E+02   -0.3677218899E+02
          23    0.2364222460E+02    0.8217173394E+01   -0.7099920990E+02
          24    0.2651724384E+02   -0.9240487996E+01   -0.2799010755E+02
          25    0.2016422941E+02   -0.1026061893E+02    0.2760903630E+02
          26    0.1915085875E+02    0.9859659492E+01   -0.5502116462E+02
          27    0.1915535193E+02   -0.1201051653E+02    0.1512745507E+02
          28    0.1909540226E+02    0.1052240102E+02    0.3627043626E+02
          29    0.2123991571E+02   -0.1263897817E+02    0.1816502620E+02
          30    0.2199964331E+02   -0.1132540619E+02    0.2619823176E+02
          31    0.1867053830E+02    0.1121779786E+02   -0.4176482855E+02
          32    0.2649603787E+02   -0.8943238593E+01    0.4063286068E+02
          33    0.1605903229E+02    0.1393836670E+02   -0.8688829575E+01
          34    0.1891996627E+02   -0.9873766053E+01   -0.1650376064E+02
          35    0.2682841591E+02   -0.9051580384E+01    0.3553498352E+02
          36    0.1862392496E+02    0.1121808567E+02    0.5220090058E+02
          37    0.2361863137E+02   -0.8555560082E+01   -0.8340781479E+02
          38    0.2577119312E+02   -0.9561200774E+01    0.7823354290E+02
          39    0.2574663111E+02   -0.9552411451E+01   -0.7846501095E+02
          40    0.1929671273E+02    0.1102924960E+02    0.3709986544E+02
          41    0.2650544615E+02   -0.9489307686E+01    0.3431941308E+02
          42    0.1928717144E+02    0.1075842394E+02   -0.3882069597E+02
          43    0.6194256318E+01   -0.1427696147E+02    0.9719267895E+01
          44    0.1540197247E+02    0.1016742212E+02    0.1858090670E+02
          45    0.1900184105E+02   -0.9871954307E+01   -0.1560748000E+02
          46    0.4399152277E+01   -0.1618452374E+02    0.1222157518E+02
          47    0.1593333127E+02   -0.7823162005E+01    0.1358621841E+02
          48    0.6034195709E+01   -0.1454797089E+02    0.9754357147E+01
          49    0.2050451438E+02    0.1280764869E+02    0.3697247569E+02
          50    0.4778555760E+01   -0.1630655946E+02    0.1245754753E+02
          51    0.1893420696E+02    0.1046780942E+02    0.4083603861E+02
          52    0.2530968011E+02   -0.8388255338E+01    0.2683403639E+02
          53    0.2305473421E+02   -0.8562709033E+01    0.5357582558E+02
          54    0.4954882462E+01   -0.1607495257E+02    0.1152121833E+02
          55    0.1869132776E+02   -0.1192071193E+02    0.1204393966E+02
          56    0.2196233200E+02   -0.1234881771E+02    0.6852576172E+02
          57    0.2333358535E+02    0.8527044374E+01    0.6566374046E+02
          58    0.1756792845E+02   -0.1051358581E+02   -0.4785986431E+02
          59    0.1429301786E+02   -0.1535369812E+02   -0.1167849217E+02
          60    0.2194574862E+02   -0.1233890134E+02   -0.6868346153E+02
          61    0.1691177070E+02   -0.1018789323E+02    0.1841438204E+02
          62    0.1940081925E+02    0.1065908498E+02   -0.3723611862E+02
          63    0.4822254379E+01   -0.1618347655E+02    0.1180211587E+02
          64    0.2192268506E+02   -0.1194785670E+02    0.3116855005E+02
          65    0.2092761880E+02   -0.1255203911E+02    0.1276304205E+02
          66    0.2234504613E+02    0.7964896841E+01    0.5089014653E+02
          67    0.2686632514E+02   -0.9453848039E+01    0.3060008153E+02
          68    0.1882786421E+02    0.1127871155E+02    0.4501013967E+02
          69    0.4886741487E+01   -0.1614642003E+02    0.1165483342E+02
          70    0.5854692157E+01   -0.1413084590E+02    0.9645086422E+01
          71    0.4505435567E+01   -0.1619193400E+02    0.1194954657E+02
          72    0.2693443800E+02   -0.9361491945E+01   -0.3526037302E+02
          73    0.2190199942E+02   -0.8299319160E+01    0.5325356134E+02
          74    0.2168688056E+02   -0.1182100526E+02    0.3560268647E+02
          75    0.1736724374E+02   -0.1084489586E+02    0.2731970074E+02
          76    0.1900689825E+02   -0.1249094459E+02    0.3257245661E+02
          77    0.2606016978E+02   -0.9226239279E+01    0.2969730472E+02
          78    0.1736576641E+02   -0.1106647971E+02   -0.3985299265E+02
          79    0.2274072403E+02   -0.8393256795E+01    0.2850304489E+02
          80    0.1756464019E+02   -0.1082754775E+02    0.4345272249E+02
          81    0.2199640816E+02   -0.1206160306E+02    0.3174358280E+02
          82    0.1888488632E+02   -0.1234146503E+02    0.2901217161E+02
          83    0.4963915640E+01   -0.1610999291E+02    0.1145164244E+02
          84    0.2598054584E+02   -0.9736578201E+01    0.3229993472E+02
          85    0.1896491799E+02   -0.9893302903E+01   -0.1526708837E+02
          86    0.1515121668E+02   -0.9925990448E+01    0.1753466818E+02
          87    0.1737480794E+02   -0.1117132744E+02   -0.3941220186E+02
          88    0.2648349446E+02   -0.9853500430E+01   -0.2787597355E+02
          89    0.2272476765E+02   -0.8371697876E+01   -0.5777179547E+02
          90    0.2668570027E+02    0.2589962250E+02    0.6025085789E+02
          91    0.1757135987E+02   -0.1066106835E+02   -0.4682213083E+02
          92    0.1894375305E+02   -0.9928651532E+01   -0.1572259607E+02
          93    0.1748426354E+02   -0.1054546880E+02   -0.4735808936E+02
          94    0.4882174690E+01   -0.1603737191E+02    0.1151083672E+02
          95    0.4702590500E+01   -0.1624611073E+02    0.1194439043E+02
          96    0.1729736898E+02   -0.1152972510E+02    0.3691422242E+02
          97    0.2219510790E+02   -0.1224705714E+02    0.2762604901E+02
          98    0.4247590845E+01   -0.1647025207E+02    0.1085881391E+02
          99    0.2032288476E+02   -0.1235237414E+02   -0.2129921294E+02
         100    0.2802605860E+02    0.2812195188E+02    0.6011070667E+02
