        Rank        RMSE       MaxAE  Feature_ID
           1   32.582515   83.481722  (       1)
           2   32.634291   83.690753  (       2)
           3   33.175301   84.992770  (       3)
           4   33.463157   94.472256  (       4)
           5   33.638446   93.532487  (       5)
           6   33.745072   81.979893  (       6)
           7   33.826763   79.339573  (       7)
           8   33.939080   65.567007  (       8)
           9   34.012242   86.900839  (       9)
          10   34.045371   81.734569  (      10)
          11   34.056304  101.378573  (      11)
          12   34.087477   84.070286  (      12)
          13   34.115574   92.065554  (      13)
          14   34.124097   74.102785  (      14)
          15   34.127256   86.437044  (      15)
          16   34.183807   67.599836  (      16)
          17   34.210436   83.999421  (      17)
          18   34.218714   74.458583  (      18)
          19   34.233065  105.857883  (      19)
          20   34.236769   82.367660  (      20)
          21   34.239806   81.979069  (      21)
          22   34.242268  108.343558  (      22)
          23   34.257310  101.338864  (      23)
          24   34.258358   81.808679  (      24)
          25   34.276304  101.246890  (      25)
          26   34.282475   82.167458  (      26)
          27   34.297284   89.457809  (      27)
          28   34.311550   93.717521  (      28)
          29   34.355369  105.336158  (      29)
          30   34.376208   92.551896  (      30)
          31   34.409355  109.054483  (      31)
          32   34.418507   82.071576  (      32)
          33   34.432975  101.978337  (      33)
          34   34.437725  101.847138  (      34)
          35   34.445675   86.688878  (      35)
          36   34.467011   69.981672  (      36)
          37   34.470968   95.557858  (      37)
          38   34.473872  101.066445  (      38)
          39   34.482093  105.339783  (      39)
          40   34.494502   89.398924  (      40)
          41   34.498189  114.842330  (      41)
          42   34.544795   73.413498  (      42)
          43   34.545703   82.613801  (      43)
          44   34.548176  107.005833  (      44)
          45   34.597324   82.693827  (      45)
          46   34.602247   91.346692  (      46)
          47   34.635674  115.377660  (      47)
          48   34.635956   91.061526  (      48)
          49   34.638899  124.086250  (      49)
          50   34.645261  107.808006  (      50)
          51   34.654997  101.098259  (      51)
          52   34.678251  102.015069  (      52)
          53   34.685433   75.694668  (      53)
          54   34.688730   83.512853  (      54)
          55   34.702358   96.455108  (      55)
          56   34.788482  101.864338  (      56)
          57   34.796097  101.574989  (      57)
          58   34.803962   94.260751  (      58)
          59   34.804789  110.209122  (      59)
          60   34.816430   98.218548  (      60)
          61   34.837008   68.056290  (      61)
          62   34.842853  103.114017  (      62)
          63   34.854729   78.105719  (      63)
          64   34.859846  109.487893  (      64)
          65   34.859960  107.492553  (      65)
          66   34.873431   94.776123  (      66)
          67   34.874091  104.141980  (      67)
          68   34.891592  110.046184  (      68)
          69   34.892170  104.883539  (      69)
          70   34.904934   85.965521  (      70)
          71   34.908644  115.154269  (      71)
          72   34.937617   83.968998  (      72)
          73   34.938351   83.937370  (      74)
          74   34.938353   80.987947  (      73)
          75   34.941273  104.727480  (      75)
          76   34.950779   70.883730  (      76)
          77   34.968808  108.587138  (      77)
          78   34.969250  110.261480  (      78)
          79   34.999788  115.985903  (      79)
          80   35.000614   96.421966  (      80)
          81   35.019011   76.672210  (      81)
          82   35.029762   99.971230  (      82)
          83   35.033299   82.517307  (      83)
          84   35.057712   94.027905  (      84)
          85   35.062036   83.095532  (      85)
          86   35.097486   77.555704  (      86)
          87   35.098993  112.083616  (      87)
          88   35.112888   80.482325  (      88)
          89   35.114000  128.793242  (      89)
          90   35.115815   92.272367  (      90)
          91   35.139609   82.063975  (      91)
          92   35.182251  102.796202  (      92)
          93   35.186906  115.125565  (      93)
          94   35.189010  102.044944  (      94)
          95   35.199181  109.703446  (      95)
          96   35.206256  101.353029  (      96)
          97   35.215294  108.191813  (      97)
          98   35.226417  109.416396  (      98)
          99   35.226657  115.142214  (      99)
         100   35.226968   68.498456  (     100)
